15.00000000	0.00003612	0.00000066
15.05000000	0.00006211	0.00000089
15.10000000	0.00002319	0.00000069
15.15000000	-0.00001884	0.00000075
15.20000000	-0.00006092	0.00000113
15.25000000	-0.00009909	0.00000167
15.30000000	-0.00012943	0.00000182
15.35000000	-0.00014973	0.00000137
15.40000000	-0.00016066	0.00000089
15.45000000	-0.00016093	-0.00000089
15.50000000	-0.00015014	-0.00000075
15.55000000	-0.00012756	-0.00000054
15.60000000	-0.00009638	-0.00000116
15.65000000	-0.00005844	-0.00000036
15.70000000	-0.00001901	-0.00000089
15.75000000	0.00002408	-0.00000173
15.80000000	0.00006393	-0.00000215
15.85000000	0.00009728	-0.00000137
15.90000000	0.00012627	-0.00000176
15.95000000	0.00014484	-0.00000179
16.00000000	0.00015244	-0.00000197
16.05000000	0.00015059	-0.00000265
16.10000000	0.00013569	-0.00000218
16.15000000	0.00011578	-0.00000241
16.20000000	0.00008580	-0.00000188
16.25000000	0.00004914	-0.00000048
16.30000000	0.00001127	0.00000015
16.35000000	-0.00002933	0.00000039
16.40000000	-0.00006741	0.00000039
16.45000000	-0.00010267	0.00000131
16.50000000	-0.00012699	0.00000229
16.55000000	-0.00014690	0.00000212
16.60000000	-0.00015268	0.00000125
16.65000000	-0.00015217	0.00000066
16.70000000	-0.00013912	-0.00000006
16.75000000	-0.00011724	0.00000030
16.80000000	-0.00008556	-0.00000039
16.85000000	-0.00004843	-0.00000036
16.90000000	-0.00000983	-0.00000083
16.95000000	0.00003234	-0.00000170
17.00000000	0.00006998	-0.00000182
17.05000000	0.00010699	-0.00000218
17.10000000	0.00013548	-0.00000182
17.15000000	0.00015563	-0.00000167
17.20000000	0.00016320	-0.00000188
17.25000000	0.00016034	-0.00000224
17.30000000	0.00014693	-0.00000280
17.35000000	0.00012097	-0.00000229
17.40000000	0.00008884	-0.00000063
17.45000000	0.00005129	0.00000066
17.50000000	0.00001031	0.00000060
17.55000000	-0.00003010	0.00000072
17.60000000	-0.00006986	0.00000146
17.65000000	-0.00010467	0.00000241
17.70000000	-0.00013065	0.00000221
17.75000000	-0.00014970	0.00000218
17.80000000	-0.00015789	0.00000241
17.85000000	-0.00015622	0.00000134
17.90000000	-0.00014264	-0.00000027
17.95000000	-0.00011942	-0.00000080
18.00000000	-0.00009057	-0.00000247
18.05000000	-0.00005299	-0.00000221
18.10000000	-0.00001192	-0.00000212
18.15000000	0.00002989	-0.00000283
18.20000000	0.00006807	-0.00000301
18.25000000	0.00010192	-0.00000328
18.30000000	0.00012967	-0.00000361
18.35000000	0.00014705	-0.00000319
18.40000000	0.00015378	-0.00000152
18.45000000	0.00015199	-0.00000161
18.50000000	0.00013956	-0.00000137
18.55000000	0.00011379	-0.00000080
18.60000000	0.00008342	-0.00000039
18.65000000	0.00004601	0.00000066
18.70000000	0.00000736	0.00000051
18.75000000	-0.00003243	0.00000107
18.80000000	-0.00006995	0.00000179
18.85000000	-0.00010210	0.00000212
18.90000000	-0.00012848	0.00000125
18.95000000	-0.00014380	0.00000182
19.00000000	-0.00015175	0.00000057
19.05000000	-0.00015068	0.00000018
19.10000000	-0.00013736	0.00000039
19.15000000	-0.00011426	0.00000039
19.20000000	-0.00008443	-0.00000116
19.25000000	-0.00004870	-0.00000179
19.30000000	-0.00001135	-0.00000262
19.35000000	0.00002727	-0.00000206
19.40000000	0.00006264	-0.00000292
19.45000000	0.00009659	-0.00000289
19.50000000	0.00012106	-0.00000253
19.55000000	0.00013787	-0.00000295
19.60000000	0.00014526	-0.00000277
19.65000000	0.00014189	-0.00000316
19.70000000	0.00013039	-0.00000232
19.75000000	0.00011268	-0.00000173
19.80000000	0.00008547	-0.00000012
19.85000000	0.00005084	0.00000045
19.90000000	0.00001371	0.00000066
19.95000000	-0.00002295	0.00000122
20.00000000	-0.00005835	0.00000110
20.05000000	-0.00008914	0.00000209
20.10000000	-0.00011647	0.00000167
20.15000000	-0.00013334	0.00000200
20.20000000	-0.00014064	0.00000188
20.25000000	-0.00013974	0.00000110
20.30000000	-0.00012910	-0.00000077
20.35000000	-0.00011310	-0.00000104
20.40000000	-0.00008607	-0.00000149
20.45000000	-0.00005469	-0.00000152
20.50000000	-0.00002021	-0.00000247
20.55000000	0.00001746	-0.00000274
20.60000000	0.00005302	-0.00000378
20.65000000	0.00008684	-0.00000373
20.70000000	0.00011292	-0.00000358
20.75000000	0.00013378	-0.00000191
20.80000000	0.00014833	-0.00000235
20.85000000	0.00014997	-0.00000158
20.90000000	0.00014216	-0.00000152
20.95000000	0.00012687	-0.00000259
21.00000000	0.00010130	-0.00000232
21.05000000	0.00006840	-0.00000119
21.10000000	0.00003216	0.00000033
21.15000000	-0.00000566	0.00000092
21.20000000	-0.00004470	0.00000134
21.25000000	-0.00007957	0.00000194
21.30000000	-0.00010890	0.00000146
21.35000000	-0.00013319	0.00000241
21.40000000	-0.00014821	0.00000292
21.45000000	-0.00015193	0.00000247
21.50000000	-0.00014576	0.00000143
21.55000000	-0.00012908	-0.00000045
21.60000000	-0.00010452	-0.00000182
21.65000000	-0.00007507	-0.00000149
21.70000000	-0.00003830	-0.00000247
21.75000000	0.00000015	-0.00000215
21.80000000	0.00003815	-0.00000349
21.85000000	0.00007534	-0.00000364
21.90000000	0.00010771	-0.00000390
21.95000000	0.00012770	-0.00000331
22.00000000	0.00014487	-0.00000238
22.05000000	0.00014550	-0.00000149
22.10000000	0.00013849	-0.00000054
22.15000000	0.00012097	-0.00000060
22.20000000	0.00009462	-0.00000060
22.25000000	0.00005952	0.00000051
22.30000000	0.00001770	0.00000146
22.35000000	-0.00002414	0.00000221
22.40000000	-0.00006366	0.00000095
22.45000000	-0.00009981	0.00000203
22.50000000	-0.00012997	0.00000149
22.55000000	-0.00014827	0.00000066
22.60000000	-0.00015518	0.00000045
22.65000000	-0.00015214	0.00000012
22.70000000	-0.00013700	-0.00000006
22.75000000	-0.00011498	-0.00000024
22.80000000	-0.00007922	-0.00000194
22.85000000	-0.00003949	-0.00000361
22.90000000	0.00000426	-0.00000432
22.95000000	0.00004876	-0.00000378
23.00000000	0.00009009	-0.00000417
23.05000000	0.00012645	-0.00000432
23.10000000	0.00014958	-0.00000420
23.15000000	0.00016934	-0.00000432
23.20000000	0.00017592	-0.00000328
23.25000000	0.00016820	-0.00000197
23.30000000	0.00014868	-0.00000027
23.35000000	0.00011745	0.00000173
23.40000000	0.00007930	0.00000271
23.45000000	0.00003496	0.00000247
23.50000000	-0.00001156	0.00000259
23.55000000	-0.00005761	0.00000319
23.60000000	-0.00010040	0.00000358
23.65000000	-0.00013596	0.00000298
23.70000000	-0.00016066	0.00000280
23.75000000	-0.00017458	0.00000167
23.80000000	-0.00017759	-0.00000060
23.85000000	-0.00016889	-0.00000182
23.90000000	-0.00014615	-0.00000247
23.95000000	-0.00011033	-0.00000244
24.00000000	-0.00007656	-0.00000218
24.05000000	-0.00002840	-0.00000226
24.10000000	0.00001931	-0.00000322
24.15000000	0.00006351	-0.00000364
24.20000000	0.00010604	-0.00000331
24.25000000	0.00014123	-0.00000349
24.30000000	0.00016251	-0.00000176
24.35000000	0.00017628	-0.00000149
24.40000000	0.00017268	-0.00000092
24.45000000	0.00016546	-0.00000137
24.50000000	0.00014254	-0.00000083
24.55000000	0.00010908	-0.00000063
24.60000000	0.00006962	0.00000030
24.65000000	0.00002521	0.00000221
24.70000000	-0.00002119	0.00000215
24.75000000	-0.00006676	0.00000212
24.80000000	-0.00011146	0.00000152
24.85000000	-0.00014103	0.00000083
24.90000000	-0.00016704	0.00000080
24.95000000	-0.00018024	0.00000131
25.00000000	-0.00017971	0.00000116
