15.00000000	-0.00000465	-0.00000197
15.05000000	-0.00001559	-0.00000057
15.10000000	0.00001901	-0.00000459
15.15000000	0.00004730	-0.00000730
15.20000000	0.00007585	-0.00001043
15.25000000	0.00010318	-0.00001222
15.30000000	0.00012732	-0.00001374
15.35000000	0.00014940	-0.00001621
15.40000000	0.00016475	-0.00001812
15.45000000	0.00017724	-0.00001967
15.50000000	0.00018361	-0.00001928
15.55000000	0.00018734	-0.00001809
15.60000000	0.00018793	-0.00001696
15.65000000	0.00017944	-0.00001499
15.70000000	0.00016865	-0.00001353
15.75000000	0.00015092	-0.00001305
15.80000000	0.00012866	-0.00001141
15.85000000	0.00010040	-0.00000909
15.90000000	0.00007281	-0.00000611
15.95000000	0.00004032	-0.00000319
16.00000000	0.00000930	0.00000140
16.05000000	-0.00002328	0.00000370
16.10000000	-0.00005451	0.00000677
16.15000000	-0.00008315	0.00000864
16.20000000	-0.00010729	0.00001159
16.25000000	-0.00013223	0.00001371
16.30000000	-0.00015128	0.00001511
16.35000000	-0.00016594	0.00001544
16.40000000	-0.00017726	0.00001565
16.45000000	-0.00018478	0.00001550
16.50000000	-0.00019047	0.00001466
16.55000000	-0.00018787	0.00001580
16.60000000	-0.00018123	0.00001580
16.65000000	-0.00017050	0.00001600
16.70000000	-0.00015226	0.00001386
16.75000000	-0.00013191	0.00001028
16.80000000	-0.00010666	0.00000745
16.85000000	-0.00007784	0.00000355
16.90000000	-0.00004840	0.00000036
16.95000000	-0.00001693	-0.00000182
17.00000000	0.00001639	-0.00000417
17.05000000	0.00004864	-0.00000697
17.10000000	0.00007844	-0.00000927
17.15000000	0.00010496	-0.00001189
17.20000000	0.00012869	-0.00001395
17.25000000	0.00014910	-0.00001496
17.30000000	0.00016752	-0.00001597
17.35000000	0.00018034	-0.00001737
17.40000000	0.00018934	-0.00001797
17.45000000	0.00019333	-0.00002009
17.50000000	0.00019416	-0.00002041
17.55000000	0.00018925	-0.00001961
17.60000000	0.00017843	-0.00001696
17.65000000	0.00016305	-0.00001407
17.70000000	0.00014317	-0.00001061
17.75000000	0.00011733	-0.00000843
17.80000000	0.00008825	-0.00000525
17.85000000	0.00005567	-0.00000274
17.90000000	0.00002319	-0.00000110
17.95000000	-0.00001073	0.00000218
18.00000000	-0.00004029	0.00000528
18.05000000	-0.00006965	0.00000823
18.10000000	-0.00009626	0.00001034
18.15000000	-0.00011793	0.00001183
18.20000000	-0.00013784	0.00001246
18.25000000	-0.00015324	0.00001413
18.30000000	-0.00016689	0.00001502
18.35000000	-0.00017521	0.00001609
18.40000000	-0.00018034	0.00001615
18.45000000	-0.00018180	0.00001761
18.50000000	-0.00017771	0.00001654
18.55000000	-0.00016916	0.00001356
18.60000000	-0.00015757	0.00001186
18.65000000	-0.00014264	0.00000918
18.70000000	-0.00012165	0.00000751
18.75000000	-0.00009707	0.00000587
18.80000000	-0.00007179	0.00000438
18.85000000	-0.00004417	0.00000271
18.90000000	-0.00001666	-0.00000024
18.95000000	0.00001159	-0.00000432
19.00000000	0.00003788	-0.00000572
19.05000000	0.00006366	-0.00000760
19.10000000	0.00008699	-0.00000978
19.15000000	0.00010657	-0.00001118
19.20000000	0.00012341	-0.00001252
19.25000000	0.00013882	-0.00001425
19.30000000	0.00015014	-0.00001630
19.35000000	0.00015834	-0.00001723
19.40000000	0.00016552	-0.00001684
19.45000000	0.00016877	-0.00001612
19.50000000	0.00016755	-0.00001425
19.55000000	0.00016144	-0.00001243
19.60000000	0.00014982	-0.00001192
19.65000000	0.00013632	-0.00001097
19.70000000	0.00011623	-0.00000921
19.75000000	0.00009453	-0.00000802
19.80000000	0.00007111	-0.00000668
19.85000000	0.00004658	-0.00000343
19.90000000	0.00002116	-0.00000036
19.95000000	-0.00000352	0.00000206
20.00000000	-0.00002736	0.00000390
20.05000000	-0.00005090	0.00000486
20.10000000	-0.00007150	0.00000665
20.15000000	-0.00009266	0.00000826
20.20000000	-0.00011042	0.00001058
20.25000000	-0.00012690	0.00001228
20.30000000	-0.00013956	0.00001249
20.35000000	-0.00015044	0.00001282
20.40000000	-0.00015867	0.00001201
20.45000000	-0.00016236	0.00001204
20.50000000	-0.00016156	0.00001201
20.55000000	-0.00015819	0.00001135
20.60000000	-0.00014988	0.00001132
20.65000000	-0.00013465	0.00001049
20.70000000	-0.00011626	0.00000903
20.75000000	-0.00009513	0.00000632
20.80000000	-0.00006965	0.00000298
20.85000000	-0.00004351	0.00000095
20.90000000	-0.00001463	-0.00000173
20.95000000	0.00001413	-0.00000399
21.00000000	0.00004175	-0.00000563
21.05000000	0.00006703	-0.00000790
21.10000000	0.00009063	-0.00001007
21.15000000	0.00011224	-0.00001135
21.20000000	0.00013095	-0.00001165
21.25000000	0.00014386	-0.00001106
21.30000000	0.00015372	-0.00001273
21.35000000	0.00015873	-0.00001380
21.40000000	0.00016064	-0.00001442
21.45000000	0.00015914	-0.00001481
21.50000000	0.00015053	-0.00001404
21.55000000	0.00013775	-0.00001192
21.60000000	0.00012171	-0.00000909
21.65000000	0.00010207	-0.00000629
21.70000000	0.00008062	-0.00000471
21.75000000	0.00005624	-0.00000429
21.80000000	0.00003153	-0.00000158
21.85000000	0.00000423	0.00000036
21.90000000	-0.00002149	0.00000221
21.95000000	-0.00004470	0.00000414
22.00000000	-0.00006819	0.00000498
22.05000000	-0.00008848	0.00000626
22.10000000	-0.00010550	0.00000757
22.15000000	-0.00011975	0.00000954
22.20000000	-0.00013250	0.00001073
22.25000000	-0.00014174	0.00001296
22.30000000	-0.00014669	0.00001261
22.35000000	-0.00014919	0.00001192
22.40000000	-0.00014848	0.00001046
22.45000000	-0.00014341	0.00000963
22.50000000	-0.00013500	0.00000924
22.55000000	-0.00012276	0.00000906
22.60000000	-0.00010562	0.00000811
22.65000000	-0.00008577	0.00000763
22.70000000	-0.00006199	0.00000459
22.75000000	-0.00003800	0.00000235
22.80000000	-0.00001052	-0.00000054
22.85000000	0.00001761	-0.00000301
22.90000000	0.00004384	-0.00000495
22.95000000	0.00006905	-0.00000751
23.00000000	0.00009158	-0.00001010
23.05000000	0.00011212	-0.00001279
23.10000000	0.00012976	-0.00001365
23.15000000	0.00014296	-0.00001445
23.20000000	0.00015241	-0.00001517
23.25000000	0.00015766	-0.00001377
23.30000000	0.00016034	-0.00001359
23.35000000	0.00015768	-0.00001404
23.40000000	0.00015035	-0.00001353
23.45000000	0.00013724	-0.00001401
23.50000000	0.00012016	-0.00001195
23.55000000	0.00010008	-0.00000927
23.60000000	0.00007960	-0.00000629
23.65000000	0.00005475	-0.00000435
23.70000000	0.00002992	-0.00000274
23.75000000	0.00000274	0.00000003
23.80000000	-0.00002438	0.00000221
23.85000000	-0.00004962	0.00000495
23.90000000	-0.00007361	0.00000757
23.95000000	-0.00009450	0.00000861
24.00000000	-0.00011367	0.00000894
24.05000000	-0.00012991	0.00001019
24.10000000	-0.00014219	0.00001124
24.15000000	-0.00014955	0.00001171
24.20000000	-0.00015345	0.00001329
24.25000000	-0.00015390	0.00001445
24.30000000	-0.00014931	0.00001338
24.35000000	-0.00014135	0.00001130
24.40000000	-0.00012970	0.00001007
24.45000000	-0.00011334	0.00000855
24.50000000	-0.00009331	0.00000644
24.55000000	-0.00007093	0.00000459
24.60000000	-0.00004703	0.00000250
24.65000000	-0.00002047	0.00000045
24.70000000	0.00000778	-0.00000229
24.75000000	0.00003478	-0.00000492
24.80000000	0.00006071	-0.00000674
24.85000000	0.00008506	-0.00000864
24.90000000	0.00010774	-0.00001124
24.95000000	0.00012678	-0.00001293
25.00000000	0.00014216	-0.00001490
