15.00000000	0.00001964	-0.00000167
15.05000000	-0.00000152	-0.00000137
15.10000000	-0.00000307	-0.00000045
15.15000000	-0.00000307	-0.00000045
15.20000000	-0.00000376	-0.00000045
15.25000000	-0.00000444	-0.00000095
15.30000000	-0.00000486	-0.00000075
15.35000000	-0.00000423	-0.00000024
15.40000000	-0.00000331	-0.00000098
15.45000000	-0.00000304	-0.00000072
15.50000000	-0.00000304	-0.00000083
15.55000000	-0.00000143	-0.00000104
15.60000000	-0.00000075	-0.00000125
15.65000000	0.00000033	-0.00000089
15.70000000	0.00000152	-0.00000140
15.75000000	0.00000325	-0.00000182
15.80000000	0.00000429	-0.00000060
15.85000000	0.00000677	-0.00000110
15.90000000	0.00000766	-0.00000256
15.95000000	0.00000870	-0.00000182
16.00000000	0.00001034	-0.00000152
16.05000000	0.00001144	-0.00000107
16.10000000	0.00001127	-0.00000075
16.15000000	0.00001094	-0.00000101
16.20000000	0.00000924	-0.00000131
16.25000000	0.00000709	-0.00000131
16.30000000	0.00000215	-0.00000066
16.35000000	-0.00000289	-0.00000107
16.40000000	-0.00001025	0.00000089
16.45000000	-0.00001943	0.00000152
16.50000000	-0.00002730	0.00000113
16.55000000	-0.00003499	0.00000066
16.60000000	-0.00004083	0.00000072
16.65000000	-0.00004613	0.00000146
16.70000000	-0.00004825	0.00000215
16.75000000	-0.00004560	0.00000173
16.80000000	-0.00003818	0.00000080
16.85000000	-0.00002840	0.00000051
16.90000000	-0.00001529	-0.00000063
16.95000000	0.00000256	-0.00000232
17.00000000	0.00002193	-0.00000364
17.05000000	0.00004235	-0.00000390
17.10000000	0.00006193	-0.00000638
17.15000000	0.00008044	-0.00000694
17.20000000	0.00009587	-0.00000787
17.25000000	0.00010613	-0.00000861
17.30000000	0.00011042	-0.00000837
17.35000000	0.00011066	-0.00000742
17.40000000	0.00010467	-0.00000602
17.45000000	0.00009352	-0.00000542
17.50000000	0.00007549	-0.00000387
17.55000000	0.00005132	-0.00000232
17.60000000	0.00002342	-0.00000045
17.65000000	-0.00000864	0.00000173
17.70000000	-0.00004339	0.00000417
17.75000000	-0.00007579	0.00000650
17.80000000	-0.00010619	0.00000799
17.85000000	-0.00013533	0.00000867
17.90000000	-0.00015700	0.00000918
17.95000000	-0.00017318	0.00001055
18.00000000	-0.00018039	0.00001067
18.05000000	-0.00017706	0.00001106
18.10000000	-0.00016603	0.00001103
18.15000000	-0.00014705	0.00000837
18.20000000	-0.00011855	0.00000560
18.25000000	-0.00008574	0.00000304
18.30000000	-0.00004831	-0.00000131
18.35000000	-0.00000849	-0.00000349
18.40000000	0.00003174	-0.00000539
18.45000000	0.00007168	-0.00000852
18.50000000	0.00010538	-0.00001073
18.55000000	0.00013930	-0.00001228
18.60000000	0.00016490	-0.00001398
18.65000000	0.00018281	-0.00001404
18.70000000	0.00019249	-0.00001171
18.75000000	0.00019294	-0.00001150
18.80000000	0.00018564	-0.00001028
18.85000000	0.00017107	-0.00000897
18.90000000	0.00014910	-0.00000754
18.95000000	0.00012302	-0.00000697
19.00000000	0.00009194	-0.00000444
19.05000000	0.00005701	-0.00000247
19.10000000	0.00002244	0.00000128
19.15000000	-0.00001174	0.00000322
19.20000000	-0.00005057	0.00000396
19.25000000	-0.00007841	0.00000560
19.30000000	-0.00011003	0.00000647
19.35000000	-0.00013050	0.00000834
19.40000000	-0.00015071	0.00000989
19.45000000	-0.00016281	0.00000826
19.50000000	-0.00016943	0.00000855
19.55000000	-0.00016925	0.00000677
19.60000000	-0.00016287	0.00000498
19.65000000	-0.00015330	0.00000510
19.70000000	-0.00013819	0.00000414
19.75000000	-0.00011814	0.00000387
19.80000000	-0.00009775	0.00000262
19.85000000	-0.00007343	0.00000235
19.90000000	-0.00004444	0.00000027
19.95000000	-0.00001609	-0.00000140
20.00000000	0.00001585	-0.00000218
20.05000000	0.00004789	-0.00000352
20.10000000	0.00007978	-0.00000408
20.15000000	0.00010854	-0.00000575
20.20000000	0.00013575	-0.00000730
20.25000000	0.00015730	-0.00000852
20.30000000	0.00017262	-0.00000915
20.35000000	0.00017983	-0.00001022
20.40000000	0.00017974	-0.00000885
20.45000000	0.00017306	-0.00000656
20.50000000	0.00015900	-0.00000572
20.55000000	0.00013769	-0.00000599
20.60000000	0.00011259	-0.00000528
20.65000000	0.00007913	-0.00000402
20.70000000	0.00005049	-0.00000328
20.75000000	0.00001645	-0.00000218
20.80000000	-0.00001729	-0.00000057
20.85000000	-0.00004962	0.00000170
20.90000000	-0.00008336	0.00000173
20.95000000	-0.00011292	0.00000235
21.00000000	-0.00013900	0.00000459
21.05000000	-0.00016066	0.00000599
21.10000000	-0.00017646	0.00000775
21.15000000	-0.00018332	0.00000858
21.20000000	-0.00018093	0.00000867
21.25000000	-0.00017270	0.00000790
21.30000000	-0.00015545	0.00000557
21.35000000	-0.00012967	0.00000429
21.40000000	-0.00010344	0.00000355
21.45000000	-0.00007114	0.00000301
21.50000000	-0.00003547	0.00000155
21.55000000	0.00000107	-0.00000024
21.60000000	0.00003564	-0.00000259
21.65000000	0.00007224	-0.00000405
21.70000000	0.00010267	-0.00000417
21.75000000	0.00012756	-0.00000569
21.80000000	0.00014958	-0.00000635
21.85000000	0.00016612	-0.00000751
21.90000000	0.00017569	-0.00000939
21.95000000	0.00017819	-0.00000995
22.00000000	0.00017250	-0.00001010
22.05000000	0.00016210	-0.00001037
22.10000000	0.00014266	-0.00000751
22.15000000	0.00011924	-0.00000566
22.20000000	0.00008991	-0.00000402
22.25000000	0.00005937	-0.00000316
22.30000000	0.00002441	-0.00000215
22.35000000	-0.00001174	-0.00000080
22.40000000	-0.00004855	0.00000122
22.45000000	-0.00008261	0.00000343
22.50000000	-0.00011483	0.00000471
22.55000000	-0.00014249	0.00000569
22.60000000	-0.00016281	0.00000498
22.65000000	-0.00017992	0.00000620
22.70000000	-0.00018782	0.00000629
22.75000000	-0.00018913	0.00000766
22.80000000	-0.00018090	0.00000823
22.85000000	-0.00016388	0.00000834
22.90000000	-0.00014094	0.00000727
22.95000000	-0.00011179	0.00000539
23.00000000	-0.00007954	0.00000381
23.05000000	-0.00004321	0.00000137
23.10000000	-0.00000292	0.00000003
23.15000000	0.00003120	-0.00000182
23.20000000	0.00006706	-0.00000343
23.25000000	0.00010017	-0.00000477
23.30000000	0.00012958	-0.00000709
23.35000000	0.00015348	-0.00000852
23.40000000	0.00017262	-0.00000966
23.45000000	0.00018582	-0.00000978
23.50000000	0.00019142	-0.00000855
23.55000000	0.00018847	-0.00000808
23.60000000	0.00017801	-0.00000903
23.65000000	0.00015897	-0.00000742
23.70000000	0.00013292	-0.00000778
23.75000000	0.00010252	-0.00000668
23.80000000	0.00006667	-0.00000489
23.85000000	0.00002980	-0.00000277
23.90000000	-0.00000623	-0.00000018
23.95000000	-0.00004247	0.00000060
24.00000000	-0.00007540	0.00000188
24.05000000	-0.00010765	0.00000346
24.10000000	-0.00012750	0.00000423
24.15000000	-0.00014901	0.00000602
24.20000000	-0.00016394	0.00000799
24.25000000	-0.00017366	0.00000799
24.30000000	-0.00017735	0.00000831
24.35000000	-0.00017515	0.00000754
24.40000000	-0.00016561	0.00000629
24.45000000	-0.00015131	0.00000545
24.50000000	-0.00012744	0.00000483
24.55000000	-0.00009978	0.00000414
24.60000000	-0.00006712	0.00000447
24.65000000	-0.00003204	0.00000250
24.70000000	0.00000462	0.00000060
24.75000000	0.00004050	-0.00000137
24.80000000	0.00007400	-0.00000316
24.85000000	0.00010586	-0.00000450
24.90000000	0.00013185	-0.00000542
24.95000000	0.00015450	-0.00000554
25.00000000	0.00016743	-0.00000775
