15.00000000	0.00001842	-0.00000149
15.05000000	-0.00000152	-0.00000083
15.10000000	-0.00000170	-0.00000107
15.15000000	-0.00000295	-0.00000024
15.20000000	-0.00000364	-0.00000069
15.25000000	-0.00000426	-0.00000054
15.30000000	-0.00000426	-0.00000042
15.35000000	-0.00000444	-0.00000095
15.40000000	-0.00000355	-0.00000033
15.45000000	-0.00000316	0.00000003
15.50000000	-0.00000235	-0.00000104
15.55000000	-0.00000229	-0.00000077
15.60000000	-0.00000125	-0.00000054
15.65000000	-0.00000018	-0.00000095
15.70000000	0.00000110	-0.00000098
15.75000000	0.00000256	-0.00000066
15.80000000	0.00000411	-0.00000155
15.85000000	0.00000590	-0.00000140
15.90000000	0.00000685	-0.00000101
15.95000000	0.00000930	-0.00000116
16.00000000	0.00001049	-0.00000146
16.05000000	0.00001127	-0.00000188
16.10000000	0.00001180	-0.00000095
16.15000000	0.00001118	-0.00000077
16.20000000	0.00000948	-0.00000054
16.25000000	0.00000697	-0.00000048
16.30000000	0.00000203	-0.00000060
16.35000000	-0.00000274	0.00000066
16.40000000	-0.00001031	0.00000045
16.45000000	-0.00001845	0.00000089
16.50000000	-0.00002617	0.00000164
16.55000000	-0.00003469	0.00000095
16.60000000	-0.00004092	0.00000149
16.65000000	-0.00004643	0.00000122
16.70000000	-0.00004783	0.00000122
16.75000000	-0.00004581	0.00000137
16.80000000	-0.00003982	0.00000158
16.85000000	-0.00002864	0.00000089
16.90000000	-0.00001529	-0.00000042
16.95000000	0.00000197	-0.00000191
17.00000000	0.00002164	-0.00000346
17.05000000	0.00004214	-0.00000423
17.10000000	0.00006133	-0.00000501
17.15000000	0.00007886	-0.00000587
17.20000000	0.00009412	-0.00000721
17.25000000	0.00010547	-0.00000837
17.30000000	0.00011027	-0.00000879
17.35000000	0.00011087	-0.00000820
17.40000000	0.00010586	-0.00000635
17.45000000	0.00009295	-0.00000471
17.50000000	0.00007463	-0.00000262
17.55000000	0.00005162	-0.00000176
17.60000000	0.00002393	0.00000030
17.65000000	-0.00000739	0.00000191
17.70000000	-0.00004128	0.00000432
17.75000000	-0.00007552	0.00000679
17.80000000	-0.00010619	0.00000888
17.85000000	-0.00013378	0.00000948
17.90000000	-0.00015676	0.00001031
17.95000000	-0.00017187	0.00001007
18.00000000	-0.00017926	0.00001076
18.05000000	-0.00017712	0.00001031
18.10000000	-0.00016645	0.00000981
18.15000000	-0.00014764	0.00000820
18.20000000	-0.00011957	0.00000581
18.25000000	-0.00008670	0.00000307
18.30000000	-0.00004977	0.00000039
18.35000000	-0.00000834	-0.00000331
18.40000000	0.00003138	-0.00000539
18.45000000	0.00007120	-0.00000766
18.50000000	0.00010791	-0.00000933
18.55000000	0.00014022	-0.00001112
18.60000000	0.00016609	-0.00001380
18.65000000	0.00018332	-0.00001416
18.70000000	0.00019297	-0.00001445
18.75000000	0.00019345	-0.00001165
18.80000000	0.00018609	-0.00001019
18.85000000	0.00017110	-0.00000793
18.90000000	0.00014883	-0.00000697
18.95000000	0.00012216	-0.00000623
19.00000000	0.00009209	-0.00000435
19.05000000	0.00005826	-0.00000215
19.10000000	0.00002408	0.00000024
19.15000000	-0.00001132	0.00000250
19.20000000	-0.00004485	0.00000390
19.25000000	-0.00007787	0.00000551
19.30000000	-0.00010589	0.00000682
19.35000000	-0.00013003	0.00000802
19.40000000	-0.00014907	0.00000864
19.45000000	-0.00016165	0.00000921
19.50000000	-0.00016809	0.00001001
19.55000000	-0.00016940	0.00000763
19.60000000	-0.00016374	0.00000620
19.65000000	-0.00015211	0.00000465
19.70000000	-0.00013691	0.00000376
19.75000000	-0.00011945	0.00000325
19.80000000	-0.00009772	0.00000250
19.85000000	-0.00007361	0.00000185
19.90000000	-0.00004557	0.00000092
19.95000000	-0.00001603	-0.00000069
20.00000000	0.00001529	-0.00000215
20.05000000	0.00004792	-0.00000364
20.10000000	0.00007930	-0.00000432
20.15000000	0.00010896	-0.00000513
20.20000000	0.00013572	-0.00000715
20.25000000	0.00015810	-0.00000837
20.30000000	0.00017393	-0.00001010
20.35000000	0.00018147	-0.00001025
20.40000000	0.00017992	-0.00000963
20.45000000	0.00017330	-0.00000796
20.50000000	0.00015807	-0.00000608
20.55000000	0.00013727	-0.00000584
20.60000000	0.00011104	-0.00000426
20.65000000	0.00008136	-0.00000393
20.70000000	0.00004929	-0.00000280
20.75000000	0.00001541	-0.00000134
20.80000000	-0.00001791	0.00000006
20.85000000	-0.00005183	0.00000185
20.90000000	-0.00008458	0.00000334
20.95000000	-0.00011450	0.00000277
21.00000000	-0.00014058	0.00000459
21.05000000	-0.00016135	0.00000542
21.10000000	-0.00017458	0.00000587
21.15000000	-0.00018266	0.00000811
21.20000000	-0.00018093	0.00000915
21.25000000	-0.00017274	0.00000891
21.30000000	-0.00015795	0.00000775
21.35000000	-0.00013238	0.00000483
21.40000000	-0.00010428	0.00000343
21.45000000	-0.00007084	0.00000200
21.50000000	-0.00003359	0.00000072
21.55000000	0.00000095	-0.00000072
21.60000000	0.00003752	-0.00000224
21.65000000	0.00007132	-0.00000390
21.70000000	0.00010163	-0.00000608
21.75000000	0.00012809	-0.00000718
21.80000000	0.00015053	-0.00000781
21.85000000	0.00016666	-0.00000638
21.90000000	0.00017518	-0.00000685
21.95000000	0.00017896	-0.00000700
22.00000000	0.00017372	-0.00000808
22.05000000	0.00016102	-0.00000897
22.10000000	0.00014287	-0.00000814
22.15000000	0.00011799	-0.00000647
22.20000000	0.00008982	-0.00000528
22.25000000	0.00005734	-0.00000337
22.30000000	0.00002122	-0.00000229
22.35000000	-0.00001347	-0.00000006
22.40000000	-0.00004944	0.00000116
22.45000000	-0.00008377	0.00000259
22.50000000	-0.00011465	0.00000563
22.55000000	-0.00014150	0.00000718
22.60000000	-0.00016400	0.00000799
22.65000000	-0.00017783	0.00000846
22.70000000	-0.00018773	0.00000805
22.75000000	-0.00018871	0.00000641
22.80000000	-0.00018075	0.00000644
22.85000000	-0.00016457	0.00000641
22.90000000	-0.00014195	0.00000656
22.95000000	-0.00011480	0.00000587
23.00000000	-0.00008071	0.00000399
23.05000000	-0.00004414	0.00000221
23.10000000	-0.00000763	-0.00000039
23.15000000	0.00003281	-0.00000167
23.20000000	0.00006512	-0.00000295
23.25000000	0.00009966	-0.00000483
23.30000000	0.00013000	-0.00000679
23.35000000	0.00015399	-0.00000793
23.40000000	0.00017145	-0.00000826
23.45000000	0.00018552	-0.00001037
23.50000000	0.00019160	-0.00001079
23.55000000	0.00018767	-0.00000900
23.60000000	0.00017762	-0.00000840
23.65000000	0.00015944	-0.00000736
23.70000000	0.00013340	-0.00000617
23.75000000	0.00010046	-0.00000551
23.80000000	0.00006682	-0.00000429
23.85000000	0.00002983	-0.00000280
23.90000000	-0.00000638	-0.00000107
23.95000000	-0.00004220	0.00000131
24.00000000	-0.00007591	0.00000256
24.05000000	-0.00010806	0.00000396
24.10000000	-0.00012797	0.00000474
24.15000000	-0.00014872	0.00000498
24.20000000	-0.00016433	0.00000545
24.25000000	-0.00017422	0.00000644
24.30000000	-0.00017721	0.00000724
24.35000000	-0.00017586	0.00000787
24.40000000	-0.00016719	0.00000873
24.45000000	-0.00015149	0.00000879
24.50000000	-0.00012848	0.00000700
24.55000000	-0.00010136	0.00000545
24.60000000	-0.00006908	0.00000346
24.65000000	-0.00003284	0.00000134
24.70000000	0.00000343	-0.00000006
24.75000000	0.00003961	-0.00000083
24.80000000	0.00007561	-0.00000411
24.85000000	0.00010362	-0.00000495
24.90000000	0.00013062	-0.00000724
24.95000000	0.00015375	-0.00000858
25.00000000	0.00016773	-0.00000882
