15.00000000	-0.00000319	-0.00000307
15.05000000	-0.00001401	-0.00000194
15.10000000	0.00001764	-0.00000539
15.15000000	0.00004891	-0.00000837
15.20000000	0.00007772	-0.00001010
15.25000000	0.00010496	-0.00001177
15.30000000	0.00012800	-0.00001413
15.35000000	0.00014797	-0.00001636
15.40000000	0.00016397	-0.00001821
15.45000000	0.00017446	-0.00001895
15.50000000	0.00018370	-0.00001928
15.55000000	0.00018871	-0.00001851
15.60000000	0.00018737	-0.00001672
15.65000000	0.00018004	-0.00001514
15.70000000	0.00016719	-0.00001398
15.75000000	0.00015074	-0.00001243
15.80000000	0.00012782	-0.00001118
15.85000000	0.00010184	-0.00000924
15.90000000	0.00007156	-0.00000632
15.95000000	0.00003958	-0.00000235
16.00000000	0.00000837	0.00000101
16.05000000	-0.00002277	0.00000387
16.10000000	-0.00005248	0.00000682
16.15000000	-0.00008082	0.00000876
16.20000000	-0.00010806	0.00001130
16.25000000	-0.00013137	0.00001329
16.30000000	-0.00014955	0.00001451
16.35000000	-0.00016528	0.00001669
16.40000000	-0.00017905	0.00001633
16.45000000	-0.00018621	0.00001609
16.50000000	-0.00018835	0.00001496
16.55000000	-0.00018767	0.00001475
16.60000000	-0.00018257	0.00001511
16.65000000	-0.00016853	0.00001460
16.70000000	-0.00015378	0.00001314
16.75000000	-0.00013247	0.00001112
16.80000000	-0.00010663	0.00000831
16.85000000	-0.00007725	0.00000378
16.90000000	-0.00004900	0.00000086
16.95000000	-0.00001705	-0.00000164
17.00000000	0.00001538	-0.00000465
17.05000000	0.00004804	-0.00000724
17.10000000	0.00007707	-0.00000963
17.15000000	0.00010398	-0.00001279
17.20000000	0.00012687	-0.00001451
17.25000000	0.00014639	-0.00001594
17.30000000	0.00016415	-0.00001627
17.35000000	0.00017908	-0.00001639
17.40000000	0.00018749	-0.00001791
17.45000000	0.00019205	-0.00001872
17.50000000	0.00019336	-0.00001958
17.55000000	0.00018636	-0.00001937
17.60000000	0.00017756	-0.00001821
17.65000000	0.00016150	-0.00001490
17.70000000	0.00014019	-0.00001165
17.75000000	0.00011551	-0.00000864
17.80000000	0.00008664	-0.00000569
17.85000000	0.00005481	-0.00000277
17.90000000	0.00002286	0.00000015
17.95000000	-0.00001180	0.00000229
18.00000000	-0.00004157	0.00000581
18.05000000	-0.00006953	0.00000808
18.10000000	-0.00009555	0.00001046
18.15000000	-0.00011921	0.00001153
18.20000000	-0.00013700	0.00001249
18.25000000	-0.00015262	0.00001448
18.30000000	-0.00016537	0.00001511
18.35000000	-0.00017503	0.00001696
18.40000000	-0.00017786	0.00001705
18.45000000	-0.00018013	0.00001737
18.50000000	-0.00017631	0.00001544
18.55000000	-0.00017035	0.00001305
18.60000000	-0.00015774	0.00001132
18.65000000	-0.00014356	0.00000960
18.70000000	-0.00012267	0.00000855
18.75000000	-0.00009835	0.00000679
18.80000000	-0.00007242	0.00000462
18.85000000	-0.00004479	0.00000215
18.90000000	-0.00001511	-0.00000063
18.95000000	0.00001273	-0.00000376
19.00000000	0.00003862	-0.00000626
19.05000000	0.00006384	-0.00000843
19.10000000	0.00008598	-0.00001061
19.15000000	0.00010574	-0.00001219
19.20000000	0.00012377	-0.00001383
19.25000000	0.00013909	-0.00001618
19.30000000	0.00014991	-0.00001544
19.35000000	0.00016004	-0.00001481
19.40000000	0.00016516	-0.00001484
19.45000000	0.00016758	-0.00001434
19.50000000	0.00016624	-0.00001547
19.55000000	0.00015941	-0.00001496
19.60000000	0.00014985	-0.00001490
19.65000000	0.00013402	-0.00001359
19.70000000	0.00011662	-0.00001058
19.75000000	0.00009573	-0.00000778
19.80000000	0.00007245	-0.00000492
19.85000000	0.00004834	-0.00000182
19.90000000	0.00002179	-0.00000122
19.95000000	-0.00000340	0.00000229
20.00000000	-0.00002784	0.00000316
20.05000000	-0.00005096	0.00000599
20.10000000	-0.00007218	0.00000721
20.15000000	-0.00009212	0.00000933
20.20000000	-0.00011000	0.00000986
20.25000000	-0.00012687	0.00000969
20.30000000	-0.00014049	0.00001088
20.35000000	-0.00015187	0.00001264
20.40000000	-0.00015843	0.00001338
20.45000000	-0.00016311	0.00001445
20.50000000	-0.00016263	0.00001395
20.55000000	-0.00015819	0.00001347
20.60000000	-0.00014886	0.00001094
20.65000000	-0.00013676	0.00000775
20.70000000	-0.00011665	0.00000653
20.75000000	-0.00009462	0.00000450
20.80000000	-0.00006959	0.00000292
20.85000000	-0.00004324	0.00000125
20.90000000	-0.00001505	-0.00000164
20.95000000	0.00001383	-0.00000373
21.00000000	0.00004098	-0.00000578
21.05000000	0.00006801	-0.00000745
21.10000000	0.00009081	-0.00000879
21.15000000	0.00011265	-0.00000995
21.20000000	0.00012955	-0.00001162
21.25000000	0.00014433	-0.00001389
21.30000000	0.00015435	-0.00001547
21.35000000	0.00016007	-0.00001559
21.40000000	0.00016144	-0.00001389
21.45000000	0.00015909	-0.00001264
21.50000000	0.00015083	-0.00001052
21.55000000	0.00013867	-0.00000942
21.60000000	0.00012219	-0.00000870
21.65000000	0.00010118	-0.00000802
21.70000000	0.00008082	-0.00000715
21.75000000	0.00005564	-0.00000435
21.80000000	0.00002876	-0.00000253
21.85000000	0.00000301	0.00000021
21.90000000	-0.00002289	0.00000206
21.95000000	-0.00004730	0.00000453
22.00000000	-0.00006864	0.00000530
22.05000000	-0.00008878	0.00000709
22.10000000	-0.00010619	0.00000861
22.15000000	-0.00012061	0.00001103
22.20000000	-0.00013253	0.00001132
22.25000000	-0.00014091	0.00001150
22.30000000	-0.00014743	0.00001219
22.35000000	-0.00015059	0.00001022
22.40000000	-0.00014901	0.00000948
22.45000000	-0.00014433	0.00000933
22.50000000	-0.00013584	0.00000995
22.55000000	-0.00012335	0.00000924
22.60000000	-0.00010568	0.00000945
22.65000000	-0.00008556	0.00000662
22.70000000	-0.00006211	0.00000474
22.75000000	-0.00003597	0.00000200
22.80000000	-0.00001067	-0.00000066
22.85000000	0.00001803	-0.00000292
22.90000000	0.00004402	-0.00000480
22.95000000	0.00006905	-0.00000766
23.00000000	0.00009200	-0.00000957
23.05000000	0.00011206	-0.00001201
23.10000000	0.00012988	-0.00001362
23.15000000	0.00014392	-0.00001329
23.20000000	0.00015378	-0.00001296
23.25000000	0.00016046	-0.00001371
23.30000000	0.00015924	-0.00001422
23.35000000	0.00015667	-0.00001475
23.40000000	0.00014770	-0.00001496
23.45000000	0.00013626	-0.00001356
23.50000000	0.00012040	-0.00001201
23.55000000	0.00010005	-0.00000969
23.60000000	0.00007865	-0.00000685
23.65000000	0.00005460	-0.00000474
23.70000000	0.00002840	-0.00000191
23.75000000	0.00000283	-0.00000066
23.80000000	-0.00002453	0.00000161
23.85000000	-0.00004941	0.00000465
23.90000000	-0.00007346	0.00000736
23.95000000	-0.00009406	0.00000805
24.00000000	-0.00011417	0.00000960
24.05000000	-0.00012928	0.00001004
24.10000000	-0.00014293	0.00001082
24.15000000	-0.00014979	0.00001198
24.20000000	-0.00015366	0.00001311
24.25000000	-0.00015310	0.00001407
24.30000000	-0.00014910	0.00001270
24.35000000	-0.00014031	0.00001147
24.40000000	-0.00012988	0.00001013
24.45000000	-0.00011295	0.00000796
24.50000000	-0.00009367	0.00000626
24.55000000	-0.00007182	0.00000435
24.60000000	-0.00004679	0.00000226
24.65000000	-0.00001997	0.00000018
24.70000000	0.00000724	-0.00000256
24.75000000	0.00003427	-0.00000450
24.80000000	0.00006062	-0.00000656
24.85000000	0.00008512	-0.00000891
24.90000000	0.00010693	-0.00001025
24.95000000	0.00012526	-0.00001186
25.00000000	0.00014287	-0.00001460
