15.00000000	-0.00001577	-0.00000152
15.05000000	-0.00002989	-0.00000244
15.10000000	-0.00006157	-0.00000086
15.15000000	-0.00008875	-0.00000027
15.20000000	-0.00011051	-0.00000060
15.25000000	-0.00012902	0.00000003
15.30000000	-0.00014377	0.00000167
15.35000000	-0.00014466	0.00000229
15.40000000	-0.00014278	0.00000408
15.45000000	-0.00013295	0.00000542
15.50000000	-0.00011468	0.00000581
15.55000000	-0.00009355	0.00000474
15.60000000	-0.00006536	0.00000402
15.65000000	-0.00003421	0.00000215
15.70000000	-0.00000027	0.00000161
15.75000000	0.00003317	0.00000086
15.80000000	0.00006595	-0.00000006
15.85000000	0.00009334	-0.00000122
15.90000000	0.00011897	-0.00000218
15.95000000	0.00014338	-0.00000370
16.00000000	0.00015396	-0.00000533
16.05000000	0.00014970	-0.00000522
16.10000000	0.00014556	-0.00000465
16.15000000	0.00013769	-0.00000435
16.20000000	0.00011426	-0.00000319
16.25000000	0.00008604	-0.00000316
16.30000000	0.00005582	-0.00000349
16.35000000	0.00001895	-0.00000322
16.40000000	-0.00001699	-0.00000322
16.45000000	-0.00005022	-0.00000262
16.50000000	-0.00008407	-0.00000119
16.55000000	-0.00011712	0.00000066
16.60000000	-0.00013584	0.00000095
16.65000000	-0.00015345	0.00000155
16.70000000	-0.00015918	0.00000077
16.75000000	-0.00015733	0.00000110
16.80000000	-0.00015012	0.00000268
16.85000000	-0.00013283	0.00000364
16.90000000	-0.00010607	0.00000453
16.95000000	-0.00007299	0.00000390
17.00000000	-0.00003898	0.00000381
17.05000000	-0.00000113	0.00000259
17.10000000	0.00003424	0.00000075
17.15000000	0.00007147	0.00000003
17.20000000	0.00009832	-0.00000027
17.25000000	0.00012565	-0.00000060
17.30000000	0.00014085	-0.00000167
17.35000000	0.00015289	-0.00000468
17.40000000	0.00015289	-0.00000477
17.45000000	0.00014568	-0.00000536
17.50000000	0.00013658	-0.00000530
17.55000000	0.00011095	-0.00000402
17.60000000	0.00008187	-0.00000370
17.65000000	0.00004986	-0.00000304
17.70000000	0.00001550	-0.00000212
17.75000000	-0.00001952	-0.00000203
17.80000000	-0.00005382	-0.00000158
17.85000000	-0.00008550	-0.00000018
17.90000000	-0.00011227	0.00000089
17.95000000	-0.00013417	0.00000179
18.00000000	-0.00014684	0.00000367
18.05000000	-0.00015390	0.00000387
18.10000000	-0.00015336	0.00000313
18.15000000	-0.00014302	0.00000226
18.20000000	-0.00012502	0.00000191
18.25000000	-0.00010035	0.00000167
18.30000000	-0.00006974	0.00000188
18.35000000	-0.00003657	0.00000104
18.40000000	-0.00000140	0.00000036
18.45000000	0.00003380	0.00000045
18.50000000	0.00006837	-0.00000119
18.55000000	0.00009748	-0.00000125
18.60000000	0.00012183	-0.00000274
18.65000000	0.00013870	-0.00000319
18.70000000	0.00015229	-0.00000277
18.75000000	0.00015396	-0.00000322
18.80000000	0.00014857	-0.00000319
18.85000000	0.00013676	-0.00000471
18.90000000	0.00011730	-0.00000528
18.95000000	0.00009209	-0.00000566
19.00000000	0.00006482	-0.00000533
19.05000000	0.00003353	-0.00000474
19.10000000	-0.00000051	-0.00000265
19.15000000	-0.00003010	-0.00000232
19.20000000	-0.00006348	-0.00000232
19.25000000	-0.00008881	-0.00000104
19.30000000	-0.00011447	0.00000021
19.35000000	-0.00012720	0.00000104
19.40000000	-0.00013718	0.00000235
19.45000000	-0.00014260	0.00000396
19.50000000	-0.00013542	0.00000390
19.55000000	-0.00012171	0.00000393
19.60000000	-0.00009725	0.00000408
19.65000000	-0.00007674	0.00000295
19.70000000	-0.00004932	0.00000146
19.75000000	-0.00002217	0.00000173
19.80000000	0.00000504	0.00000158
19.85000000	0.00003663	0.00000146
19.90000000	0.00006747	-0.00000069
19.95000000	0.00008792	-0.00000170
20.00000000	0.00010738	-0.00000182
20.05000000	0.00011706	-0.00000286
20.10000000	0.00012472	-0.00000274
20.15000000	0.00013167	-0.00000262
20.20000000	0.00011984	-0.00000271
20.25000000	0.00010970	-0.00000322
20.30000000	0.00009015	-0.00000337
20.35000000	0.00006694	-0.00000447
20.40000000	0.00004011	-0.00000441
20.45000000	0.00001207	-0.00000402
20.50000000	-0.00001597	-0.00000355
20.55000000	-0.00004616	-0.00000110
20.60000000	-0.00007081	-0.00000119
20.65000000	-0.00009310	-0.00000027
20.70000000	-0.00011110	0.00000089
20.75000000	-0.00012514	0.00000113
20.80000000	-0.00012797	0.00000086
20.85000000	-0.00012583	0.00000212
20.90000000	-0.00011605	0.00000310
20.95000000	-0.00010490	0.00000438
21.00000000	-0.00008914	0.00000474
21.05000000	-0.00006461	0.00000376
21.10000000	-0.00003934	0.00000289
21.15000000	-0.00001231	0.00000215
21.20000000	0.00001395	0.00000101
21.25000000	0.00004053	0.00000006
21.30000000	0.00006756	0.00000009
21.35000000	0.00008869	-0.00000137
21.40000000	0.00010336	-0.00000322
21.45000000	0.00011385	-0.00000364
21.50000000	0.00011981	-0.00000501
21.55000000	0.00011772	-0.00000438
21.60000000	0.00010979	-0.00000399
21.65000000	0.00009728	-0.00000417
21.70000000	0.00007853	-0.00000396
21.75000000	0.00005707	-0.00000355
21.80000000	0.00003228	-0.00000370
21.85000000	0.00000498	-0.00000343
21.90000000	-0.00002110	-0.00000238
21.95000000	-0.00004655	-0.00000262
22.00000000	-0.00006560	-0.00000125
22.05000000	-0.00008526	0.00000033
22.10000000	-0.00009689	-0.00000003
22.15000000	-0.00010899	0.00000095
22.20000000	-0.00011092	0.00000036
22.25000000	-0.00010517	0.00000170
22.30000000	-0.00009826	0.00000292
22.35000000	-0.00008151	0.00000376
22.40000000	-0.00006086	0.00000340
22.45000000	-0.00003657	0.00000262
22.50000000	-0.00001308	0.00000164
22.55000000	0.00001147	0.00000066
22.60000000	0.00003645	-0.00000033
22.65000000	0.00005773	-0.00000089
22.70000000	0.00007618	-0.00000066
22.75000000	0.00009328	-0.00000206
22.80000000	0.00010422	-0.00000283
22.85000000	0.00010923	-0.00000450
22.90000000	0.00010514	-0.00000393
22.95000000	0.00009519	-0.00000423
23.00000000	0.00008687	-0.00000450
23.05000000	0.00007027	-0.00000393
23.10000000	0.00005189	-0.00000253
23.15000000	0.00003079	-0.00000224
23.20000000	0.00000709	-0.00000194
23.25000000	-0.00001600	-0.00000104
23.30000000	-0.00004029	-0.00000089
23.35000000	-0.00005910	0.00000051
23.40000000	-0.00007686	0.00000104
23.45000000	-0.00009203	0.00000149
23.50000000	-0.00009859	0.00000215
23.55000000	-0.00010294	0.00000170
23.60000000	-0.00010213	0.00000149
23.65000000	-0.00009677	0.00000173
23.70000000	-0.00008681	0.00000134
23.75000000	-0.00006834	0.00000256
23.80000000	-0.00005376	0.00000167
23.85000000	-0.00003237	0.00000259
23.90000000	-0.00001001	0.00000176
23.95000000	0.00001144	0.00000024
24.00000000	0.00003231	-0.00000006
24.05000000	0.00005376	-0.00000119
24.10000000	0.00006971	-0.00000137
24.15000000	0.00008240	-0.00000179
24.20000000	0.00009352	-0.00000179
24.25000000	0.00009880	-0.00000274
24.30000000	0.00009871	-0.00000337
24.35000000	0.00009447	-0.00000444
24.40000000	0.00008363	-0.00000477
24.45000000	0.00006920	-0.00000367
24.50000000	0.00005293	-0.00000364
24.55000000	0.00003246	-0.00000235
24.60000000	0.00001463	-0.00000259
24.65000000	-0.00000718	-0.00000173
24.70000000	-0.00002712	-0.00000119
24.75000000	-0.00004613	-0.00000113
24.80000000	-0.00006214	-0.00000033
24.85000000	-0.00007623	0.00000116
24.90000000	-0.00008297	0.00000092
24.95000000	-0.00008825	0.00000161
25.00000000	-0.00009057	0.00000143
