15.00000000	0.00003028	-0.00000712
15.05000000	-0.00000727	-0.00000837
15.10000000	-0.00004751	-0.00001040
15.15000000	-0.00008774	-0.00001144
15.20000000	-0.00011581	-0.00001347
15.25000000	-0.00013390	-0.00001574
15.30000000	-0.00014803	-0.00001669
15.35000000	-0.00014120	-0.00001723
15.40000000	-0.00010914	-0.00001633
15.45000000	-0.00008172	-0.00001407
15.50000000	-0.00002646	-0.00001305
15.55000000	0.00002289	-0.00001210
15.60000000	0.00008547	-0.00001344
15.65000000	0.00014535	-0.00001290
15.70000000	0.00020003	-0.00001118
15.75000000	0.00024897	-0.00000781
15.80000000	0.00028637	-0.00000528
15.85000000	0.00030702	-0.00000244
15.90000000	0.00030518	-0.00000063
15.95000000	0.00029317	-0.00000051
16.00000000	0.00025571	0.00000033
16.05000000	0.00020620	0.00000277
16.10000000	0.00014514	0.00000590
16.15000000	0.00006411	0.00000978
16.20000000	-0.00001988	0.00001276
16.25000000	-0.00011227	0.00001463
16.30000000	-0.00020290	0.00001469
16.35000000	-0.00029126	0.00001642
16.40000000	-0.00036851	0.00001821
16.45000000	-0.00043178	0.00002056
16.50000000	-0.00047577	0.00002295
16.55000000	-0.00049633	0.00002220
16.60000000	-0.00048802	0.00001869
16.65000000	-0.00046873	0.00001523
16.70000000	-0.00041488	0.00000983
16.75000000	-0.00033257	0.00000730
16.80000000	-0.00023595	0.00000530
16.85000000	-0.00012562	0.00000140
16.90000000	-0.00000885	-0.00000182
16.95000000	0.00011325	-0.00000742
17.00000000	0.00022894	-0.00001326
17.05000000	0.00033751	-0.00001770
17.10000000	0.00042740	-0.00002116
17.15000000	0.00049627	-0.00002152
17.20000000	0.00054020	-0.00002399
17.25000000	0.00054607	-0.00002575
17.30000000	0.00054607	-0.00002885
17.35000000	0.00051120	-0.00003049
17.40000000	0.00045187	-0.00002906
17.45000000	0.00037664	-0.00002724
17.50000000	0.00028220	-0.00002050
17.55000000	0.00017852	-0.00001547
17.60000000	0.00006861	-0.00001028
17.65000000	-0.00004444	-0.00000417
17.70000000	-0.00014982	0.00000057
17.75000000	-0.00024423	0.00000623
17.80000000	-0.00032702	0.00001204
17.85000000	-0.00038713	0.00001654
17.90000000	-0.00042773	0.00002086
17.95000000	-0.00044304	0.00002137
18.00000000	-0.00043941	0.00002185
18.05000000	-0.00041196	0.00002086
18.10000000	-0.00036669	0.00002036
18.15000000	-0.00030846	0.00002089
18.20000000	-0.00023541	0.00002092
18.25000000	-0.00015733	0.00001854
18.30000000	-0.00008071	0.00001642
18.35000000	-0.00000682	0.00001287
18.40000000	0.00006101	0.00001019
18.45000000	0.00011471	0.00000733
18.50000000	0.00015894	0.00000462
18.55000000	0.00019127	0.00000003
18.60000000	0.00020474	-0.00000316
18.65000000	0.00020939	-0.00000706
18.70000000	0.00020528	-0.00001079
18.75000000	0.00018791	-0.00001326
18.80000000	0.00016499	-0.00001401
18.85000000	0.00013834	-0.00001374
18.90000000	0.00010976	-0.00001311
18.95000000	0.00008225	-0.00001276
19.00000000	0.00005460	-0.00001311
19.05000000	0.00002933	-0.00001308
19.10000000	0.00001058	-0.00001326
19.15000000	-0.00000620	-0.00001171
19.20000000	-0.00001988	-0.00000975
19.25000000	-0.00002867	-0.00000933
19.30000000	-0.00003335	-0.00000888
19.35000000	-0.00002936	-0.00000843
19.40000000	-0.00002897	-0.00000688
19.45000000	-0.00002187	-0.00000465
19.50000000	-0.00001431	-0.00000334
19.55000000	-0.00000915	-0.00000125
19.60000000	-0.00000745	0.00000089
19.65000000	-0.00000727	0.00000280
19.70000000	-0.00000715	0.00000396
19.75000000	-0.00001106	0.00000504
19.80000000	-0.00001559	0.00000411
19.85000000	-0.00001994	0.00000542
19.90000000	-0.00002202	0.00000545
19.95000000	-0.00002235	0.00000560
20.00000000	-0.00002071	0.00000551
20.05000000	-0.00001341	0.00000459
20.10000000	-0.00000405	0.00000289
20.15000000	0.00000802	0.00000188
20.20000000	0.00001651	0.00000113
20.25000000	0.00002921	0.00000036
20.30000000	0.00003520	0.00000188
20.35000000	0.00004077	0.00000268
20.40000000	0.00004300	0.00000328
20.45000000	0.00004095	0.00000167
20.50000000	0.00003469	0.00000101
20.55000000	0.00002483	0.00000063
20.60000000	0.00001058	0.00000060
20.65000000	-0.00000641	0.00000119
20.70000000	-0.00002527	0.00000226
20.75000000	-0.00004432	0.00000277
20.80000000	-0.00006393	0.00000423
20.85000000	-0.00008738	0.00000304
20.90000000	-0.00010863	0.00000212
20.95000000	-0.00012440	0.00000197
21.00000000	-0.00014216	0.00000218
21.05000000	-0.00014946	0.00000191
21.10000000	-0.00015199	0.00000325
21.15000000	-0.00014246	0.00000235
21.20000000	-0.00012610	0.00000063
21.25000000	-0.00009990	-0.00000226
21.30000000	-0.00006205	-0.00000483
21.35000000	-0.00001809	-0.00000757
21.40000000	0.00003338	-0.00000814
21.45000000	0.00008592	-0.00000960
21.50000000	0.00014052	-0.00001061
21.55000000	0.00018880	-0.00001246
21.60000000	0.00023457	-0.00001428
21.65000000	0.00026676	-0.00001568
21.70000000	0.00028983	-0.00001538
21.75000000	0.00029722	-0.00001329
21.80000000	0.00029975	-0.00001007
21.85000000	0.00028435	-0.00000724
21.90000000	0.00025088	-0.00000504
21.95000000	0.00020048	-0.00000191
22.00000000	0.00013822	-0.00000089
22.05000000	0.00006691	0.00000140
22.10000000	-0.00001127	0.00000572
22.15000000	-0.00009367	0.00001082
22.20000000	-0.00017509	0.00001371
22.25000000	-0.00024963	0.00001612
22.30000000	-0.00031936	0.00001633
22.35000000	-0.00037360	0.00001583
22.40000000	-0.00041351	0.00001612
22.45000000	-0.00043076	0.00001678
22.50000000	-0.00043237	0.00001949
22.55000000	-0.00040668	0.00001922
22.60000000	-0.00036293	0.00001737
22.65000000	-0.00029984	0.00001395
22.70000000	-0.00022274	0.00000846
22.75000000	-0.00013256	0.00000376
22.80000000	-0.00003517	-0.00000066
22.85000000	0.00006449	-0.00000361
22.90000000	0.00016066	-0.00000617
22.95000000	0.00024984	-0.00001073
23.00000000	0.00032064	-0.00001463
23.05000000	0.00038293	-0.00001913
23.10000000	0.00041747	-0.00002131
23.15000000	0.00043062	-0.00002256
23.20000000	0.00042299	-0.00002193
23.25000000	0.00039601	-0.00001946
23.30000000	0.00035358	-0.00001693
23.35000000	0.00029731	-0.00001615
23.40000000	0.00022915	-0.00001454
23.45000000	0.00015587	-0.00001383
23.50000000	0.00007597	-0.00001159
23.55000000	0.00000304	-0.00001040
23.60000000	-0.00006101	-0.00000682
23.65000000	-0.00012645	-0.00000414
23.70000000	-0.00018019	-0.00000077
23.75000000	-0.00021681	0.00000077
23.80000000	-0.00024355	0.00000331
23.85000000	-0.00025317	0.00000635
23.90000000	-0.00025064	0.00000867
23.95000000	-0.00023404	0.00001088
24.00000000	-0.00020811	0.00001445
24.05000000	-0.00017968	0.00001705
24.10000000	-0.00014645	0.00001881
24.15000000	-0.00010851	0.00001988
24.20000000	-0.00008211	0.00002059
24.25000000	-0.00005808	0.00002098
24.30000000	-0.00004020	0.00001943
24.35000000	-0.00002176	0.00001779
24.40000000	-0.00001916	0.00001454
24.45000000	-0.00002494	0.00001279
24.50000000	-0.00002405	0.00000864
24.55000000	-0.00002632	0.00000554
24.60000000	-0.00002965	0.00000194
24.65000000	-0.00003120	-0.00000229
24.70000000	-0.00002989	-0.00000671
24.75000000	-0.00002468	-0.00001064
24.80000000	-0.00001293	-0.00001490
24.85000000	0.00000837	-0.00001833
24.90000000	0.00004530	-0.00002036
24.95000000	0.00007477	-0.00002095
25.00000000	0.00010663	-0.00002310
