-5.00000000	0.00014722	0.00000668
-4.95000000	0.00005120	0.00000739
-4.90000000	-0.00003284	0.00000870
-4.85000000	-0.00011331	0.00000876
-4.80000000	-0.00017959	0.00000757
-4.75000000	-0.00023228	0.00000733
-4.70000000	-0.00026864	0.00000781
-4.65000000	-0.00028920	0.00000566
-4.60000000	-0.00029201	0.00000119
-4.55000000	-0.00027686	-0.00000161
-4.50000000	-0.00024593	-0.00000399
-4.45000000	-0.00020492	-0.00000441
-4.40000000	-0.00015128	-0.00000721
-4.35000000	-0.00009537	-0.00000846
-4.30000000	-0.00003791	-0.00001097
-4.25000000	0.00002247	-0.00000900
-4.20000000	0.00008124	-0.00001031
-4.15000000	0.00012702	-0.00000888
-4.10000000	0.00016773	-0.00000584
-4.05000000	0.00019097	-0.00000542
-4.00000000	0.00020373	-0.00000143
-3.95000000	0.00020134	0.00000179
-3.90000000	0.00018323	0.00000465
-3.85000000	0.00015003	0.00000685
-3.80000000	0.00010872	0.00000995
-3.75000000	0.00005960	0.00000978
-3.70000000	0.00000328	0.00001121
-3.65000000	-0.00004470	0.00000924
-3.60000000	-0.00009644	0.00001043
-3.55000000	-0.00013542	0.00000906
-3.50000000	-0.00016248	0.00000501
-3.45000000	-0.00018168	0.00000459
-3.40000000	-0.00018644	0.00000131
-3.35000000	-0.00018311	-0.00000238
-3.30000000	-0.00016910	-0.00000548
-3.25000000	-0.00014627	-0.00000507
-3.20000000	-0.00011754	-0.00000960
-3.15000000	-0.00008076	-0.00001222
-3.10000000	-0.00003308	-0.00001061
-3.05000000	0.00001073	-0.00001097
-3.00000000	0.00005829	-0.00000882
-2.95000000	0.00010085	-0.00000763
-2.90000000	0.00014639	-0.00000602
-2.85000000	0.00017631	-0.00000304
-2.80000000	0.00019938	0.00000060
-2.75000000	0.00021273	0.00000316
-2.70000000	0.00020933	0.00000566
-2.65000000	0.00019556	0.00000739
-2.60000000	0.00016970	0.00001150
-2.55000000	0.00013197	0.00001252
-2.50000000	0.00008673	0.00001276
-2.45000000	0.00004315	0.00001246
-2.40000000	-0.00000584	0.00001132
-2.35000000	-0.00004923	0.00000942
-2.30000000	-0.00009960	0.00000703
-2.25000000	-0.00013894	0.00000566
-2.20000000	-0.00017059	0.00000197
-2.15000000	-0.00019246	-0.00000048
-2.10000000	-0.00020248	-0.00000387
-2.05000000	-0.00020421	-0.00000596
-2.00000000	-0.00019241	-0.00000852
-1.95000000	-0.00017387	-0.00001132
-1.90000000	-0.00014371	-0.00001121
-1.85000000	-0.00011361	-0.00001192
-1.80000000	-0.00007844	-0.00001132
-1.75000000	-0.00004226	-0.00000936
-1.70000000	-0.00000864	-0.00000846
-1.65000000	0.00002360	-0.00000590
-1.60000000	0.00005186	-0.00000209
-1.55000000	0.00007439	-0.00000036
-1.50000000	0.00009471	0.00000328
-1.45000000	0.00010645	0.00000525
-1.40000000	0.00011522	0.00000912
-1.35000000	0.00011170	0.00000989
-1.30000000	0.00010228	0.00001109
-1.25000000	0.00009519	0.00001061
-1.20000000	0.00007665	0.00001192
-1.15000000	0.00006038	0.00000995
-1.10000000	0.00004560	0.00000834
-1.05000000	0.00002933	0.00000620
-1.00000000	0.00001621	0.00000322
-0.95000000	0.00000268	-0.00000024
-0.90000000	-0.00000638	-0.00000232
-0.85000000	-0.00001246	-0.00000542
-0.80000000	-0.00001711	-0.00000727
-0.75000000	-0.00001669	-0.00000858
-0.70000000	-0.00001514	-0.00001174
-0.65000000	-0.00001377	-0.00001037
-0.60000000	-0.00000691	-0.00001210
-0.55000000	-0.00000918	-0.00000954
-0.50000000	-0.00000882	-0.00000906
-0.45000000	-0.00001144	-0.00000405
-0.40000000	-0.00001770	-0.00000316
-0.35000000	-0.00002176	0.00000042
-0.30000000	-0.00003010	0.00000209
-0.25000000	-0.00003094	0.00000608
-0.20000000	-0.00003779	0.00000846
-0.15000000	-0.00003934	0.00001103
-0.10000000	-0.00004214	0.00001210
-0.05000000	-0.00004315	0.00001216
0.00000000	-0.00004202	0.00001132
0.05000000	-0.00003821	0.00001085
0.10000000	-0.00003558	0.00000811
0.15000000	-0.00003141	0.00000584
0.20000000	-0.00002414	0.00000274
0.25000000	-0.00001913	-0.00000054
0.30000000	-0.00001055	-0.00000358
0.35000000	-0.00000751	-0.00000739
0.40000000	-0.00000364	-0.00000936
0.45000000	-0.00000250	-0.00001097
0.50000000	0.00000000	-0.00001234
0.55000000	-0.00000560	-0.00001377
0.60000000	-0.00000119	-0.00001156
0.65000000	-0.00000238	-0.00001037
0.70000000	0.00000060	-0.00000846
0.75000000	0.00000340	-0.00000447
0.80000000	0.00000608	-0.00000316
0.85000000	0.00000632	0.00000113
0.90000000	0.00000679	0.00000453
0.95000000	-0.00000209	0.00000894
1.00000000	-0.00000542	0.00000936
1.05000000	-0.00001228	0.00001138
1.10000000	-0.00001103	0.00001216
1.15000000	-0.00000751	0.00001186
1.20000000	-0.00000077	0.00001192
1.25000000	0.00000775	0.00001091
1.30000000	0.00001895	0.00000960
1.35000000	0.00003624	0.00000501
1.40000000	0.00004590	0.00000381
1.45000000	0.00005895	-0.00000077
1.50000000	0.00006646	-0.00000393
1.55000000	0.00007546	-0.00000542
1.60000000	0.00008291	-0.00001025
1.65000000	0.00008172	-0.00001091
1.70000000	0.00007415	-0.00001162
1.75000000	0.00006628	-0.00001329
1.80000000	0.00005674	-0.00001353
1.85000000	0.00003684	-0.00001138
1.90000000	0.00001293	-0.00000966
1.95000000	-0.00001454	-0.00000739
2.00000000	-0.00005001	-0.00000316
2.05000000	-0.00008464	-0.00000238
2.10000000	-0.00012344	0.00000060
2.15000000	-0.00016624	0.00000393
2.20000000	-0.00020635	0.00000793
2.25000000	-0.00023043	0.00000918
2.30000000	-0.00025344	0.00001079
2.35000000	-0.00026077	0.00001168
2.40000000	-0.00025892	0.00001031
2.45000000	-0.00023693	0.00001192
2.50000000	-0.00020564	0.00001043
2.55000000	-0.00015098	0.00000757
2.60000000	-0.00009000	0.00000459
2.65000000	-0.00001472	0.00000179
2.70000000	0.00006825	0.00000000
2.75000000	0.00016189	-0.00000191
2.80000000	0.00024527	-0.00000471
2.85000000	0.00031948	-0.00000745
2.90000000	0.00037933	-0.00000954
2.95000000	0.00042624	-0.00000954
3.00000000	0.00044686	-0.00000942
3.05000000	0.00044382	-0.00000900
3.10000000	0.00042039	-0.00000799
3.15000000	0.00037706	-0.00000471
3.20000000	0.00031001	-0.00000203
3.25000000	0.00022358	-0.00000161
3.30000000	0.00012177	0.00000179
3.35000000	0.00001192	0.00000352
3.40000000	-0.00010640	0.00000691
3.45000000	-0.00021696	0.00000602
3.50000000	-0.00032985	0.00000876
3.55000000	-0.00041569	0.00001037
3.60000000	-0.00048566	0.00000817
3.65000000	-0.00052506	0.00000757
3.70000000	-0.00054622	0.00000566
3.75000000	-0.00053197	0.00000453
3.80000000	-0.00049681	0.00000101
3.85000000	-0.00043607	-0.00000107
3.90000000	-0.00035602	-0.00000352
3.95000000	-0.00025809	-0.00000501
4.00000000	-0.00014901	-0.00000745
4.05000000	-0.00002855	-0.00000775
4.10000000	0.00008673	-0.00000840
4.15000000	0.00019545	-0.00000888
4.20000000	0.00029135	-0.00000972
4.25000000	0.00036818	-0.00000918
4.30000000	0.00042308	-0.00000429
4.35000000	0.00045306	-0.00000322
4.40000000	0.00045711	-0.00000095
4.45000000	0.00043780	0.00000048
4.50000000	0.00040132	0.00000525
4.55000000	0.00034613	0.00000757
4.60000000	0.00027281	0.00000882
4.65000000	0.00019038	0.00001001
4.70000000	0.00010544	0.00001115
4.75000000	0.00001836	0.00000942
4.80000000	-0.00006753	0.00000834
4.85000000	-0.00014621	0.00000536
4.90000000	-0.00021303	0.00000376
4.95000000	-0.00027120	-0.00000054
5.00000000	-0.00031167	-0.00000316
