-5.000000000000000000e+00 1.438000000000000039e-06
-4.950000000000000178e+00 1.698000000000000090e-06
-4.900000000000000355e+00 1.620000000000000160e-06
-4.849999999999999645e+00 1.642000000000000118e-06
-4.799999999999999822e+00 1.567999999999999853e-06
-4.750000000000000000e+00 1.193999999999999918e-06
-4.700000000000000178e+00 8.060000000000000969e-07
-4.650000000000000355e+00 5.039999999999999603e-07
-4.599999999999999645e+00 1.239999999999999722e-07
-4.549999999999999822e+00 -2.020000000000000089e-07
-4.500000000000000000e+00 -5.980000000000000343e-07
-4.450000000000000178e+00 -8.440000000000000931e-07
-4.400000000000000355e+00 -1.139999999999999885e-06
-4.349999999999999645e+00 -1.452000000000000032e-06
-4.299999999999999822e+00 -1.709999999999999933e-06
-4.250000000000000000e+00 -1.844000000000000048e-06
-4.200000000000000178e+00 -2.134000000000000236e-06
-4.150000000000000355e+00 -2.166000000000000099e-06
-4.099999999999999645e+00 -2.176000000000000003e-06
-4.049999999999999822e+00 -1.946000000000000088e-06
-4.000000000000000000e+00 -1.395999999999999848e-06
-3.950000000000000178e+00 -7.980000000000000253e-07
-3.899999999999999911e+00 2.000000000000000042e-08
-3.850000000000000089e+00 8.199999999999999841e-07
-3.799999999999999822e+00 1.562000000000000249e-06
-3.750000000000000000e+00 2.163999999999999949e-06
-3.700000000000000178e+00 2.720000000000000216e-06
-3.649999999999999911e+00 3.022000000000000035e-06
-3.600000000000000089e+00 3.183999999999999924e-06
-3.549999999999999822e+00 3.261999999999999431e-06
-3.500000000000000000e+00 3.321999999999999704e-06
-3.450000000000000178e+00 3.047999999999999871e-06
-3.399999999999999911e+00 2.956000000000000158e-06
-3.350000000000000089e+00 2.619999999999999903e-06
-3.299999999999999822e+00 2.476000000000000095e-06
-3.250000000000000000e+00 2.072000000000000237e-06
-3.200000000000000178e+00 1.745999999999999885e-06
-3.149999999999999911e+00 9.800000000000001462e-07
-3.100000000000000089e+00 2.960000000000000565e-07
-3.049999999999999822e+00 -4.160000000000000193e-07
-3.000000000000000000e+00 -1.348000000000000053e-06
-2.950000000000000178e+00 -1.990000000000000005e-06
-2.899999999999999911e+00 -2.453999999999999713e-06
-2.850000000000000089e+00 -2.736000000000000147e-06
-2.799999999999999822e+00 -3.017999999999999734e-06
-2.750000000000000000e+00 -2.979999999999999844e-06
-2.700000000000000178e+00 -2.629999999999999383e-06
-2.649999999999999911e+00 -2.478000000000000246e-06
-2.600000000000000089e+00 -2.144000000000000140e-06
-2.549999999999999822e+00 -1.742000000000000008e-06
-2.500000000000000000e+00 -1.512000000000000093e-06
-2.450000000000000178e+00 -1.156000000000000028e-06
-2.399999999999999911e+00 -8.339999999999999771e-07
-2.350000000000000089e+00 -2.900000000000000292e-07
-2.299999999999999822e+00 2.279999999999999770e-07
-2.250000000000000000e+00 9.680000000000000917e-07
-2.200000000000000178e+00 1.667999999999999954e-06
-2.149999999999999911e+00 2.321999999999999961e-06
-2.100000000000000089e+00 2.958000000000000309e-06
-2.049999999999999822e+00 3.413999999999999416e-06
-2.000000000000000000e+00 3.663999999999999987e-06
-1.949999999999999956e+00 3.769999999999999480e-06
-1.899999999999999911e+00 3.827999999999999602e-06
-1.850000000000000089e+00 3.445999999999999702e-06
-1.800000000000000044e+00 3.199999999999999855e-06
-1.750000000000000000e+00 2.742000000000000174e-06
-1.699999999999999956e+00 2.297999999999999852e-06
-1.649999999999999911e+00 1.880000000000000000e-06
-1.600000000000000089e+00 1.396000000000000060e-06
-1.550000000000000044e+00 7.519999999999999575e-07
-1.500000000000000000e+00 5.399999999999999385e-08
-1.449999999999999956e+00 -7.799999999999999435e-07
-1.399999999999999911e+00 -1.540000000000000079e-06
-1.350000000000000089e+00 -2.279999999999999770e-06
-1.300000000000000044e+00 -2.954000000000000008e-06
-1.250000000000000000e+00 -3.422000000000000017e-06
-1.199999999999999956e+00 -3.479999999999999715e-06
-1.149999999999999911e+00 -3.645999999999999905e-06
-1.100000000000000089e+00 -3.309999999999999649e-06
-1.050000000000000044e+00 -2.929999999999999899e-06
-1.000000000000000000e+00 -2.585999999999999889e-06
-9.499999999999999556e-01 -2.127999999999999785e-06
-9.000000000000000222e-01 -1.457999999999999847e-06
-8.499999999999999778e-01 -8.739999999999999117e-07
-8.000000000000000444e-01 -2.859999999999999934e-07
-7.500000000000000000e-01 3.139999999999999794e-07
-6.999999999999999556e-01 1.172000000000000171e-06
-6.500000000000000222e-01 1.845999999999999986e-06
-5.999999999999999778e-01 2.561999999999999780e-06
-5.500000000000000444e-01 3.298000000000000018e-06
-5.000000000000000000e-01 3.821999999999999999e-06
-4.500000000000000111e-01 4.224000000000000554e-06
-4.000000000000000222e-01 4.354000000000001004e-06
-3.499999999999999778e-01 4.396000000000000771e-06
-2.999999999999999889e-01 4.056000000000000638e-06
-2.500000000000000000e-01 3.605999999999999864e-06
-2.000000000000000111e-01 3.083999999999999611e-06
-1.499999999999999944e-01 2.608000000000000272e-06
-1.000000000000000056e-01 1.976000000000000224e-06
-5.000000000000000278e-02 1.449999999999999881e-06
0.000000000000000000e+00 7.600000000000000291e-07
5.000000000000000278e-02 9.999999999999999547e-08
1.000000000000000056e-01 -4.660000000000000170e-07
1.499999999999999944e-01 -1.140000000000000097e-06
2.000000000000000111e-01 -1.858000000000000253e-06
2.500000000000000000e-01 -2.634000000000000107e-06
2.999999999999999889e-01 -3.170000000000000566e-06
3.499999999999999778e-01 -3.663999999999999563e-06
4.000000000000000222e-01 -3.943999999999999847e-06
4.500000000000000111e-01 -3.955999999999999901e-06
5.000000000000000000e-01 -3.676000000000000041e-06
5.500000000000000444e-01 -3.301999999999999895e-06
5.999999999999999778e-01 -2.741999999999999751e-06
6.500000000000000222e-01 -2.038000000000000223e-06
6.999999999999999556e-01 -1.395999999999999848e-06
7.500000000000000000e-01 -6.959999999999999854e-07
8.000000000000000444e-01 -4.400000000000000357e-08
8.499999999999999778e-01 5.759999999999999697e-07
9.000000000000000222e-01 1.424000000000000046e-06
9.499999999999999556e-01 2.156000000000000195e-06
1.000000000000000000e+00 2.894000000000000159e-06
1.050000000000000044e+00 3.608000000000000015e-06
1.100000000000000089e+00 4.128000000000000118e-06
1.149999999999999911e+00 4.525999999999999526e-06
1.199999999999999956e+00 4.784000000000000275e-06
1.250000000000000000e+00 4.805999999999999387e-06
1.300000000000000044e+00 4.538000000000000428e-06
1.350000000000000089e+00 3.989999999999999915e-06
1.399999999999999911e+00 3.421999999999999593e-06
1.449999999999999956e+00 2.618000000000000176e-06
1.500000000000000000e+00 1.891999999999999842e-06
1.550000000000000044e+00 1.114000000000000261e-06
1.600000000000000089e+00 2.739999999999999918e-07
1.649999999999999911e+00 -3.879999999999999274e-07
1.699999999999999956e+00 -1.117999999999999926e-06
1.750000000000000000e+00 -1.700000000000000029e-06
1.800000000000000044e+00 -2.346000000000000070e-06
1.850000000000000089e+00 -3.002000000000000226e-06
1.899999999999999911e+00 -3.415999999999999989e-06
1.949999999999999956e+00 -3.770000000000000327e-06
2.000000000000000000e+00 -3.941999999999999697e-06
2.049999999999999822e+00 -3.989999999999999068e-06
2.100000000000000089e+00 -3.948000000000000147e-06
2.149999999999999911e+00 -3.420000000000000290e-06
2.200000000000000178e+00 -2.915999999999999694e-06
2.250000000000000000e+00 -2.272000000000000016e-06
2.299999999999999822e+00 -1.351999999999999930e-06
2.350000000000000089e+00 -4.599999999999999898e-07
2.399999999999999911e+00 2.960000000000000035e-07
2.450000000000000178e+00 1.044000000000000084e-06
2.500000000000000000e+00 1.726000000000000076e-06
2.549999999999999822e+00 2.489999999999999877e-06
2.600000000000000089e+00 3.039999999999999693e-06
2.649999999999999911e+00 3.552000000000000043e-06
2.700000000000000178e+00 4.008000000000000420e-06
2.750000000000000000e+00 4.262000000000000021e-06
2.799999999999999822e+00 4.496000000000000661e-06
2.850000000000000089e+00 4.556000000000000086e-06
2.899999999999999911e+00 4.315999999999999843e-06
2.950000000000000178e+00 4.014000000000000871e-06
3.000000000000000000e+00 3.495999999999999647e-06
3.049999999999999822e+00 2.855999999999999845e-06
3.100000000000000089e+00 2.024000000000000442e-06
3.149999999999999911e+00 1.300000000000000047e-06
3.200000000000000178e+00 3.060000000000000137e-07
3.250000000000000000e+00 -4.799999999999999571e-07
3.299999999999999822e+00 -1.190000000000000041e-06
3.350000000000000089e+00 -1.880000000000000000e-06
3.399999999999999911e+00 -2.473999999999999945e-06
3.450000000000000178e+00 -2.969999999999999940e-06
3.500000000000000000e+00 -3.237999999999999745e-06
3.549999999999999822e+00 -3.478000000000000412e-06
3.600000000000000089e+00 -3.495999999999999647e-06
3.649999999999999911e+00 -3.601999999999999564e-06
3.700000000000000178e+00 -3.396000000000000181e-06
3.750000000000000000e+00 -3.130000000000000102e-06
3.799999999999999822e+00 -2.691999999999999806e-06
3.850000000000000089e+00 -2.327999999999999988e-06
3.899999999999999911e+00 -1.506000000000000065e-06
3.950000000000000178e+00 -7.540000000000000019e-07
4.000000000000000000e+00 -1.200000000000000654e-08
4.049999999999999822e+00 9.980000000000000162e-07
4.099999999999999645e+00 1.900000000000000020e-06
4.150000000000000355e+00 2.603999999999999971e-06
4.200000000000000178e+00 3.200000000000000702e-06
4.250000000000000000e+00 3.771999999999999630e-06
4.299999999999999822e+00 4.138000000000000022e-06
4.349999999999999645e+00 4.534000000000000127e-06
4.400000000000000355e+00 4.680000000000000085e-06
4.450000000000000178e+00 4.675999999999999784e-06
4.500000000000000000e+00 4.573999999999999744e-06
4.549999999999999822e+00 4.427999999999999787e-06
4.599999999999999645e+00 3.887999999999999875e-06
4.650000000000000355e+00 3.241999999999999622e-06
4.700000000000000178e+00 2.616000000000000026e-06
4.750000000000000000e+00 1.630000000000000064e-06
4.799999999999999822e+00 6.120000000000000274e-07
4.849999999999999645e+00 -3.660000000000000216e-07
4.900000000000000355e+00 -1.441999999999999704e-06
4.950000000000000178e+00 -2.395999999999999591e-06
5.000000000000000000e+00 -3.147999999999999760e-06
