-5.000000000000000000e+00 -1.447999999999999943e-06
-4.950000000000000178e+00 -7.700000000000000393e-07
-4.900000000000000355e+00 -1.639999999999999862e-07
-4.849999999999999645e+00 4.880000000000000287e-07
-4.799999999999999822e+00 1.095999999999999967e-06
-4.750000000000000000e+00 1.717999999999999899e-06
-4.700000000000000178e+00 2.194000000000000508e-06
-4.650000000000000355e+00 2.757999999999999682e-06
-4.599999999999999645e+00 3.139999999999999583e-06
-4.549999999999999822e+00 3.353999999999999567e-06
-4.500000000000000000e+00 3.400000000000000058e-06
-4.450000000000000178e+00 3.146000000000000033e-06
-4.400000000000000355e+00 2.810000000000000201e-06
-4.349999999999999645e+00 2.354000000000000247e-06
-4.299999999999999822e+00 1.802000000000000069e-06
-4.250000000000000000e+00 1.170000000000000021e-06
-4.200000000000000178e+00 5.339999999999999907e-07
-4.150000000000000355e+00 -7.000000000000000477e-08
-4.099999999999999645e+00 -7.459999999999999302e-07
-4.049999999999999822e+00 -1.224000000000000055e-06
-4.000000000000000000e+00 -1.711999999999999872e-06
-3.950000000000000178e+00 -2.127999999999999785e-06
-3.899999999999999911e+00 -2.270000000000000289e-06
-3.850000000000000089e+00 -2.559999999999999630e-06
-3.799999999999999822e+00 -2.361999999999999578e-06
-3.750000000000000000e+00 -2.116000000000000154e-06
-3.700000000000000178e+00 -1.824000000000000239e-06
-3.649999999999999911e+00 -1.326000000000000095e-06
-3.600000000000000089e+00 -7.279999999999999544e-07
-3.549999999999999822e+00 -2.119999999999999925e-07
-3.500000000000000000e+00 4.119999999999999305e-07
-3.450000000000000178e+00 1.030000000000000091e-06
-3.399999999999999911e+00 1.552000000000000133e-06
-3.350000000000000089e+00 2.107999999999999977e-06
-3.299999999999999822e+00 2.528000000000000191e-06
-3.250000000000000000e+00 2.662000000000000093e-06
-3.200000000000000178e+00 2.972000000000000090e-06
-3.149999999999999911e+00 2.789999999999999969e-06
-3.100000000000000089e+00 2.744000000000000325e-06
-3.049999999999999822e+00 2.580000000000000286e-06
-3.000000000000000000e+00 2.145999999999999867e-06
-2.950000000000000178e+00 1.758000000000000151e-06
-2.899999999999999911e+00 1.181999999999999864e-06
-2.850000000000000089e+00 6.180000000000000546e-07
-2.799999999999999822e+00 1.140000000000000150e-07
-2.750000000000000000e+00 -5.639999999999999152e-07
-2.700000000000000178e+00 -1.134000000000000069e-06
-2.649999999999999911e+00 -1.494000000000000011e-06
-2.600000000000000089e+00 -1.797999999999999980e-06
-2.549999999999999822e+00 -1.980000000000000101e-06
-2.500000000000000000e+00 -2.002000000000000060e-06
-2.450000000000000178e+00 -2.049999999999999854e-06
-2.399999999999999911e+00 -1.737999999999999919e-06
-2.350000000000000089e+00 -1.487999999999999983e-06
-2.299999999999999822e+00 -1.150000000000000001e-06
-2.250000000000000000e+00 -8.219999999999999226e-07
-2.200000000000000178e+00 -3.139999999999999794e-07
-2.149999999999999911e+00 2.140000000000000369e-07
-2.100000000000000089e+00 7.039999999999999512e-07
-2.049999999999999822e+00 1.128000000000000042e-06
-2.000000000000000000e+00 1.656000000000000111e-06
-1.949999999999999956e+00 1.983999999999999978e-06
-1.899999999999999911e+00 2.256000000000000084e-06
-1.850000000000000089e+00 2.482000000000000123e-06
-1.800000000000000044e+00 2.442000000000000082e-06
-1.750000000000000000e+00 2.414000000000000096e-06
-1.699999999999999956e+00 2.278000000000000043e-06
-1.649999999999999911e+00 2.079999999999999991e-06
-1.600000000000000089e+00 1.716000000000000172e-06
-1.550000000000000044e+00 1.261999999999999945e-06
-1.500000000000000000e+00 9.859999999999999617e-07
-1.449999999999999956e+00 5.319999999999999463e-07
-1.399999999999999911e+00 9.599999999999998613e-08
-1.350000000000000089e+00 -3.119999999999999880e-07
-1.300000000000000044e+00 -6.880000000000000197e-07
-1.250000000000000000e+00 -1.024000000000000064e-06
-1.199999999999999956e+00 -1.335999999999999999e-06
-1.149999999999999911e+00 -1.531999999999999901e-06
-1.100000000000000089e+00 -1.624000000000000037e-06
-1.050000000000000044e+00 -1.656000000000000111e-06
-1.000000000000000000e+00 -1.497999999999999888e-06
-9.499999999999999556e-01 -1.384000000000000005e-06
-9.000000000000000222e-01 -1.129999999999999981e-06
-8.499999999999999778e-01 -9.120000000000001197e-07
-8.000000000000000444e-01 -3.659999999999999686e-07
-7.500000000000000000e-01 -3.400000000000000005e-08
-6.999999999999999556e-01 4.780000000000000186e-07
-6.500000000000000222e-01 8.859999999999999663e-07
-5.999999999999999778e-01 1.229999999999999870e-06
-5.500000000000000444e-01 1.673999999999999981e-06
-5.000000000000000000e-01 1.880000000000000000e-06
-4.500000000000000111e-01 2.101999999999999949e-06
-4.000000000000000222e-01 2.155999999999999771e-06
-3.499999999999999778e-01 2.262000000000000112e-06
-2.999999999999999889e-01 2.293999999999999975e-06
-2.500000000000000000e-01 2.268000000000000139e-06
-2.000000000000000111e-01 1.971999999999999923e-06
-1.499999999999999944e-01 1.853999999999999952e-06
-1.000000000000000056e-01 1.472000000000000052e-06
-5.000000000000000278e-02 1.113999999999999837e-06
0.000000000000000000e+00 7.679999999999998890e-07
5.000000000000000278e-02 2.119999999999999661e-07
1.000000000000000056e-01 -6.400000000000000399e-08
1.499999999999999944e-01 -6.279999999999999589e-07
2.000000000000000111e-01 -9.780000000000002077e-07
2.500000000000000000e-01 -1.384000000000000005e-06
2.999999999999999889e-01 -1.571999999999999942e-06
3.499999999999999778e-01 -1.807999999999999673e-06
4.000000000000000222e-01 -1.883999999999999877e-06
4.500000000000000111e-01 -1.822000000000000089e-06
5.000000000000000000e-01 -1.760000000000000090e-06
5.500000000000000444e-01 -1.671999999999999831e-06
5.999999999999999778e-01 -1.375999999999999828e-06
6.500000000000000222e-01 -9.939999999999999275e-07
6.999999999999999556e-01 -5.099999999999999875e-07
7.500000000000000000e-01 -2.020000000000000089e-07
8.000000000000000444e-01 2.239999999999999676e-07
8.499999999999999778e-01 8.980000000000000208e-07
9.000000000000000222e-01 1.365999999999999923e-06
9.499999999999999556e-01 1.868000000000000157e-06
1.000000000000000000e+00 2.316000000000000357e-06
1.050000000000000044e+00 2.601999999999999821e-06
1.100000000000000089e+00 2.809999999999999778e-06
1.149999999999999911e+00 2.935999999999999926e-06
1.199999999999999956e+00 2.786000000000000092e-06
1.250000000000000000e+00 2.647999999999999889e-06
1.300000000000000044e+00 2.300000000000000002e-06
1.350000000000000089e+00 1.957999999999999719e-06
1.399999999999999911e+00 1.509999999999999942e-06
1.449999999999999956e+00 7.999999999999999638e-07
1.500000000000000000e+00 3.299999999999999639e-07
1.550000000000000044e+00 -2.780000000000000277e-07
1.600000000000000089e+00 -9.379999999999999554e-07
1.649999999999999911e+00 -1.422000000000000107e-06
1.699999999999999956e+00 -1.888000000000000177e-06
1.750000000000000000e+00 -2.320000000000000234e-06
1.800000000000000044e+00 -2.410000000000000219e-06
1.850000000000000089e+00 -2.558000000000000327e-06
1.899999999999999911e+00 -2.458000000000000014e-06
1.949999999999999956e+00 -2.181999999999999607e-06
2.000000000000000000e+00 -1.709999999999999933e-06
2.049999999999999822e+00 -1.248000000000000164e-06
2.100000000000000089e+00 -4.479999999999999353e-07
2.149999999999999911e+00 7.800000000000001023e-08
2.200000000000000178e+00 8.120000000000000183e-07
2.250000000000000000e+00 1.379999999999999916e-06
2.299999999999999822e+00 1.920000000000000252e-06
2.350000000000000089e+00 2.511999999999999836e-06
2.399999999999999911e+00 2.935999999999999926e-06
2.450000000000000178e+00 3.190000000000000374e-06
2.500000000000000000e+00 3.359999999999999594e-06
2.549999999999999822e+00 3.251999999999999950e-06
2.600000000000000089e+00 3.172000000000000293e-06
2.649999999999999911e+00 2.733999999999999997e-06
2.700000000000000178e+00 2.205999999999999716e-06
2.750000000000000000e+00 1.637999999999999818e-06
2.799999999999999822e+00 1.039999999999999784e-06
2.850000000000000089e+00 2.859999999999999934e-07
2.899999999999999911e+00 -2.799999999999999662e-07
2.950000000000000178e+00 -9.880000000000001120e-07
3.000000000000000000e+00 -1.570000000000000215e-06
3.049999999999999822e+00 -2.093999999999999772e-06
3.100000000000000089e+00 -2.247999999999999907e-06
3.149999999999999911e+00 -2.603999999999999971e-06
3.200000000000000178e+00 -2.568000000000000231e-06
3.250000000000000000e+00 -2.569999999999999958e-06
3.299999999999999822e+00 -2.251999999999999784e-06
3.350000000000000089e+00 -1.747999999999999823e-06
3.399999999999999911e+00 -1.170000000000000021e-06
3.450000000000000178e+00 -5.879999999999999183e-07
3.500000000000000000e+00 1.979999999999999995e-07
3.549999999999999822e+00 7.159999999999998998e-07
3.600000000000000089e+00 1.536000000000000202e-06
3.649999999999999911e+00 2.048000000000000128e-06
3.700000000000000178e+00 2.418000000000000397e-06
3.750000000000000000e+00 2.740000000000000024e-06
3.799999999999999822e+00 3.151999999999999637e-06
3.850000000000000089e+00 3.202000000000000005e-06
3.899999999999999911e+00 3.425999999999999894e-06
3.950000000000000178e+00 3.142000000000000156e-06
4.000000000000000000e+00 2.818000000000000379e-06
4.049999999999999822e+00 2.302000000000000152e-06
4.099999999999999645e+00 1.753999999999999851e-06
4.150000000000000355e+00 1.013999999999999948e-06
4.200000000000000178e+00 2.879999999999999848e-07
4.250000000000000000e+00 -4.480000000000000411e-07
4.299999999999999822e+00 -1.230000000000000082e-06
4.349999999999999645e+00 -1.690000000000000125e-06
4.400000000000000355e+00 -2.203999999999999989e-06
4.450000000000000178e+00 -2.431999999999999754e-06
4.500000000000000000e+00 -2.631999999999999957e-06
4.549999999999999822e+00 -2.650000000000000039e-06
4.599999999999999645e+00 -2.520000000000000437e-06
4.650000000000000355e+00 -2.362000000000000001e-06
4.700000000000000178e+00 -1.957999999999999719e-06
4.750000000000000000e+00 -1.345999999999999903e-06
4.799999999999999822e+00 -7.020000000000000127e-07
4.849999999999999645e+00 -1.239999999999999986e-07
4.900000000000000355e+00 6.800000000000000539e-07
4.950000000000000178e+00 1.430000000000000073e-06
5.000000000000000000e+00 1.932000000000000306e-06
