-5.000000000000000000e+00 4.507999999999999868e-06
-4.950000000000000178e+00 5.487999999999999802e-06
-4.900000000000000355e+00 5.927999999999999825e-06
-4.849999999999999645e+00 6.171999999999999522e-06
-4.799999999999999822e+00 5.942000000000000030e-06
-4.750000000000000000e+00 5.429999999999998833e-06
-4.700000000000000178e+00 4.615999999999999512e-06
-4.650000000000000355e+00 3.274000000000000333e-06
-4.599999999999999645e+00 1.866000000000000007e-06
-4.549999999999999822e+00 3.919999999999999632e-07
-4.500000000000000000e+00 -1.212000000000000000e-06
-4.450000000000000178e+00 -2.408000000000000069e-06
-4.400000000000000355e+00 -3.308000000000000346e-06
-4.349999999999999645e+00 -3.894000000000000326e-06
-4.299999999999999822e+00 -4.125999999999999121e-06
-4.250000000000000000e+00 -3.994000000000000215e-06
-4.200000000000000178e+00 -3.488000000000000316e-06
-4.150000000000000355e+00 -2.889999999999999859e-06
-4.099999999999999645e+00 -2.136000000000000386e-06
-4.049999999999999822e+00 -1.342000000000000026e-06
-4.000000000000000000e+00 -4.459999999999999438e-07
-3.950000000000000178e+00 4.480000000000000411e-07
-3.899999999999999911e+00 1.387999999999999882e-06
-3.850000000000000089e+00 2.245999999999999756e-06
-3.799999999999999822e+00 2.988000000000000021e-06
-3.750000000000000000e+00 3.513999999999999729e-06
-3.700000000000000178e+00 3.881999999999999424e-06
-3.649999999999999911e+00 3.801999999999999767e-06
-3.600000000000000089e+00 3.342000000000000359e-06
-3.549999999999999822e+00 2.696000000000000107e-06
-3.500000000000000000e+00 1.552000000000000133e-06
-3.450000000000000178e+00 3.979999999999999905e-07
-3.399999999999999911e+00 -1.032000000000000030e-06
-3.350000000000000089e+00 -2.300000000000000425e-06
-3.299999999999999822e+00 -3.525999999999999783e-06
-3.250000000000000000e+00 -4.395999999999999924e-06
-3.200000000000000178e+00 -4.913999999999999877e-06
-3.149999999999999911e+00 -5.020000000000000218e-06
-3.100000000000000089e+00 -4.775999999999999674e-06
-3.049999999999999822e+00 -4.130000000000000268e-06
-3.000000000000000000e+00 -3.180000000000000047e-06
-2.950000000000000178e+00 -2.021999999999999868e-06
-2.899999999999999911e+00 -7.299999999999999987e-07
-2.850000000000000089e+00 5.859999999999999798e-07
-2.799999999999999822e+00 2.082000000000000141e-06
-2.750000000000000000e+00 3.482000000000000289e-06
-2.700000000000000178e+00 4.839999999999999400e-06
-2.649999999999999911e+00 6.231999999999999794e-06
-2.600000000000000089e+00 7.386000000000000096e-06
-2.549999999999999822e+00 8.212000000000000319e-06
-2.500000000000000000e+00 8.549999999999999454e-06
-2.450000000000000178e+00 8.429999999999998909e-06
-2.399999999999999911e+00 7.947999999999999119e-06
-2.350000000000000089e+00 6.763999999999999952e-06
-2.299999999999999822e+00 5.173999999999999929e-06
-2.250000000000000000e+00 3.285999999999999964e-06
-2.200000000000000178e+00 1.275999999999999938e-06
-2.149999999999999911e+00 -6.999999999999999683e-07
-2.100000000000000089e+00 -2.727999999999999970e-06
-2.049999999999999822e+00 -4.590000000000000099e-06
-2.000000000000000000e+00 -6.108000000000000643e-06
-1.949999999999999956e+00 -7.423999999999999562e-06
-1.899999999999999911e+00 -8.276000000000000045e-06
-1.850000000000000089e+00 -8.745999999999998933e-06
-1.800000000000000044e+00 -8.817999999999999260e-06
-1.750000000000000000e+00 -8.536000000000000944e-06
-1.699999999999999956e+00 -7.863999999999999585e-06
-1.649999999999999911e+00 -6.743999999999999297e-06
-1.600000000000000089e+00 -5.352000000000000596e-06
-1.550000000000000044e+00 -3.654000000000000082e-06
-1.500000000000000000e+00 -1.737999999999999919e-06
-1.449999999999999956e+00 2.440000000000000144e-07
-1.399999999999999911e+00 2.064000000000000059e-06
-1.350000000000000089e+00 3.907999999999999683e-06
-1.300000000000000044e+00 5.427999999999999530e-06
-1.250000000000000000e+00 6.618000000000000842e-06
-1.199999999999999956e+00 7.469999999999999630e-06
-1.149999999999999911e+00 7.852000000000000377e-06
-1.100000000000000089e+00 7.833999999999999872e-06
-1.050000000000000044e+00 7.488000000000000135e-06
-1.000000000000000000e+00 6.956000000000000824e-06
-9.499999999999999556e-01 6.169999999999999371e-06
-9.000000000000000222e-01 5.195999999999999888e-06
-8.499999999999999778e-01 4.045999999999999887e-06
-8.000000000000000444e-01 2.873999999999999927e-06
-7.500000000000000000e-01 1.679999999999999797e-06
-6.999999999999999556e-01 5.879999999999999183e-07
-6.500000000000000222e-01 -4.900000000000000731e-07
-5.999999999999999778e-01 -1.341999999999999814e-06
-5.500000000000000444e-01 -1.991999999999999732e-06
-5.000000000000000000e-01 -2.340000000000000042e-06
-4.500000000000000111e-01 -2.420000000000000123e-06
-4.000000000000000222e-01 -2.241999999999999879e-06
-3.499999999999999778e-01 -1.928000000000000006e-06
-2.999999999999999889e-01 -1.438000000000000039e-06
-2.500000000000000000e-01 -1.177999999999999987e-06
-2.000000000000000111e-01 -9.180000000000000410e-07
-1.499999999999999944e-01 -8.219999999999999226e-07
-1.000000000000000056e-01 -8.299999999999998883e-07
-5.000000000000000278e-02 -8.739999999999999117e-07
0.000000000000000000e+00 -9.980000000000000162e-07
5.000000000000000278e-02 -1.173999999999999898e-06
1.000000000000000056e-01 -1.328000000000000245e-06
1.499999999999999944e-01 -1.423999999999999834e-06
2.000000000000000111e-01 -1.681999999999999735e-06
2.500000000000000000e-01 -1.881999999999999938e-06
2.999999999999999889e-01 -2.202000000000000262e-06
3.499999999999999778e-01 -2.531999999999999644e-06
4.000000000000000222e-01 -2.721999999999999942e-06
4.500000000000000111e-01 -2.783999999999999942e-06
5.000000000000000000e-01 -2.628000000000000080e-06
5.500000000000000444e-01 -2.249999999999999633e-06
5.999999999999999778e-01 -1.711999999999999872e-06
6.500000000000000222e-01 -7.360000000000000260e-07
6.999999999999999556e-01 3.679999999999999601e-07
7.500000000000000000e-01 1.735999999999999981e-06
8.000000000000000444e-01 3.016000000000000008e-06
8.499999999999999778e-01 4.416000000000000579e-06
9.000000000000000222e-01 5.593999999999999296e-06
9.499999999999999556e-01 6.476000000000001185e-06
1.000000000000000000e+00 7.206000000000000125e-06
1.050000000000000044e+00 7.575999999999999124e-06
1.100000000000000089e+00 7.642000000000000694e-06
1.149999999999999911e+00 7.335999999999998880e-06
1.199999999999999956e+00 6.896000000000000552e-06
1.250000000000000000e+00 6.108000000000000643e-06
1.300000000000000044e+00 5.217999999999998999e-06
1.350000000000000089e+00 4.102000000000000706e-06
1.399999999999999911e+00 2.618000000000000176e-06
1.449999999999999956e+00 7.839999999999999264e-07
1.500000000000000000e+00 -1.163999999999999994e-06
1.550000000000000044e+00 -3.251999999999999950e-06
1.600000000000000089e+00 -5.149999999999999820e-06
1.649999999999999911e+00 -6.885999999999999801e-06
1.699999999999999956e+00 -8.319999999999999962e-06
1.750000000000000000e+00 -9.384000000000000278e-06
1.800000000000000044e+00 -9.824000000000001148e-06
1.850000000000000089e+00 -9.918000000000000587e-06
1.899999999999999911e+00 -9.307999999999999651e-06
1.949999999999999956e+00 -8.215999999999998925e-06
2.000000000000000000e+00 -6.815999999999999624e-06
2.049999999999999822e+00 -4.981999999999999904e-06
2.100000000000000089e+00 -2.809999999999999778e-06
2.149999999999999911e+00 -6.419999999999999519e-07
2.200000000000000178e+00 1.639999999999999968e-06
2.250000000000000000e+00 3.827999999999999602e-06
2.299999999999999822e+00 5.679999999999999828e-06
2.350000000000000089e+00 7.089999999999999880e-06
2.399999999999999911e+00 8.223999999999999526e-06
2.450000000000000178e+00 8.847999999999998973e-06
2.500000000000000000e+00 9.197999999999999010e-06
2.549999999999999822e+00 8.942000000000000106e-06
2.600000000000000089e+00 8.315999999999999662e-06
2.649999999999999911e+00 7.247999999999999892e-06
2.700000000000000178e+00 5.825999999999999785e-06
2.750000000000000000e+00 4.261999999999999174e-06
2.799999999999999822e+00 2.477999999999999822e-06
2.850000000000000089e+00 8.339999999999999771e-07
2.899999999999999911e+00 -6.259999999999999145e-07
2.950000000000000178e+00 -1.831999999999999993e-06
3.000000000000000000e+00 -2.837999999999999764e-06
3.049999999999999822e+00 -3.404000000000000782e-06
3.100000000000000089e+00 -3.682000000000000492e-06
3.149999999999999911e+00 -3.732000000000000013e-06
3.200000000000000178e+00 -3.588000000000000206e-06
3.250000000000000000e+00 -3.214000000000000060e-06
3.299999999999999822e+00 -2.649999999999999615e-06
3.350000000000000089e+00 -2.181999999999999607e-06
3.399999999999999911e+00 -1.349999999999999992e-06
3.450000000000000178e+00 -8.139999999999999568e-07
3.500000000000000000e+00 -1.339999999999999823e-07
3.549999999999999822e+00 2.200000000000000112e-07
3.600000000000000089e+00 5.039999999999999603e-07
3.649999999999999911e+00 5.139999999999999704e-07
3.700000000000000178e+00 3.999999999999999819e-07
3.750000000000000000e+00 6.999999999999999154e-08
3.799999999999999822e+00 -2.899999999999999763e-07
3.850000000000000089e+00 -7.260000000000000159e-07
3.899999999999999911e+00 -1.095999999999999967e-06
3.950000000000000178e+00 -1.284000000000000116e-06
4.000000000000000000e+00 -1.321999999999999794e-06
4.049999999999999822e+00 -1.205999999999999973e-06
4.099999999999999645e+00 -7.819999999999999879e-07
4.150000000000000355e+00 -1.519999999999999847e-07
4.200000000000000178e+00 6.460000000000000406e-07
4.250000000000000000e+00 1.552000000000000133e-06
4.299999999999999822e+00 2.360000000000000274e-06
4.349999999999999645e+00 2.988000000000000021e-06
4.400000000000000355e+00 3.579999999999999605e-06
4.450000000000000178e+00 3.895999999999999629e-06
4.500000000000000000e+00 4.048000000000000037e-06
4.549999999999999822e+00 4.085999999999999504e-06
4.599999999999999645e+00 3.905999999999999533e-06
4.650000000000000355e+00 3.490000000000000043e-06
4.700000000000000178e+00 3.028000000000000062e-06
4.750000000000000000e+00 2.262000000000000112e-06
4.799999999999999822e+00 1.298000000000000109e-06
4.849999999999999645e+00 2.499999999999999887e-07
4.900000000000000355e+00 -8.660000000000000519e-07
4.950000000000000178e+00 -2.059999999999999759e-06
5.000000000000000000e+00 -3.070000000000000253e-06
