-5.000000000000000000e+00 1.037000000000000066e-05
-4.950000000000000178e+00 1.089200000000000007e-05
-4.900000000000000355e+00 1.048999999999999951e-05
-4.849999999999999645e+00 9.361999999999999473e-06
-4.799999999999999822e+00 7.694000000000001212e-06
-4.750000000000000000e+00 5.447999999999999338e-06
-4.700000000000000178e+00 2.853999999999999695e-06
-4.650000000000000355e+00 9.399999999999999469e-08
-4.599999999999999645e+00 -2.789999999999999969e-06
-4.549999999999999822e+00 -5.497999999999999707e-06
-4.500000000000000000e+00 -7.926000000000000008e-06
-4.450000000000000178e+00 -9.813999999999999550e-06
-4.400000000000000355e+00 -1.120599999999999910e-05
-4.349999999999999645e+00 -1.206599999999999933e-05
-4.299999999999999822e+00 -1.234399999999999904e-05
-4.250000000000000000e+00 -1.182199999999999964e-05
-4.200000000000000178e+00 -1.096399999999999870e-05
-4.150000000000000355e+00 -9.428000000000000196e-06
-4.099999999999999645e+00 -7.491999999999999589e-06
-4.049999999999999822e+00 -5.184000000000000680e-06
-4.000000000000000000e+00 -2.506000000000000232e-06
-3.950000000000000178e+00 3.919999999999999632e-07
-3.899999999999999911e+00 3.279999999999999936e-06
-3.850000000000000089e+00 6.083999999999999687e-06
-3.799999999999999822e+00 8.502000000000000930e-06
-3.750000000000000000e+00 1.041599999999999988e-05
-3.700000000000000178e+00 1.166999999999999838e-05
-3.649999999999999911e+00 1.211000000000000094e-05
-3.600000000000000089e+00 1.210400000000000134e-05
-3.549999999999999822e+00 1.129800000000000093e-05
-3.500000000000000000e+00 1.015600000000000068e-05
-3.450000000000000178e+00 8.460000000000000316e-06
-3.399999999999999911e+00 6.510000000000001198e-06
-3.350000000000000089e+00 4.417999999999999883e-06
-3.299999999999999822e+00 2.300000000000000002e-06
-3.250000000000000000e+00 8.399999999999999779e-08
-3.200000000000000178e+00 -2.078000000000000264e-06
-3.149999999999999911e+00 -4.040000000000000283e-06
-3.100000000000000089e+00 -5.664000000000000320e-06
-3.049999999999999822e+00 -6.854000000000000785e-06
-3.000000000000000000e+00 -7.585999999999999875e-06
-2.950000000000000178e+00 -7.845999999999999080e-06
-2.899999999999999911e+00 -7.622000000000000038e-06
-2.850000000000000089e+00 -6.958000000000000975e-06
-2.799999999999999822e+00 -6.078000000000000083e-06
-2.750000000000000000e+00 -4.755999999999999865e-06
-2.700000000000000178e+00 -3.288000000000000537e-06
-2.649999999999999911e+00 -1.740000000000000281e-06
-2.600000000000000089e+00 -8.800000000000000714e-08
-2.549999999999999822e+00 1.342000000000000026e-06
-2.500000000000000000e+00 2.550000000000000149e-06
-2.450000000000000178e+00 3.575999999999999728e-06
-2.399999999999999911e+00 4.264000000000000171e-06
-2.350000000000000089e+00 4.790000000000000726e-06
-2.299999999999999822e+00 4.838000000000000097e-06
-2.250000000000000000e+00 4.706000000000000344e-06
-2.200000000000000178e+00 4.403999999999999678e-06
-2.149999999999999911e+00 3.785999999999999835e-06
-2.100000000000000089e+00 3.016000000000000431e-06
-2.049999999999999822e+00 2.087999999999999745e-06
-2.000000000000000000e+00 1.014000000000000160e-06
-1.949999999999999956e+00 4.799999999999999306e-08
-1.899999999999999911e+00 -8.920000000000000994e-07
-1.850000000000000089e+00 -1.540000000000000079e-06
-1.800000000000000044e+00 -2.086000000000000018e-06
-1.750000000000000000e+00 -2.166000000000000099e-06
-1.699999999999999956e+00 -2.135999999999999963e-06
-1.649999999999999911e+00 -1.868000000000000157e-06
-1.600000000000000089e+00 -1.477999999999999867e-06
-1.550000000000000044e+00 -1.053999999999999988e-06
-1.500000000000000000e+00 -3.580000000000000029e-07
-1.449999999999999956e+00 4.000000000000000084e-08
-1.399999999999999911e+00 5.160000000000000148e-07
-1.350000000000000089e+00 9.239999999999999624e-07
-1.300000000000000044e+00 1.404000000000000025e-06
-1.250000000000000000e+00 1.761999999999999817e-06
-1.199999999999999956e+00 2.072000000000000237e-06
-1.149999999999999911e+00 2.444000000000000232e-06
-1.100000000000000089e+00 2.628000000000000080e-06
-1.050000000000000044e+00 2.640000000000000135e-06
-1.000000000000000000e+00 2.486000000000000000e-06
-9.499999999999999556e-01 2.104000000000000100e-06
-9.000000000000000222e-01 1.630000000000000064e-06
-8.499999999999999778e-01 8.880000000000000106e-07
-8.000000000000000444e-01 2.299999999999999949e-07
-7.500000000000000000e-01 -2.960000000000000035e-07
-6.999999999999999556e-01 -8.139999999999999568e-07
-6.500000000000000222e-01 -1.151999999999999939e-06
-5.999999999999999778e-01 -1.418000000000000018e-06
-5.500000000000000444e-01 -1.397999999999999786e-06
-5.000000000000000000e-01 -1.330000000000000183e-06
-4.500000000000000111e-01 -1.175999999999999837e-06
-4.000000000000000222e-01 -9.339999999999998667e-07
-3.499999999999999778e-01 -6.520000000000000679e-07
-2.999999999999999889e-01 -4.159999999999999134e-07
-2.500000000000000000e-01 -2.780000000000000277e-07
-2.000000000000000111e-01 -5.600000000000000514e-08
-1.499999999999999944e-01 6.600000000000000866e-08
-1.000000000000000056e-01 1.280000000000000080e-07
-5.000000000000000278e-02 1.039999999999999784e-07
0.000000000000000000e+00 1.999999999999999909e-07
5.000000000000000278e-02 7.599999999999999233e-08
1.000000000000000056e-01 8.000000000000000498e-09
1.499999999999999944e-01 -9.799999999999999080e-08
2.000000000000000111e-01 -3.019999999999999779e-07
2.500000000000000000e-01 -6.799999999999999481e-07
2.999999999999999889e-01 -1.095999999999999967e-06
3.499999999999999778e-01 -1.471999999999999840e-06
4.000000000000000222e-01 -1.681999999999999735e-06
4.500000000000000111e-01 -1.768000000000000056e-06
5.000000000000000000e-01 -1.655999999999999688e-06
5.500000000000000444e-01 -1.267999999999999972e-06
5.999999999999999778e-01 -6.559999999999999449e-07
6.500000000000000222e-01 2.119999999999999925e-07
6.999999999999999556e-01 1.362000000000000046e-06
7.500000000000000000e-01 2.748000000000000202e-06
8.000000000000000444e-01 4.088000000000000501e-06
8.499999999999999778e-01 5.597999999999999596e-06
9.000000000000000222e-01 6.865999999999999992e-06
9.499999999999999556e-01 7.955999999999999720e-06
1.000000000000000000e+00 8.454000000000000712e-06
1.050000000000000044e+00 8.491999999999999332e-06
1.100000000000000089e+00 8.068000000000001359e-06
1.149999999999999911e+00 7.092000000000000878e-06
1.199999999999999956e+00 5.721999999999999595e-06
1.250000000000000000e+00 3.890000000000000025e-06
1.300000000000000044e+00 2.020000000000000142e-06
1.350000000000000089e+00 -2.160000000000000019e-07
1.399999999999999911e+00 -2.533999999999999794e-06
1.449999999999999956e+00 -4.804000000000000083e-06
1.500000000000000000e+00 -6.989999999999999144e-06
1.550000000000000044e+00 -8.823999999999998864e-06
1.600000000000000089e+00 -1.031200000000000054e-05
1.649999999999999911e+00 -1.126000000000000061e-05
1.699999999999999956e+00 -1.151999999999999982e-05
1.750000000000000000e+00 -1.120399999999999979e-05
1.800000000000000044e+00 -1.027799999999999883e-05
1.850000000000000089e+00 -8.695999999999999412e-06
1.899999999999999911e+00 -6.807999999999999870e-06
1.949999999999999956e+00 -4.523999999999999376e-06
2.000000000000000000e+00 -1.997999999999999759e-06
2.049999999999999822e+00 6.339999999999999861e-07
2.100000000000000089e+00 3.328000000000000154e-06
2.149999999999999911e+00 5.879999999999999607e-06
2.200000000000000178e+00 8.091999999999999774e-06
2.250000000000000000e+00 9.765999999999999331e-06
2.299999999999999822e+00 1.097199999999999930e-05
2.350000000000000089e+00 1.148000000000000020e-05
2.399999999999999911e+00 1.142200000000000008e-05
2.450000000000000178e+00 1.082599999999999935e-05
2.500000000000000000e+00 9.643999999999999483e-06
2.549999999999999822e+00 8.063999999999999364e-06
2.600000000000000089e+00 6.051999999999999824e-06
2.649999999999999911e+00 3.870000000000000217e-06
2.700000000000000178e+00 1.812000000000000185e-06
2.750000000000000000e+00 -1.459999999999999839e-07
2.799999999999999822e+00 -1.802000000000000069e-06
2.850000000000000089e+00 -3.250000000000000224e-06
2.899999999999999911e+00 -4.235999999999999762e-06
2.950000000000000178e+00 -4.838000000000000097e-06
3.000000000000000000e+00 -5.173999999999999929e-06
3.049999999999999822e+00 -5.154000000000000120e-06
3.100000000000000089e+00 -4.952000000000000191e-06
3.149999999999999911e+00 -4.361999999999999064e-06
3.200000000000000178e+00 -3.708000000000000328e-06
3.250000000000000000e+00 -2.895999999999999886e-06
3.299999999999999822e+00 -1.943999999999999514e-06
3.350000000000000089e+00 -9.680000000000000917e-07
3.399999999999999911e+00 -2.020000000000000089e-07
3.450000000000000178e+00 4.859999999999999844e-07
3.500000000000000000e+00 9.100000000000000753e-07
3.549999999999999822e+00 9.900000000000000505e-07
3.600000000000000089e+00 7.339999999999998757e-07
3.649999999999999911e+00 3.419999999999999655e-07
3.700000000000000178e+00 -3.019999999999999779e-07
3.750000000000000000e+00 -9.780000000000002077e-07
3.799999999999999822e+00 -1.610000000000000255e-06
3.850000000000000089e+00 -2.099999999999999799e-06
3.899999999999999911e+00 -2.447999999999999686e-06
3.950000000000000178e+00 -2.676000000000000298e-06
4.000000000000000000e+00 -2.424000000000000000e-06
4.049999999999999822e+00 -1.959999999999999869e-06
4.099999999999999645e+00 -1.157999999999999967e-06
4.150000000000000355e+00 -1.340000000000000088e-07
4.200000000000000178e+00 1.193999999999999918e-06
4.250000000000000000e+00 2.543999999999999699e-06
4.299999999999999822e+00 3.928000000000000339e-06
4.349999999999999645e+00 5.056000000000000381e-06
4.400000000000000355e+00 6.287999999999999766e-06
4.450000000000000178e+00 7.066000000000000618e-06
4.500000000000000000e+00 7.691999999999998521e-06
4.549999999999999822e+00 7.950000000000000117e-06
4.599999999999999645e+00 7.794000000000000255e-06
4.650000000000000355e+00 7.270000000000000698e-06
4.700000000000000178e+00 6.458000000000000680e-06
4.750000000000000000e+00 5.234000000000000201e-06
4.799999999999999822e+00 3.805999999999999644e-06
4.849999999999999645e+00 2.157999999999999921e-06
4.900000000000000355e+00 2.679999999999999646e-07
4.950000000000000178e+00 -1.710000000000000145e-06
5.000000000000000000e+00 -3.459999999999999907e-06
