-5.999999999999999778e-01 -1.599000000000000064e-06
-5.500000000000000444e-01 -2.245999999999999756e-06
-5.000000000000000000e-01 -2.450999999999999911e-06
-4.500000000000000111e-01 -2.511999999999999836e-06
-4.000000000000000222e-01 -2.279999999999999770e-06
-3.499999999999999778e-01 -1.956999999999999644e-06
-2.999999999999999889e-01 -1.661999999999999927e-06
-2.500000000000000000e-01 -1.275999999999999938e-06
-2.000000000000000111e-01 -1.067999999999999981e-06
-1.499999999999999944e-01 -8.750000000000000928e-07
-1.000000000000000056e-01 -7.640000000000001179e-07
-5.000000000000000278e-02 -7.389999999999999337e-07
0.000000000000000000e+00 -7.919999999999999980e-07
5.000000000000000278e-02 -7.160000000000001116e-07
1.000000000000000056e-01 -7.550000000000000770e-07
1.499999999999999944e-01 -7.929999999999998614e-07
2.000000000000000111e-01 -9.130000000000000889e-07
2.500000000000000000e-01 -1.272000000000000061e-06
2.999999999999999889e-01 -1.619000000000000296e-06
3.499999999999999778e-01 -1.963999999999999746e-06
4.000000000000000222e-01 -2.358999999999999776e-06
4.500000000000000111e-01 -2.575999999999999562e-06
5.000000000000000000e-01 -2.550000000000000149e-06
5.500000000000000444e-01 -2.262999999999999763e-06
5.999999999999999778e-01 -1.698999999999999742e-06
