-5.000000000000000000e+00 7.472616676907761682e-08
-4.950000000000000178e+00 8.489994110716448787e-08
-4.900000000000000355e+00 1.303840481040529685e-07
-4.849999999999999645e+00 1.565886330485070811e-07
-4.799999999999999822e+00 1.513803157613301015e-07
-4.750000000000000000e+00 9.024411338142781370e-08
-4.700000000000000178e+00 4.326661530556786292e-08
-4.650000000000000355e+00 -5.059644256269406573e-08
-4.599999999999999645e+00 -8.910667763978186346e-08
-4.549999999999999822e+00 -2.561249694973139468e-08
-4.500000000000000000e+00 1.512216915657274489e-07
-4.450000000000000178e+00 4.670974202454986348e-07
-4.400000000000000355e+00 8.820204079271635348e-07
-4.349999999999999645e+00 1.366093701032253378e-06
-4.299999999999999822e+00 1.802110984373603897e-06
-4.250000000000000000e+00 2.204008166954015927e-06
-4.200000000000000178e+00 2.472007281542673947e-06
-4.150000000000000355e+00 2.552063478834333343e-06
-4.099999999999999645e+00 2.504288322058784180e-06
-4.049999999999999822e+00 2.302146824162177558e-06
-4.000000000000000000e+00 1.934698942988288456e-06
-3.950000000000000178e+00 1.385478978548573994e-06
-3.899999999999999911e+00 7.232205749285622023e-07
-3.850000000000000089e+00 -1.209297316626477864e-07
-3.799999999999999822e+00 -9.228217596047460837e-07
-3.750000000000000000e+00 -1.742313404643378224e-06
-3.700000000000000178e+00 -2.596933576355006228e-06
-3.649999999999999911e+00 -3.289100180900545315e-06
-3.600000000000000089e+00 -3.847202100228164187e-06
-3.549999999999999822e+00 -4.117156785938567973e-06
-3.500000000000000000e+00 -4.111599202256951694e-06
-3.450000000000000178e+00 -3.819106178152160744e-06
-3.399999999999999911e+00 -3.284218019559602981e-06
-3.350000000000000089e+00 -2.462369590455502490e-06
-3.299999999999999822e+00 -1.446038727005608190e-06
-3.250000000000000000e+00 -2.702665351093250351e-07
-3.200000000000000178e+00 1.012387277675890308e-06
-3.149999999999999911e+00 2.298264562664620239e-06
-3.100000000000000089e+00 3.525908677206487168e-06
-3.049999999999999822e+00 4.596319397082843524e-06
-3.000000000000000000e+00 5.416551301335565020e-06
-2.950000000000000178e+00 5.990041402194145330e-06
-2.899999999999999911e+00 6.176742507179653797e-06
-2.850000000000000089e+00 6.052677093650378475e-06
-2.799999999999999822e+00 5.487995991252179685e-06
-2.750000000000000000e+00 4.590732403440653494e-06
-2.700000000000000178e+00 3.270015290484128685e-06
-2.649999999999999911e+00 1.682803613022030358e-06
-2.600000000000000089e+00 1.634870025414864256e-07
-2.549999999999999822e+00 -1.743442571466006249e-06
-2.500000000000000000e+00 -3.363834121950724060e-06
-2.450000000000000178e+00 -4.601551912127038175e-06
-2.399999999999999911e+00 -5.478508556167453599e-06
-2.350000000000000089e+00 -5.944573660070166060e-06
-2.299999999999999822e+00 -6.020892292675563640e-06
-2.250000000000000000e+00 -5.633790908438119120e-06
-2.200000000000000178e+00 -4.887028135789684646e-06
-2.149999999999999911e+00 -3.843850153166743172e-06
-2.100000000000000089e+00 -2.550530140970695986e-06
-2.049999999999999822e+00 -1.106065097541731574e-06
-2.000000000000000000e+00 5.011347124277063035e-07
-1.949999999999999956e+00 2.024305312940713137e-06
-1.899999999999999911e+00 3.505556731818784616e-06
-1.850000000000000089e+00 4.720680035757560927e-06
-1.800000000000000044e+00 5.560457535131439364e-06
-1.750000000000000000e+00 6.073773785711812042e-06
-1.699999999999999956e+00 6.088310438865614066e-06
-1.649999999999999911e+00 5.621473116541607033e-06
-1.600000000000000089e+00 4.804468753150549899e-06
-1.550000000000000044e+00 3.574181304858498345e-06
-1.500000000000000000e+00 2.185634919193962518e-06
-1.449999999999999956e+00 6.749281443235271061e-07
-1.399999999999999911e+00 -1.083115875610730811e-06
-1.350000000000000089e+00 -2.474380730607155076e-06
-1.300000000000000044e+00 -3.733826455527894731e-06
-1.250000000000000000e+00 -4.638405329420876786e-06
-1.199999999999999956e+00 -5.248147863770608841e-06
-1.149999999999999911e+00 -5.315945823651704709e-06
-1.100000000000000089e+00 -4.999707191426313484e-06
-1.050000000000000044e+00 -4.208282309921710018e-06
-1.000000000000000000e+00 -3.105337984825484301e-06
-9.499999999999999556e-01 -1.824741077523054818e-06
-9.000000000000000222e-01 -3.687221175899270402e-07
-8.499999999999999778e-01 1.173427458345849200e-06
-8.000000000000000444e-01 2.499567962668748818e-06
-7.500000000000000000e-01 3.709848514427509440e-06
-6.999999999999999556e-01 4.640890000851130093e-06
-6.500000000000000222e-01 5.205522067958217955e-06
-5.999999999999999778e-01 5.496970074504681419e-06
-5.500000000000000444e-01 5.341499789384999763e-06
-5.000000000000000000e-01 4.901939208109378587e-06
-4.500000000000000111e-01 4.082905338114025034e-06
-4.000000000000000222e-01 3.128399590845133453e-06
-3.499999999999999778e-01 1.952898358850250134e-06
-2.999999999999999889e-01 7.261542535852833518e-07
-2.500000000000000000e-01 -8.002499609497023894e-07
-2.000000000000000111e-01 -1.926084110312942919e-06
-1.499999999999999944e-01 -3.068831699523452022e-06
-1.000000000000000056e-01 -3.937036956900454863e-06
-5.000000000000000278e-02 -4.542789011169239719e-06
0.000000000000000000e+00 -4.738604435907263695e-06
5.000000000000000278e-02 -4.615161968988737728e-06
1.000000000000000056e-01 -4.159665851964553754e-06
1.499999999999999944e-01 -3.296602493477186555e-06
2.000000000000000111e-01 -2.261415485929111515e-06
2.500000000000000000e-01 -1.030481440880911865e-06
2.999999999999999889e-01 3.526187743158324769e-07
3.499999999999999778e-01 1.512937540019415653e-06
4.000000000000000222e-01 2.671886225122619133e-06
4.500000000000000111e-01 3.648080042981513067e-06
5.000000000000000000e-01 4.297320560535367560e-06
5.500000000000000444e-01 4.666210453890822871e-06
5.999999999999999778e-01 4.744742353384427889e-06
6.500000000000000222e-01 4.478322007180815134e-06
6.999999999999999556e-01 3.969772285660727873e-06
7.500000000000000000e-01 3.193158311139615436e-06
8.000000000000000444e-01 2.263485807333458539e-06
8.499999999999999778e-01 1.227175619053768643e-06
9.000000000000000222e-01 3.637856511738743744e-07
9.499999999999999556e-01 -1.226275662320670825e-06
1.000000000000000000e+00 -2.220084683069544534e-06
1.050000000000000044e+00 -3.052391849025940558e-06
1.100000000000000089e+00 -3.664469948027955118e-06
1.149999999999999911e+00 -3.989531300792111458e-06
1.199999999999999956e+00 -4.089943275890266326e-06
1.250000000000000000e+00 -3.939393862004661116e-06
1.300000000000000044e+00 -3.494899712438112547e-06
1.350000000000000089e+00 -2.810333076345221970e-06
1.399999999999999911e+00 -2.014120155303551057e-06
1.449999999999999956e+00 -9.758790908714048465e-07
1.500000000000000000e+00 3.284021924409152846e-07
1.550000000000000044e+00 1.416187840648266320e-06
1.600000000000000089e+00 2.565055165098793799e-06
1.649999999999999911e+00 3.534570978209377623e-06
1.699999999999999956e+00 4.259142167150563263e-06
1.750000000000000000e+00 4.776243293635699424e-06
1.800000000000000044e+00 4.872776621188375853e-06
1.850000000000000089e+00 4.632493928760188466e-06
1.899999999999999911e+00 4.208818361488174999e-06
1.949999999999999956e+00 3.474082900565269689e-06
2.000000000000000000e+00 2.578844702575166644e-06
2.049999999999999822e+00 1.591763801573587661e-06
2.100000000000000089e+00 6.237980442418845113e-07
2.149999999999999911e+00 -8.039825868761089287e-07
2.200000000000000178e+00 -1.752004566204095511e-06
2.250000000000000000e+00 -2.650214330955139917e-06
2.299999999999999822e+00 -3.378431588770149402e-06
2.350000000000000089e+00 -3.810755830540708219e-06
2.399999999999999911e+00 -3.975328917209241329e-06
2.450000000000000178e+00 -3.966736189866928430e-06
2.500000000000000000e+00 -3.605216775729304036e-06
2.549999999999999822e+00 -3.016387906089002835e-06
2.600000000000000089e+00 -2.250127996359318340e-06
2.649999999999999911e+00 -1.337131257580945240e-06
2.700000000000000178e+00 -3.903331910048132746e-07
2.750000000000000000e+00 9.563451259874752005e-07
2.799999999999999822e+00 2.043269928325672901e-06
2.850000000000000089e+00 3.030894257475836734e-06
2.899999999999999911e+00 3.755061118011263039e-06
2.950000000000000178e+00 4.354154797431987643e-06
3.000000000000000000e+00 4.440294134401458650e-06
3.049999999999999822e+00 4.357409322062824145e-06
3.100000000000000089e+00 4.021345048612467372e-06
3.149999999999999911e+00 3.402037624718457051e-06
3.200000000000000178e+00 2.640378760708395026e-06
3.250000000000000000e+00 1.730739726244244184e-06
3.299999999999999822e+00 8.997955323294288370e-07
3.350000000000000089e+00 -5.581576838134543667e-07
3.399999999999999911e+00 -1.363009904586169930e-06
3.450000000000000178e+00 -2.236680576211095817e-06
3.500000000000000000e+00 -2.998672372901047734e-06
3.549999999999999822e+00 -3.506766601871301612e-06
3.600000000000000089e+00 -3.762196167134296993e-06
3.649999999999999911e+00 -3.705447881160927015e-06
3.700000000000000178e+00 -3.381035344387869301e-06
3.750000000000000000e+00 -2.758939651387830034e-06
3.799999999999999822e+00 -2.074987228876360911e-06
3.850000000000000089e+00 -1.265898890117216254e-06
3.899999999999999911e+00 -4.336726876343494306e-07
3.950000000000000178e+00 7.543924708001796711e-07
4.000000000000000000e+00 1.520321018732556958e-06
4.049999999999999822e+00 2.308454894512777725e-06
4.099999999999999645e+00 2.959652006571043335e-06
4.150000000000000355e+00 3.371103676839382544e-06
4.200000000000000178e+00 3.637750953542587272e-06
4.250000000000000000e+00 3.655625801418957835e-06
4.299999999999999822e+00 3.441284062671955452e-06
4.349999999999999645e+00 3.064475811619337865e-06
4.400000000000000355e+00 2.475843290678955978e-06
4.450000000000000178e+00 1.765333962739062311e-06
4.500000000000000000e+00 9.616028286148081937e-07
4.549999999999999822e+00 4.609945769746103798e-07
4.599999999999999645e+00 -8.660023094657427175e-07
4.650000000000000355e+00 -1.516339012226487770e-06
4.700000000000000178e+00 -2.061119113491503396e-06
4.750000000000000000e+00 -2.448459107275430907e-06
4.799999999999999822e+00 -2.738780020374034805e-06
4.849999999999999645e+00 -2.874763294603574958e-06
4.900000000000000355e+00 -2.741784090697150723e-06
4.950000000000000178e+00 -2.439999999999999932e-06
5.000000000000000000e+00 -1.992731793292815078e-06
