-5.000000000000000000e+00 2.195247594236240269e-06
-4.950000000000000178e+00 3.008010638279060178e-06
-4.900000000000000355e+00 3.672034858222345493e-06
-4.849999999999999645e+00 4.062126044327033983e-06
-4.799999999999999822e+00 4.226579704678476326e-06
-4.750000000000000000e+00 4.328336863045665367e-06
-4.700000000000000178e+00 4.164555198337513210e-06
-4.650000000000000355e+00 3.951368876731201348e-06
-4.599999999999999645e+00 3.477236834039349263e-06
-4.549999999999999822e+00 3.039580234177080456e-06
-4.500000000000000000e+00 2.433382008645580376e-06
-4.450000000000000178e+00 1.852312068740037842e-06
-4.400000000000000355e+00 1.224653420360225870e-06
-4.349999999999999645e+00 5.540144402450174967e-07
-4.299999999999999822e+00 -2.526024544615511449e-07
-4.250000000000000000e+00 -9.008018650069503372e-07
-4.200000000000000178e+00 -1.686741236823242080e-06
-4.150000000000000355e+00 -2.342874303073043575e-06
-4.099999999999999645e+00 -2.939148175917641933e-06
-4.049999999999999822e+00 -3.473679317380923552e-06
-4.000000000000000000e+00 -3.732334926021511347e-06
-3.950000000000000178e+00 -3.895610350124867989e-06
-3.899999999999999911e+00 -3.891128371051255237e-06
-3.850000000000000089e+00 -3.670614662423719856e-06
-3.799999999999999822e+00 -3.317171083920754892e-06
-3.750000000000000000e+00 -2.917934200766014265e-06
-3.700000000000000178e+00 -2.305841278145571119e-06
-3.649999999999999911e+00 -1.617348447305032491e-06
-3.600000000000000089e+00 -8.064390863543258794e-07
-3.549999999999999822e+00 1.364990842460124053e-07
-3.500000000000000000e+00 1.002049898957132675e-06
-3.450000000000000178e+00 1.952461011134409374e-06
-3.399999999999999911e+00 2.912083103209797191e-06
-3.350000000000000089e+00 3.754013319102637635e-06
-3.299999999999999822e+00 4.387139842767722921e-06
-3.250000000000000000e+00 4.962145503711071341e-06
-3.200000000000000178e+00 5.170891219122676130e-06
-3.149999999999999911e+00 5.191041899272245270e-06
-3.100000000000000089e+00 4.972778700083083218e-06
-3.049999999999999822e+00 4.511649809105312326e-06
-3.000000000000000000e+00 4.028574437688846344e-06
-2.950000000000000178e+00 3.259993865024901712e-06
-2.899999999999999911e+00 2.521333774017236503e-06
-2.850000000000000089e+00 1.655838156342581857e-06
-2.799999999999999822e+00 7.725076051405578858e-07
-2.750000000000000000e+00 -2.062425756239482350e-07
-2.700000000000000178e+00 -1.200006666648148327e-06
-2.649999999999999911e+00 -2.112969474460054879e-06
-2.600000000000000089e+00 -3.062441509645531234e-06
-2.549999999999999822e+00 -3.911840998813729552e-06
-2.500000000000000000e+00 -4.560274114568115267e-06
-2.450000000000000178e+00 -4.979182663851567975e-06
-2.399999999999999911e+00 -5.109361212519623435e-06
-2.350000000000000089e+00 -5.029665992886605246e-06
-2.299999999999999822e+00 -4.612602302388532937e-06
-2.250000000000000000e+00 -3.994398578008960719e-06
-2.200000000000000178e+00 -3.269295336918951340e-06
-2.149999999999999911e+00 -2.435394013296411342e-06
-2.100000000000000089e+00 -1.568183662713012536e-06
-2.049999999999999822e+00 -6.655193460749282199e-07
-2.000000000000000000e+00 1.880425483766905202e-07
-1.949999999999999956e+00 1.059815078209401642e-06
-1.899999999999999911e+00 1.900304186176518470e-06
-1.850000000000000089e+00 2.796140196771256446e-06
-1.800000000000000044e+00 3.674004899289058020e-06
-1.750000000000000000e+00 4.456011220811725042e-06
-1.699999999999999956e+00 5.088428048032123252e-06
-1.649999999999999911e+00 5.542548872134552157e-06
-1.600000000000000089e+00 5.724531421872011468e-06
-1.550000000000000044e+00 5.638270656859246467e-06
-1.500000000000000000e+00 5.257369684547587727e-06
-1.449999999999999956e+00 4.650753057301580022e-06
-1.399999999999999911e+00 3.869397885976576912e-06
-1.350000000000000089e+00 2.895796954207943245e-06
-1.300000000000000044e+00 1.962864233715617947e-06
-1.250000000000000000e+00 8.638171102727706690e-07
-1.199999999999999956e+00 -8.207313811473275091e-08
-1.149999999999999911e+00 -9.728226971036396573e-07
-1.100000000000000089e+00 -1.932149062572554024e-06
-1.050000000000000044e+00 -2.774018024454779811e-06
-1.000000000000000000e+00 -3.546272973136727147e-06
-9.499999999999999556e-01 -4.274748647581515953e-06
-9.000000000000000222e-01 -4.805297909599361686e-06
-8.499999999999999778e-01 -5.159492223077771769e-06
-8.000000000000000444e-01 -5.353302158481249021e-06
-7.500000000000000000e-01 -5.168268181896136945e-06
-6.999999999999999556e-01 -4.724513519929855675e-06
-6.500000000000000222e-01 -3.934496155799367765e-06
-5.999999999999999778e-01 -3.123339879039743791e-06
-5.500000000000000444e-01 -2.044090996017545012e-06
-5.000000000000000000e-01 -9.638443857801941648e-07
-4.500000000000000111e-01 2.121320343559642205e-07
-4.000000000000000222e-01 1.179576195080250065e-06
-3.499999999999999778e-01 2.126482541663580407e-06
-2.999999999999999889e-01 2.920937520728575819e-06
-2.500000000000000000e-01 3.704863830156244299e-06
-2.000000000000000111e-01 4.332022622286268646e-06
-1.499999999999999944e-01 4.870868916322837004e-06
-1.000000000000000056e-01 5.264276968397464314e-06
-5.000000000000000278e-02 5.488771082856345011e-06
0.000000000000000000e+00 5.539214745792041730e-06
5.000000000000000278e-02 5.388033036275854810e-06
1.000000000000000056e-01 5.000929913526083094e-06
1.499999999999999944e-01 4.442021611833962946e-06
2.000000000000000111e-01 3.587142037890331421e-06
2.500000000000000000e-01 2.776785191547952811e-06
2.999999999999999889e-01 1.720086044359409462e-06
3.499999999999999778e-01 6.609841147864295146e-07
4.000000000000000222e-01 -4.386935148825430115e-07
4.500000000000000111e-01 -1.381674346580987892e-06
5.000000000000000000e-01 -2.182668092037815531e-06
5.500000000000000444e-01 -2.990216714554314920e-06
5.999999999999999778e-01 -3.614757529904322960e-06
6.500000000000000222e-01 -4.188842322169694182e-06
6.999999999999999556e-01 -4.564210336958629194e-06
7.500000000000000000e-01 -4.825484431639999210e-06
8.000000000000000444e-01 -4.863279963152439607e-06
8.499999999999999778e-01 -4.790968169378711396e-06
9.000000000000000222e-01 -4.461049203942946737e-06
9.499999999999999556e-01 -3.897105592616140539e-06
1.000000000000000000e+00 -3.183359860273419231e-06
1.050000000000000044e+00 -2.217028642124409279e-06
1.100000000000000089e+00 -1.216979868362661160e-06
1.149999999999999911e+00 -3.126979373133120030e-07
1.199999999999999956e+00 9.451708840204505679e-07
1.250000000000000000e+00 1.892047568112387743e-06
1.300000000000000044e+00 2.803141808756738745e-06
1.350000000000000089e+00 3.564056116280998891e-06
1.399999999999999911e+00 4.208456724263658229e-06
1.449999999999999956e+00 4.708785406025634101e-06
1.500000000000000000e+00 5.024299752204280906e-06
1.550000000000000044e+00 5.277278844252973357e-06
1.600000000000000089e+00 5.304920357554861495e-06
1.649999999999999911e+00 5.161600139491628541e-06
1.699999999999999956e+00 4.818026982074716897e-06
1.750000000000000000e+00 4.312456376590956194e-06
1.800000000000000044e+00 3.656831962231790122e-06
1.850000000000000089e+00 2.721958853472991322e-06
1.899999999999999911e+00 1.809447429465691922e-06
1.949999999999999956e+00 7.204054414008822274e-07
2.000000000000000000e+00 -3.643734348165354093e-07
2.049999999999999822e+00 -1.354053174731332539e-06
2.100000000000000089e+00 -2.230474389003379476e-06
2.149999999999999911e+00 -3.029221021979082910e-06
2.200000000000000178e+00 -3.722069316925733727e-06
2.250000000000000000e+00 -4.234801057901068155e-06
2.299999999999999822e+00 -4.691161476649466418e-06
2.350000000000000089e+00 -4.948622434577121875e-06
2.399999999999999911e+00 -5.079503912785184327e-06
2.450000000000000178e+00 -5.006110266464373946e-06
2.500000000000000000e+00 -4.741637269973315435e-06
2.549999999999999822e+00 -4.278553493880846250e-06
2.600000000000000089e+00 -3.595920466306228322e-06
2.649999999999999911e+00 -2.730117213600910577e-06
2.700000000000000178e+00 -1.648316717139033187e-06
2.750000000000000000e+00 -5.320939766620178887e-07
2.799999999999999822e+00 6.562469047546054094e-07
2.850000000000000089e+00 1.768824468397019947e-06
2.899999999999999911e+00 2.962067521175031955e-06
2.950000000000000178e+00 3.950146326403617345e-06
3.000000000000000000e+00 4.812879387643119070e-06
3.049999999999999822e+00 5.498690753261179424e-06
3.100000000000000089e+00 5.989682462368100747e-06
3.149999999999999911e+00 6.272292085035581364e-06
3.200000000000000178e+00 6.338637393004903665e-06
3.250000000000000000e+00 6.220395485819209835e-06
3.299999999999999822e+00 5.744255217171326676e-06
3.350000000000000089e+00 5.175907649871662943e-06
3.399999999999999911e+00 4.301123574137345080e-06
3.450000000000000178e+00 3.225678223257862428e-06
3.500000000000000000e+00 1.966440438965797844e-06
3.549999999999999822e+00 6.542201464339048477e-07
3.600000000000000089e+00 -7.143388551660899311e-07
3.649999999999999911e+00 -2.038008832169282150e-06
3.700000000000000178e+00 -3.164531560910714230e-06
3.750000000000000000e+00 -4.175345734187768311e-06
3.799999999999999822e+00 -4.923291581858624381e-06
3.850000000000000089e+00 -5.406064742490604877e-06
3.899999999999999911e+00 -5.716962830034842399e-06
3.950000000000000178e+00 -5.748150659125073023e-06
4.000000000000000000e+00 -5.576132351370437156e-06
4.049999999999999822e+00 -5.175180769789592288e-06
4.099999999999999645e+00 -4.649817630832417117e-06
4.150000000000000355e+00 -3.921645572970612088e-06
4.200000000000000178e+00 -2.974026227187648484e-06
4.250000000000000000e+00 -1.854883284737883380e-06
4.299999999999999822e+00 -7.002685199264637109e-07
4.349999999999999645e+00 5.644714341753707456e-07
4.400000000000000355e+00 1.679220057050296359e-06
4.450000000000000178e+00 2.840281676172276931e-06
4.500000000000000000e+00 3.758257574994029294e-06
4.549999999999999822e+00 4.506543686684951753e-06
4.599999999999999645e+00 5.101143401238588381e-06
4.650000000000000355e+00 5.460344677765313977e-06
4.700000000000000178e+00 5.563741187366643499e-06
4.750000000000000000e+00 5.457449221018917821e-06
4.799999999999999822e+00 5.218389789963949752e-06
4.849999999999999645e+00 4.878783864858126224e-06
4.900000000000000355e+00 4.400440887002120147e-06
4.950000000000000178e+00 3.734604128953964864e-06
5.000000000000000000e+00 2.970312441478168615e-06
