-5.000000000000000000e+00 3.989999999999999068e-06
-4.950000000000000178e+00 3.620000000000000069e-06
-4.900000000000000355e+00 3.172000000000000293e-06
-4.849999999999999645e+00 2.704000000000000284e-06
-4.799999999999999822e+00 2.106000000000000250e-06
-4.750000000000000000e+00 1.439999999999999977e-06
-4.700000000000000178e+00 5.900000000000000686e-07
-4.650000000000000355e+00 -1.739999999999999964e-07
-4.599999999999999645e+00 -1.022000000000000125e-06
-4.549999999999999822e+00 -1.760000000000000090e-06
-4.500000000000000000e+00 -2.436000000000000478e-06
-4.450000000000000178e+00 -3.047999999999999871e-06
-4.400000000000000355e+00 -3.495999999999999647e-06
-4.349999999999999645e+00 -3.589999999999999933e-06
-4.299999999999999822e+00 -3.706000000000000177e-06
-4.250000000000000000e+00 -3.372000000000000072e-06
-4.200000000000000178e+00 -3.158000000000000088e-06
-4.150000000000000355e+00 -2.887999999999999708e-06
-4.099999999999999645e+00 -2.300000000000000002e-06
-4.049999999999999822e+00 -1.659999999999999988e-06
-4.000000000000000000e+00 -9.800000000000001462e-07
-3.950000000000000178e+00 -2.840000000000000020e-07
-3.899999999999999911e+00 3.580000000000000029e-07
-3.850000000000000089e+00 1.153999999999999878e-06
-3.799999999999999822e+00 1.959999999999999869e-06
-3.750000000000000000e+00 2.574000000000000258e-06
-3.700000000000000178e+00 3.275999999999999636e-06
-3.649999999999999911e+00 3.713999999999999931e-06
-3.600000000000000089e+00 4.108000000000000310e-06
-3.549999999999999822e+00 4.354000000000001004e-06
-3.500000000000000000e+00 4.394000000000000621e-06
-3.450000000000000178e+00 4.395999999999999924e-06
-3.399999999999999911e+00 3.989999999999999915e-06
-3.350000000000000089e+00 3.669999999999999590e-06
-3.299999999999999822e+00 3.165999999999999842e-06
-3.250000000000000000e+00 2.439999999999999932e-06
-3.200000000000000178e+00 1.831999999999999993e-06
-3.149999999999999911e+00 9.360000000000000169e-07
-3.100000000000000089e+00 2.200000000000000509e-08
-3.049999999999999822e+00 -1.018000000000000037e-06
-3.000000000000000000e+00 -1.912000000000000074e-06
-2.950000000000000178e+00 -2.873999999999999927e-06
-2.899999999999999911e+00 -3.631999999999999700e-06
-2.850000000000000089e+00 -4.261999999999999174e-06
-2.799999999999999822e+00 -4.527999999999999677e-06
-2.750000000000000000e+00 -4.671999999999999484e-06
-2.700000000000000178e+00 -4.570000000000000291e-06
-2.649999999999999911e+00 -4.186000000000000240e-06
-2.600000000000000089e+00 -3.668000000000000287e-06
-2.549999999999999822e+00 -3.147999999999999760e-06
-2.500000000000000000e+00 -2.236000000000000276e-06
-2.450000000000000178e+00 -1.340000000000000088e-06
-2.399999999999999911e+00 -5.180000000000000591e-07
-2.350000000000000089e+00 3.200000000000000067e-07
-2.299999999999999822e+00 1.246000000000000013e-06
-2.250000000000000000e+00 2.378000000000000356e-06
-2.200000000000000178e+00 3.264000000000000005e-06
-2.149999999999999911e+00 4.296000000000000881e-06
-2.100000000000000089e+00 5.006000000000000013e-06
-2.049999999999999822e+00 5.519999999999999666e-06
-2.000000000000000000e+00 5.897999999999999265e-06
-1.949999999999999956e+00 5.797999999999999376e-06
-1.899999999999999911e+00 5.499999999999999857e-06
-1.850000000000000089e+00 5.006000000000000860e-06
-1.800000000000000044e+00 4.328000000000000744e-06
-1.750000000000000000e+00 3.505999999999999975e-06
-1.699999999999999956e+00 2.456000000000000287e-06
-1.649999999999999911e+00 1.616000000000000071e-06
-1.600000000000000089e+00 6.099999999999999830e-07
-1.550000000000000044e+00 -2.080000000000000096e-07
-1.500000000000000000e+00 -1.044000000000000084e-06
-1.449999999999999956e+00 -2.008000000000000087e-06
-1.399999999999999911e+00 -2.843999999999999791e-06
-1.350000000000000089e+00 -3.688000000000000096e-06
-1.300000000000000044e+00 -4.432000000000000087e-06
-1.250000000000000000e+00 -4.787999999999999728e-06
-1.199999999999999956e+00 -5.335999999999999394e-06
-1.149999999999999911e+00 -5.415999999999999475e-06
-1.100000000000000089e+00 -5.021999999999999521e-06
-1.050000000000000044e+00 -4.641999999999999771e-06
-1.000000000000000000e+00 -3.814000000000000245e-06
-9.499999999999999556e-01 -2.888000000000000132e-06
-9.000000000000000222e-01 -1.783999999999999775e-06
-8.499999999999999778e-01 -7.600000000000000291e-07
-8.000000000000000444e-01 3.560000000000000114e-07
-7.500000000000000000e-01 1.143999999999999974e-06
-6.999999999999999556e-01 2.302000000000000152e-06
-6.500000000000000222e-01 3.221999999999999814e-06
-5.999999999999999778e-01 4.022000000000000625e-06
-5.500000000000000444e-01 4.857999999999999905e-06
-5.000000000000000000e-01 5.504000000000000158e-06
-4.500000000000000111e-01 6.057999999999999427e-06
-4.000000000000000222e-01 6.267999999999999958e-06
-3.499999999999999778e-01 6.239999999999999548e-06
-2.999999999999999889e-01 5.877999999999999457e-06
-2.500000000000000000e-01 5.302000000000000228e-06
-2.000000000000000111e-01 4.380000000000000416e-06
-1.499999999999999944e-01 3.291999999999999567e-06
-1.000000000000000056e-01 2.176000000000000003e-06
-5.000000000000000278e-02 1.007999999999999921e-06
0.000000000000000000e+00 -6.400000000000001722e-08
5.000000000000000278e-02 -1.294000000000000232e-06
1.000000000000000056e-01 -2.253999999999999934e-06
1.499999999999999944e-01 -3.019999999999999885e-06
2.000000000000000111e-01 -3.698000000000000000e-06
2.500000000000000000e-01 -4.412000000000000279e-06
2.999999999999999889e-01 -4.882000000000000014e-06
3.499999999999999778e-01 -5.216000000000000543e-06
4.000000000000000222e-01 -5.316000000000000433e-06
4.500000000000000111e-01 -5.270000000000000365e-06
5.000000000000000000e-01 -4.799999999999999783e-06
5.500000000000000444e-01 -4.281999999999999830e-06
5.999999999999999778e-01 -3.576000000000000152e-06
6.500000000000000222e-01 -2.601999999999999821e-06
6.999999999999999556e-01 -1.403999999999999814e-06
7.500000000000000000e-01 -3.579999999999999499e-07
8.000000000000000444e-01 7.599999999999999233e-07
8.499999999999999778e-01 1.800000000000000130e-06
9.000000000000000222e-01 2.684000000000000052e-06
9.499999999999999556e-01 3.475999999999999838e-06
1.000000000000000000e+00 4.202000000000000595e-06
1.050000000000000044e+00 4.848000000000000001e-06
1.100000000000000089e+00 5.329999999999999791e-06
1.149999999999999911e+00 5.545999999999999925e-06
1.199999999999999956e+00 5.784000000000000018e-06
1.250000000000000000e+00 5.594000000000000143e-06
1.300000000000000044e+00 5.335999999999999394e-06
1.350000000000000089e+00 4.702000000000000890e-06
1.399999999999999911e+00 4.074000000000000296e-06
1.449999999999999956e+00 3.149999999999999910e-06
1.500000000000000000e+00 2.034000000000000346e-06
1.550000000000000044e+00 1.044000000000000084e-06
1.600000000000000089e+00 -5.600000000000000514e-08
1.649999999999999911e+00 -1.077999999999999886e-06
1.699999999999999956e+00 -1.990000000000000429e-06
1.750000000000000000e+00 -2.713999999999999765e-06
1.800000000000000044e+00 -3.418000000000000140e-06
1.850000000000000089e+00 -3.994000000000000215e-06
1.899999999999999911e+00 -4.381999999999999719e-06
1.949999999999999956e+00 -4.689999999999999989e-06
2.000000000000000000e+00 -4.734000000000000754e-06
2.049999999999999822e+00 -4.799999999999999783e-06
2.100000000000000089e+00 -4.444000000000000142e-06
2.149999999999999911e+00 -3.955999999999999901e-06
2.200000000000000178e+00 -3.274000000000000333e-06
2.250000000000000000e+00 -2.479999999999999972e-06
2.299999999999999822e+00 -1.491999999999999860e-06
2.350000000000000089e+00 -5.060000000000000046e-07
2.399999999999999911e+00 5.300000000000000078e-07
2.450000000000000178e+00 1.637999999999999818e-06
2.500000000000000000e+00 2.547999999999999999e-06
2.549999999999999822e+00 3.255999999999999827e-06
2.600000000000000089e+00 3.921999999999999041e-06
2.649999999999999911e+00 4.448000000000000442e-06
2.700000000000000178e+00 4.906000000000000123e-06
2.750000000000000000e+00 5.213999999999999546e-06
2.799999999999999822e+00 5.460000000000000240e-06
2.850000000000000089e+00 5.511999999999999064e-06
2.899999999999999911e+00 5.368000000000000104e-06
2.950000000000000178e+00 4.957999999999999795e-06
3.000000000000000000e+00 4.563999999999999840e-06
3.049999999999999822e+00 3.790000000000000136e-06
3.100000000000000089e+00 2.808000000000000051e-06
3.149999999999999911e+00 1.737999999999999919e-06
3.200000000000000178e+00 5.720000000000000927e-07
3.250000000000000000e+00 -4.440000000000000583e-07
3.299999999999999822e+00 -1.625999999999999975e-06
3.350000000000000089e+00 -2.609999999999999998e-06
3.399999999999999911e+00 -3.505999999999999975e-06
3.450000000000000178e+00 -4.225999999999999857e-06
3.500000000000000000e+00 -4.733999999999999906e-06
3.549999999999999822e+00 -5.149999999999999820e-06
3.600000000000000089e+00 -5.457999999999999243e-06
3.649999999999999911e+00 -5.442000000000000582e-06
3.700000000000000178e+00 -5.341999999999999845e-06
3.750000000000000000e+00 -4.921999999999999631e-06
3.799999999999999822e+00 -4.269999999999999775e-06
3.850000000000000089e+00 -3.479999999999999715e-06
3.899999999999999911e+00 -2.375999999999999782e-06
3.950000000000000178e+00 -1.182000000000000287e-06
4.000000000000000000e+00 2.380000000000000136e-07
4.049999999999999822e+00 1.484000000000000106e-06
4.099999999999999645e+00 2.814000000000000078e-06
4.150000000000000355e+00 3.933999999999999943e-06
4.200000000000000178e+00 4.823999999999999892e-06
4.250000000000000000e+00 5.564000000000000430e-06
4.299999999999999822e+00 6.001999999999999455e-06
4.349999999999999645e+00 6.192000000000000177e-06
4.400000000000000355e+00 6.252000000000000450e-06
4.450000000000000178e+00 6.027999999999999715e-06
4.500000000000000000e+00 5.519999999999999666e-06
4.549999999999999822e+00 5.015999999999999070e-06
4.599999999999999645e+00 4.291999999999999734e-06
4.650000000000000355e+00 3.435999999999999798e-06
4.700000000000000178e+00 2.299999999999999578e-06
4.750000000000000000e+00 1.143999999999999974e-06
4.799999999999999822e+00 -4.399999999999999695e-08
4.849999999999999645e+00 -1.238000000000000048e-06
4.900000000000000355e+00 -2.323999999999999687e-06
4.950000000000000178e+00 -3.176000000000000170e-06
5.000000000000000000e+00 -3.986000000000000461e-06
