-5.999999999999999778e-01 3.025999999999999912e-06
-5.500000000000000444e-01 3.478000000000000412e-06
-5.000000000000000000e-01 3.508000000000000125e-06
-4.500000000000000111e-01 3.343999999999999662e-06
-4.000000000000000222e-01 2.721999999999999942e-06
-3.499999999999999778e-01 1.968000000000000046e-06
-2.999999999999999889e-01 1.225999999999999993e-06
-2.500000000000000000e-01 3.639999999999999772e-07
-2.000000000000000111e-01 -4.440000000000000053e-07
-1.499999999999999944e-01 -1.232000000000000020e-06
-1.000000000000000056e-01 -1.969999999999999773e-06
-5.000000000000000278e-02 -2.579999999999999862e-06
0.000000000000000000e+00 -3.081999999999999884e-06
5.000000000000000278e-02 -3.498000000000000221e-06
1.000000000000000056e-01 -3.763999999999999876e-06
1.499999999999999944e-01 -3.926000000000000189e-06
2.000000000000000111e-01 -3.908000000000000530e-06
2.500000000000000000e-01 -3.589999999999999933e-06
2.999999999999999889e-01 -3.138000000000000279e-06
3.499999999999999778e-01 -2.362000000000000001e-06
4.000000000000000222e-01 -1.496000000000000161e-06
4.500000000000000111e-01 -1.900000000000000073e-07
5.000000000000000000e-01 9.239999999999999624e-07
5.500000000000000444e-01 2.102000000000000373e-06
5.999999999999999778e-01 3.096000000000000089e-06
