-5.999999999999999778e-01 2.181999999999999607e-06
-5.500000000000000444e-01 2.644000000000000012e-06
-5.000000000000000000e-01 2.802000000000000024e-06
-4.500000000000000111e-01 2.786000000000000092e-06
-4.000000000000000222e-01 2.256000000000000084e-06
-3.499999999999999778e-01 1.889999999999999904e-06
-2.999999999999999889e-01 1.249999999999999890e-06
-2.500000000000000000e-01 5.180000000000000591e-07
-2.000000000000000111e-01 -3.959999999999999461e-07
-1.499999999999999944e-01 -1.078000000000000097e-06
-1.000000000000000056e-01 -1.756000000000000213e-06
-5.000000000000000278e-02 -2.391999999999999714e-06
0.000000000000000000e+00 -2.926000000000000022e-06
5.000000000000000278e-02 -3.391999999999999880e-06
1.000000000000000056e-01 -3.674000000000000314e-06
1.499999999999999944e-01 -3.817999999999999698e-06
2.000000000000000111e-01 -3.697999999999999576e-06
2.500000000000000000e-01 -3.398000000000000331e-06
2.999999999999999889e-01 -2.885999999999999982e-06
3.499999999999999778e-01 -2.045999999999999977e-06
4.000000000000000222e-01 -9.659999999999999415e-07
4.500000000000000111e-01 3.240000000000000425e-07
5.000000000000000000e-01 1.624000000000000037e-06
5.500000000000000444e-01 2.822000000000000256e-06
5.999999999999999778e-01 3.938000000000000243e-06
