-5.000000000000000000e+00 3.020000000000000308e-06
-4.950000000000000178e+00 2.618000000000000176e-06
-4.900000000000000355e+00 1.998000000000000183e-06
-4.849999999999999645e+00 1.322000000000000006e-06
-4.799999999999999822e+00 6.679999999999999994e-07
-4.750000000000000000e+00 -7.800000000000001023e-08
-4.700000000000000178e+00 -6.580000000000000952e-07
-4.650000000000000355e+00 -1.452000000000000032e-06
-4.599999999999999645e+00 -2.107999999999999977e-06
-4.549999999999999822e+00 -2.649999999999999615e-06
-4.500000000000000000e+00 -3.054000000000000321e-06
-4.450000000000000178e+00 -3.462000000000000481e-06
-4.400000000000000355e+00 -3.774000000000000204e-06
-4.349999999999999645e+00 -4.008000000000000420e-06
-4.299999999999999822e+00 -4.145999999999999776e-06
-4.250000000000000000e+00 -4.111999999999999763e-06
-4.200000000000000178e+00 -3.961999999999999505e-06
-4.150000000000000355e+00 -3.779999999999999808e-06
-4.099999999999999645e+00 -3.251999999999999950e-06
-4.049999999999999822e+00 -2.918000000000000268e-06
-4.000000000000000000e+00 -2.272000000000000016e-06
-3.950000000000000178e+00 -1.544000000000000167e-06
-3.899999999999999911e+00 -7.659999999999999505e-07
-3.850000000000000089e+00 2.200000000000000112e-07
-3.799999999999999822e+00 1.124000000000000165e-06
-3.750000000000000000e+00 2.013999999999999691e-06
-3.700000000000000178e+00 2.786000000000000092e-06
-3.649999999999999911e+00 3.377999999999999676e-06
-3.600000000000000089e+00 4.020000000000000475e-06
-3.549999999999999822e+00 4.394000000000000621e-06
-3.500000000000000000e+00 4.641999999999999771e-06
-3.450000000000000178e+00 4.646000000000000071e-06
-3.399999999999999911e+00 4.647999999999999375e-06
-3.350000000000000089e+00 4.682000000000000235e-06
-3.299999999999999822e+00 4.458000000000000347e-06
-3.250000000000000000e+00 4.281999999999999830e-06
-3.200000000000000178e+00 4.031999999999999682e-06
-3.149999999999999911e+00 3.668000000000000287e-06
-3.100000000000000089e+00 3.255999999999999827e-06
-3.049999999999999822e+00 2.706000000000000011e-06
-3.000000000000000000e+00 2.105999999999999826e-06
-2.950000000000000178e+00 1.466000000000000236e-06
-2.899999999999999911e+00 7.239999999999999715e-07
-2.850000000000000089e+00 -1.600000000000000033e-07
-2.799999999999999822e+00 -1.014000000000000160e-06
-2.750000000000000000e+00 -1.751999999999999912e-06
-2.700000000000000178e+00 -2.478000000000000246e-06
-2.649999999999999911e+00 -3.090000000000000485e-06
-2.600000000000000089e+00 -3.536000000000000111e-06
-2.549999999999999822e+00 -3.899999999999999929e-06
-2.500000000000000000e+00 -4.062000000000000242e-06
-2.450000000000000178e+00 -4.287999999999999433e-06
-2.399999999999999911e+00 -4.313999999999999693e-06
-2.350000000000000089e+00 -4.292000000000000581e-06
-2.299999999999999822e+00 -4.119999999999999517e-06
-2.250000000000000000e+00 -3.865999999999999916e-06
-2.200000000000000178e+00 -3.589999999999999933e-06
-2.149999999999999911e+00 -2.994000000000000049e-06
-2.100000000000000089e+00 -2.501999999999999931e-06
-2.049999999999999822e+00 -1.834000000000000144e-06
-2.000000000000000000e+00 -9.159999999999999967e-07
-1.949999999999999956e+00 -1.979999999999999995e-07
-1.899999999999999911e+00 6.899999999999999582e-07
-1.850000000000000089e+00 1.588000000000000085e-06
-1.800000000000000044e+00 2.421999999999999850e-06
-1.750000000000000000e+00 3.249999999999999800e-06
-1.699999999999999956e+00 3.761999999999999726e-06
-1.649999999999999911e+00 4.364000000000000061e-06
-1.600000000000000089e+00 4.652000000000000522e-06
-1.550000000000000044e+00 4.957999999999999795e-06
-1.500000000000000000e+00 5.025999999999999821e-06
-1.449999999999999956e+00 5.165999999999999328e-06
-1.399999999999999911e+00 4.964000000000000245e-06
-1.350000000000000089e+00 4.711999999999999948e-06
-1.300000000000000044e+00 4.506000000000000565e-06
-1.250000000000000000e+00 4.062000000000000242e-06
-1.199999999999999956e+00 3.581999999999999755e-06
-1.149999999999999911e+00 3.165999999999999842e-06
-1.100000000000000089e+00 2.530000000000000341e-06
-1.050000000000000044e+00 1.847999999999999925e-06
-1.000000000000000000e+00 1.168000000000000083e-06
-9.499999999999999556e-01 3.419999999999999655e-07
-9.000000000000000222e-01 -6.320000000000000476e-07
-8.499999999999999778e-01 -1.457999999999999847e-06
-8.000000000000000444e-01 -2.283999999999999647e-06
-7.500000000000000000e-01 -2.992000000000000322e-06
-6.999999999999999556e-01 -3.645999999999999905e-06
-6.500000000000000222e-01 -4.089999999999999804e-06
-5.999999999999999778e-01 -4.349999999999999856e-06
-5.500000000000000444e-01 -4.490000000000000210e-06
-5.000000000000000000e-01 -4.477999999999999308e-06
-4.500000000000000111e-01 -4.488000000000000059e-06
-4.000000000000000222e-01 -4.198000000000000295e-06
-3.499999999999999778e-01 -3.813999999999999821e-06
-2.999999999999999889e-01 -3.549999999999999469e-06
-2.500000000000000000e-01 -3.058000000000000198e-06
-2.000000000000000111e-01 -2.608000000000000272e-06
-1.499999999999999944e-01 -2.049999999999999854e-06
-1.000000000000000056e-01 -1.370000000000000012e-06
-5.000000000000000278e-02 -6.279999999999999589e-07
0.000000000000000000e+00 1.299999999999999994e-07
5.000000000000000278e-02 1.019999999999999975e-06
1.000000000000000056e-01 1.797999999999999980e-06
1.499999999999999944e-01 2.681999999999999902e-06
2.000000000000000111e-01 3.329999999999999458e-06
2.500000000000000000e-01 4.043999999999999737e-06
2.999999999999999889e-01 4.402000000000000375e-06
3.499999999999999778e-01 4.848000000000000001e-06
4.000000000000000222e-01 5.012000000000000464e-06
4.500000000000000111e-01 5.024000000000000518e-06
5.000000000000000000e-01 5.022000000000000368e-06
5.500000000000000444e-01 4.817999999999999441e-06
5.999999999999999778e-01 4.585999999999999799e-06
6.500000000000000222e-01 4.255999999999999570e-06
6.999999999999999556e-01 3.771999999999999630e-06
7.500000000000000000e-01 3.278000000000000210e-06
8.000000000000000444e-01 2.687999999999999929e-06
8.499999999999999778e-01 2.008000000000000087e-06
9.000000000000000222e-01 1.362000000000000046e-06
9.499999999999999556e-01 6.159999999999999044e-07
1.000000000000000000e+00 -1.080000000000000009e-07
1.050000000000000044e+00 -8.880000000000000106e-07
1.100000000000000089e+00 -1.715999999999999749e-06
1.149999999999999911e+00 -2.507999999999999959e-06
1.199999999999999956e+00 -3.176000000000000170e-06
1.250000000000000000e+00 -3.779999999999999808e-06
1.300000000000000044e+00 -4.094000000000000105e-06
1.350000000000000089e+00 -4.404000000000000525e-06
1.399999999999999911e+00 -4.553999999999999936e-06
1.449999999999999956e+00 -4.488000000000000059e-06
1.500000000000000000e+00 -4.334000000000000348e-06
1.550000000000000044e+00 -4.035999999999999983e-06
1.600000000000000089e+00 -3.710000000000000054e-06
1.649999999999999911e+00 -3.142000000000000580e-06
1.699999999999999956e+00 -2.780000000000000065e-06
1.750000000000000000e+00 -2.168000000000000249e-06
1.800000000000000044e+00 -1.569999999999999791e-06
1.850000000000000089e+00 -8.019999999999999023e-07
1.899999999999999911e+00 -5.400000000000000047e-08
1.949999999999999956e+00 6.640000000000001224e-07
2.000000000000000000e+00 1.481999999999999956e-06
2.049999999999999822e+00 2.242000000000000303e-06
2.100000000000000089e+00 2.972000000000000090e-06
2.149999999999999911e+00 3.515999999999999455e-06
2.200000000000000178e+00 4.336000000000000498e-06
2.250000000000000000e+00 4.600000000000000851e-06
2.299999999999999822e+00 4.986000000000001051e-06
2.350000000000000089e+00 5.022000000000000368e-06
2.399999999999999911e+00 5.142000000000000913e-06
2.450000000000000178e+00 4.923999999999999781e-06
2.500000000000000000e+00 4.652000000000000522e-06
2.549999999999999822e+00 4.242000000000000212e-06
2.600000000000000089e+00 3.962000000000000352e-06
2.649999999999999911e+00 3.422000000000000017e-06
2.700000000000000178e+00 2.913999999999999968e-06
2.750000000000000000e+00 2.341999999999999769e-06
2.799999999999999822e+00 1.664000000000000077e-06
2.850000000000000089e+00 9.300000000000000956e-07
2.899999999999999911e+00 2.200000000000000112e-07
2.950000000000000178e+00 -5.599999999999999323e-07
3.000000000000000000e+00 -1.322000000000000006e-06
3.049999999999999822e+00 -2.010000000000000237e-06
3.100000000000000089e+00 -2.653999999999999492e-06
3.149999999999999911e+00 -3.316000000000000100e-06
3.200000000000000178e+00 -3.760000000000000423e-06
3.250000000000000000e+00 -4.121999999999999667e-06
3.299999999999999822e+00 -4.391999999999999623e-06
3.350000000000000089e+00 -4.496000000000000661e-06
3.399999999999999911e+00 -4.275999999999999379e-06
3.450000000000000178e+00 -4.031999999999999682e-06
3.500000000000000000e+00 -3.753999999999999548e-06
3.549999999999999822e+00 -3.232000000000000142e-06
3.600000000000000089e+00 -2.657999999999999793e-06
3.649999999999999911e+00 -2.145999999999999867e-06
3.700000000000000178e+00 -1.528000000000000024e-06
3.750000000000000000e+00 -7.659999999999999505e-07
3.799999999999999822e+00 -9.399999999999999469e-08
3.850000000000000089e+00 5.360000000000000350e-07
3.899999999999999911e+00 1.290000000000000143e-06
3.950000000000000178e+00 1.977999999999999951e-06
4.000000000000000000e+00 2.591999999999999917e-06
4.049999999999999822e+00 3.152000000000000484e-06
4.099999999999999645e+00 3.771999999999999630e-06
4.150000000000000355e+00 4.201999999999999748e-06
4.200000000000000178e+00 4.618000000000000509e-06
4.250000000000000000e+00 4.815999999999999291e-06
4.299999999999999822e+00 4.978000000000000450e-06
4.349999999999999645e+00 4.829999999999999496e-06
4.400000000000000355e+00 4.618000000000000509e-06
4.450000000000000178e+00 4.244000000000000363e-06
4.500000000000000000e+00 3.902000000000000080e-06
4.549999999999999822e+00 3.366000000000000045e-06
4.599999999999999645e+00 2.765999999999999860e-06
4.650000000000000355e+00 2.231999999999999975e-06
4.700000000000000178e+00 1.567999999999999853e-06
4.750000000000000000e+00 8.939999999999999320e-07
4.799999999999999822e+00 3.099999999999999966e-07
4.849999999999999645e+00 -2.960000000000000035e-07
4.900000000000000355e+00 -1.033999999999999968e-06
4.950000000000000178e+00 -1.714000000000000234e-06
5.000000000000000000e+00 -2.405999999999999919e-06
