-5.000000000000000000e+00 -1.506000000000000065e-06
-4.950000000000000178e+00 -5.659999999999999596e-07
-4.900000000000000355e+00 3.019999999999999779e-07
-4.849999999999999645e+00 1.227999999999999932e-06
-4.799999999999999822e+00 1.971999999999999923e-06
-4.750000000000000000e+00 2.800000000000000297e-06
-4.700000000000000178e+00 3.366000000000000045e-06
-4.650000000000000355e+00 3.824000000000000149e-06
-4.599999999999999645e+00 3.988000000000000612e-06
-4.549999999999999822e+00 4.091999999999999955e-06
-4.500000000000000000e+00 4.006000000000000270e-06
-4.450000000000000178e+00 3.588000000000000206e-06
-4.400000000000000355e+00 3.140000000000000430e-06
-4.349999999999999645e+00 2.563999999999999931e-06
-4.299999999999999822e+00 1.811999999999999973e-06
-4.250000000000000000e+00 1.000000000000000167e-06
-4.200000000000000178e+00 1.979999999999999995e-07
-4.150000000000000355e+00 -6.980000000000000298e-07
-4.099999999999999645e+00 -1.404000000000000025e-06
-4.049999999999999822e+00 -2.000000000000000333e-06
-4.000000000000000000e+00 -2.563999999999999931e-06
-3.950000000000000178e+00 -3.023999999999999762e-06
-3.899999999999999911e+00 -3.258000000000000401e-06
-3.850000000000000089e+00 -3.288000000000000537e-06
-3.799999999999999822e+00 -3.108000000000000143e-06
-3.750000000000000000e+00 -2.701999999999999710e-06
-3.700000000000000178e+00 -2.292000000000000248e-06
-3.649999999999999911e+00 -1.600000000000000351e-06
-3.600000000000000089e+00 -8.160000000000000012e-07
-3.549999999999999822e+00 -6.199999999999999931e-08
-3.500000000000000000e+00 7.959999999999999809e-07
-3.450000000000000178e+00 1.616000000000000071e-06
-3.399999999999999911e+00 2.235999999999999852e-06
-3.350000000000000089e+00 2.983999999999999721e-06
-3.299999999999999822e+00 3.305999999999999772e-06
-3.250000000000000000e+00 3.744000000000000068e-06
-3.200000000000000178e+00 3.774000000000000204e-06
-3.149999999999999911e+00 3.713999999999999931e-06
-3.100000000000000089e+00 3.558000000000000070e-06
-3.049999999999999822e+00 3.169999999999999719e-06
-3.000000000000000000e+00 2.647999999999999889e-06
-2.950000000000000178e+00 1.873999999999999972e-06
-2.899999999999999911e+00 1.122000000000000015e-06
-2.850000000000000089e+00 2.599999999999999988e-07
-2.799999999999999822e+00 -5.300000000000000078e-07
-2.750000000000000000e+00 -1.275999999999999938e-06
-2.700000000000000178e+00 -1.881999999999999938e-06
-2.649999999999999911e+00 -2.340000000000000042e-06
-2.600000000000000089e+00 -2.817999999999999955e-06
-2.549999999999999822e+00 -2.890000000000000282e-06
-2.500000000000000000e+00 -2.915999999999999694e-06
-2.450000000000000178e+00 -2.657999999999999793e-06
-2.399999999999999911e+00 -2.554000000000000026e-06
-2.350000000000000089e+00 -2.151999999999999894e-06
-2.299999999999999822e+00 -1.616000000000000071e-06
-2.250000000000000000e+00 -1.007999999999999921e-06
-2.200000000000000178e+00 -2.979999999999999950e-07
-2.149999999999999911e+00 3.219999999999999981e-07
-2.100000000000000089e+00 1.070000000000000132e-06
-2.049999999999999822e+00 1.773999999999999871e-06
-2.000000000000000000e+00 2.399999999999999891e-06
-1.949999999999999956e+00 2.988000000000000021e-06
-1.899999999999999911e+00 3.190000000000000374e-06
-1.850000000000000089e+00 3.373999999999999799e-06
-1.800000000000000044e+00 3.484000000000000016e-06
-1.750000000000000000e+00 3.350000000000000113e-06
-1.699999999999999956e+00 3.126000000000000225e-06
-1.649999999999999911e+00 2.713999999999999341e-06
-1.600000000000000089e+00 2.146000000000000290e-06
-1.550000000000000044e+00 1.591999999999999962e-06
-1.500000000000000000e+00 1.158000000000000178e-06
-1.449999999999999956e+00 4.019999999999999733e-07
-1.399999999999999911e+00 -3.439999999999999569e-07
-1.350000000000000089e+00 -9.660000000000001532e-07
-1.300000000000000044e+00 -1.459999999999999997e-06
-1.250000000000000000e+00 -2.015999999999999841e-06
-1.199999999999999956e+00 -2.429999999999999604e-06
-1.149999999999999911e+00 -2.681999999999999902e-06
-1.100000000000000089e+00 -2.789999999999999546e-06
-1.050000000000000044e+00 -2.669999999999999847e-06
-1.000000000000000000e+00 -2.443999999999999809e-06
-9.499999999999999556e-01 -2.178000000000000153e-06
-9.000000000000000222e-01 -1.654000000000000173e-06
-8.499999999999999778e-01 -1.185999999999999953e-06
-8.000000000000000444e-01 -4.980000000000000389e-07
-7.500000000000000000e-01 2.479999999999999972e-07
-6.999999999999999556e-01 9.379999999999999554e-07
-6.500000000000000222e-01 1.646000000000000207e-06
-5.999999999999999778e-01 2.252000000000000207e-06
-5.500000000000000444e-01 2.737999999999999874e-06
-5.000000000000000000e-01 3.124000000000000075e-06
-4.500000000000000111e-01 3.366000000000000045e-06
-4.000000000000000222e-01 3.555999999999999920e-06
-3.499999999999999778e-01 3.513999999999999729e-06
-2.999999999999999889e-01 3.308000000000000346e-06
-2.500000000000000000e-01 3.041999999999999843e-06
-2.000000000000000111e-01 2.786000000000000092e-06
-1.499999999999999944e-01 2.171999999999999703e-06
-1.000000000000000056e-01 1.613999999999999709e-06
-5.000000000000000278e-02 8.720000000000000791e-07
0.000000000000000000e+00 1.340000000000000088e-07
5.000000000000000278e-02 -5.840000000000000413e-07
1.000000000000000056e-01 -1.293999999999999808e-06
1.499999999999999944e-01 -1.946000000000000088e-06
2.000000000000000111e-01 -2.503999999999999658e-06
2.500000000000000000e-01 -2.876000000000000077e-06
2.999999999999999889e-01 -3.009999999999999980e-06
3.499999999999999778e-01 -3.138000000000000279e-06
4.000000000000000222e-01 -3.029999999999999789e-06
4.500000000000000111e-01 -2.813999999999999655e-06
5.000000000000000000e-01 -2.343999999999999919e-06
5.500000000000000444e-01 -1.919999999999999828e-06
5.999999999999999778e-01 -1.343999999999999965e-06
6.500000000000000222e-01 -5.699999999999999424e-07
6.999999999999999556e-01 2.080000000000000096e-07
7.500000000000000000e-01 9.919999999999999890e-07
8.000000000000000444e-01 1.845999999999999986e-06
8.499999999999999778e-01 2.430000000000000028e-06
9.000000000000000222e-01 3.118000000000000471e-06
9.499999999999999556e-01 3.509999999999999852e-06
1.000000000000000000e+00 3.818000000000000545e-06
1.050000000000000044e+00 3.994000000000000215e-06
1.100000000000000089e+00 3.908000000000000530e-06
1.149999999999999911e+00 3.772000000000000477e-06
1.199999999999999956e+00 3.326000000000000428e-06
1.250000000000000000e+00 2.727999999999999970e-06
1.300000000000000044e+00 2.191999999999999935e-06
1.350000000000000089e+00 1.419999999999999957e-06
1.399999999999999911e+00 6.439999999999999963e-07
1.449999999999999956e+00 -2.060000000000000182e-07
1.500000000000000000e+00 -1.185999999999999741e-06
1.550000000000000044e+00 -1.915999999999999951e-06
1.600000000000000089e+00 -2.657999999999999793e-06
1.649999999999999911e+00 -3.283999999999999813e-06
1.699999999999999956e+00 -3.597999999999999687e-06
1.750000000000000000e+00 -3.709999999999999207e-06
1.800000000000000044e+00 -3.586000000000000056e-06
1.850000000000000089e+00 -3.328000000000000154e-06
1.899999999999999911e+00 -2.827999999999999859e-06
1.949999999999999956e+00 -2.008000000000000087e-06
2.000000000000000000e+00 -1.318000000000000129e-06
2.049999999999999822e+00 -5.019999999999999159e-07
2.100000000000000089e+00 5.060000000000000046e-07
2.149999999999999911e+00 1.455999999999999909e-06
2.200000000000000178e+00 2.422000000000000274e-06
2.250000000000000000e+00 3.206000000000000306e-06
2.299999999999999822e+00 3.833999999999999206e-06
2.350000000000000089e+00 4.360000000000000607e-06
2.399999999999999911e+00 4.601999999999999307e-06
2.450000000000000178e+00 4.736000000000000904e-06
2.500000000000000000e+00 4.438000000000000538e-06
2.549999999999999822e+00 3.976000000000000557e-06
2.600000000000000089e+00 3.387999999999999580e-06
2.649999999999999911e+00 2.649999999999999615e-06
2.700000000000000178e+00 1.633999999999999941e-06
2.750000000000000000e+00 6.760000000000000711e-07
2.799999999999999822e+00 -3.500000000000000371e-07
2.850000000000000089e+00 -1.253999999999999979e-06
2.899999999999999911e+00 -2.094000000000000195e-06
2.950000000000000178e+00 -2.842000000000000064e-06
3.000000000000000000e+00 -3.437999999999999948e-06
3.049999999999999822e+00 -3.722000000000000109e-06
3.100000000000000089e+00 -3.921999999999999888e-06
3.149999999999999911e+00 -3.732000000000000013e-06
3.200000000000000178e+00 -3.368000000000000195e-06
3.250000000000000000e+00 -2.956000000000000158e-06
3.299999999999999822e+00 -2.168000000000000249e-06
3.350000000000000089e+00 -1.442000000000000127e-06
3.399999999999999911e+00 -4.080000000000000006e-07
3.450000000000000178e+00 6.060000000000000001e-07
3.500000000000000000e+00 1.466000000000000025e-06
3.549999999999999822e+00 2.269999999999999866e-06
3.600000000000000089e+00 3.149999999999999910e-06
3.649999999999999911e+00 3.719999999999999535e-06
3.700000000000000178e+00 4.048000000000000884e-06
3.750000000000000000e+00 4.385999999999999173e-06
3.799999999999999822e+00 4.531999999999999130e-06
3.850000000000000089e+00 4.278000000000000376e-06
3.899999999999999911e+00 4.082000000000000050e-06
3.950000000000000178e+00 3.462000000000000481e-06
4.000000000000000000e+00 2.740000000000000024e-06
4.049999999999999822e+00 1.838000000000000021e-06
4.099999999999999645e+00 8.339999999999999771e-07
4.150000000000000355e+00 -2.999999999999999864e-07
4.200000000000000178e+00 -1.114000000000000261e-06
4.250000000000000000e+00 -1.915999999999999951e-06
4.299999999999999822e+00 -2.650000000000000039e-06
4.349999999999999645e+00 -3.185999999999999650e-06
4.400000000000000355e+00 -3.558000000000000070e-06
4.450000000000000178e+00 -3.703999999999999604e-06
4.500000000000000000e+00 -3.781999999999999958e-06
4.549999999999999822e+00 -3.563999999999999674e-06
4.599999999999999645e+00 -3.146000000000000033e-06
4.650000000000000355e+00 -2.402000000000000042e-06
4.700000000000000178e+00 -1.740000000000000281e-06
4.750000000000000000e+00 -8.260000000000000113e-07
4.799999999999999822e+00 5.999999999999999464e-08
4.849999999999999645e+00 1.179999999999999925e-06
4.900000000000000355e+00 2.003999999999999786e-06
4.950000000000000178e+00 2.813999999999999655e-06
5.000000000000000000e+00 3.462000000000000481e-06
