-2.000000000000000000e+00 1.420000000000000010e-07
-1.989999999999999991e+00 3.460000000000000013e-07
-1.979999999999999982e+00 6.579999999999999893e-07
-1.969999999999999973e+00 8.500000000000000145e-07
-1.959999999999999964e+00 9.399999999999999998e-07
-1.949999999999999956e+00 1.112000000000000111e-06
-1.939999999999999947e+00 1.249999999999999890e-06
-1.929999999999999938e+00 1.418000000000000018e-06
-1.919999999999999929e+00 1.630000000000000064e-06
-1.909999999999999920e+00 1.795999999999999830e-06
-1.899999999999999911e+00 1.952000000000000115e-06
-1.889999999999999902e+00 2.163999999999999949e-06
-1.879999999999999893e+00 2.320000000000000234e-06
-1.870000000000000107e+00 2.456000000000000287e-06
-1.860000000000000098e+00 2.611999999999999725e-06
-1.850000000000000089e+00 2.725999999999999819e-06
-1.840000000000000080e+00 2.904000000000000063e-06
-1.830000000000000071e+00 3.096000000000000089e-06
-1.820000000000000062e+00 3.282000000000000087e-06
-1.810000000000000053e+00 3.373999999999999799e-06
-1.800000000000000044e+00 3.524000000000000057e-06
-1.790000000000000036e+00 3.790000000000000136e-06
-1.780000000000000027e+00 3.870000000000000217e-06
-1.770000000000000018e+00 4.020000000000000475e-06
-1.760000000000000009e+00 4.186000000000000240e-06
-1.750000000000000000e+00 4.233999999999998764e-06
-1.739999999999999991e+00 4.383999999999999869e-06
-1.729999999999999982e+00 4.495999999999999813e-06
-1.719999999999999973e+00 4.658000000000000126e-06
-1.709999999999999964e+00 4.724000000000000002e-06
-1.699999999999999956e+00 4.850000000000000151e-06
-1.689999999999999947e+00 4.921999999999999631e-06
-1.679999999999999938e+00 5.022000000000000368e-06
-1.669999999999999929e+00 5.061999999999999985e-06
-1.659999999999999920e+00 5.156000000000000271e-06
-1.649999999999999911e+00 5.164000000000000025e-06
-1.639999999999999902e+00 5.263999999999999914e-06
-1.629999999999999893e+00 5.324000000000000187e-06
-1.620000000000000107e+00 5.273999999999999819e-06
-1.610000000000000098e+00 5.333999999999999244e-06
-1.600000000000000089e+00 5.351999999999999749e-06
-1.590000000000000080e+00 5.379999999999999312e-06
-1.580000000000000071e+00 5.348000000000000296e-06
-1.570000000000000062e+00 5.295999999999999777e-06
-1.560000000000000053e+00 5.224000000000001144e-06
-1.550000000000000044e+00 5.175999999999999232e-06
-1.540000000000000036e+00 5.188000000000000134e-06
-1.530000000000000027e+00 5.056000000000000381e-06
-1.520000000000000018e+00 4.955999999999999644e-06
-1.510000000000000009e+00 4.897999999999999522e-06
-1.500000000000000000e+00 4.751999999999999565e-06
-1.489999999999999991e+00 4.658000000000000126e-06
-1.479999999999999982e+00 4.518000000000000619e-06
-1.469999999999999973e+00 4.469999999999999554e-06
-1.459999999999999964e+00 4.336000000000000498e-06
-1.449999999999999956e+00 4.199999999999999598e-06
-1.439999999999999947e+00 4.043999999999999737e-06
-1.429999999999999938e+00 3.863999999999999766e-06
-1.419999999999999929e+00 3.728000000000000136e-06
-1.409999999999999920e+00 3.539999999999999988e-06
-1.399999999999999911e+00 3.414000000000000263e-06
-1.389999999999999902e+00 3.229999999999999991e-06
-1.379999999999999893e+00 3.108000000000000143e-06
-1.370000000000000107e+00 2.887999999999999708e-06
-1.360000000000000098e+00 2.774000000000000038e-06
-1.350000000000000089e+00 2.493999999999999754e-06
-1.340000000000000080e+00 2.385999999999999687e-06
-1.330000000000000071e+00 2.205999999999999716e-06
-1.320000000000000062e+00 2.044000000000000251e-06
-1.310000000000000053e+00 1.807999999999999884e-06
-1.300000000000000044e+00 1.688000000000000186e-06
-1.290000000000000036e+00 1.556000000000000010e-06
-1.280000000000000027e+00 1.343999999999999965e-06
-1.270000000000000018e+00 1.117999999999999926e-06
-1.260000000000000009e+00 9.039999999999999422e-07
-1.250000000000000000e+00 7.579999999999999848e-07
-1.239999999999999991e+00 6.259999999999999145e-07
-1.229999999999999982e+00 3.919999999999999632e-07
-1.219999999999999973e+00 2.139999999999999840e-07
-1.209999999999999964e+00 4.999999999999999774e-08
-1.199999999999999956e+00 -1.299999999999999729e-07
-1.189999999999999947e+00 -3.079999999999999522e-07
-1.179999999999999938e+00 -4.820000000000000015e-07
-1.169999999999999929e+00 -7.020000000000000127e-07
-1.159999999999999920e+00 -8.479999999999999701e-07
-1.149999999999999911e+00 -1.028000000000000153e-06
-1.139999999999999902e+00 -1.275999999999999938e-06
-1.129999999999999893e+00 -1.404000000000000025e-06
-1.120000000000000107e+00 -1.562000000000000037e-06
-1.110000000000000098e+00 -1.679999999999999797e-06
-1.100000000000000089e+00 -1.815999999999999850e-06
-1.090000000000000080e+00 -2.019999999999999718e-06
-1.080000000000000071e+00 -2.161999999999999798e-06
-1.070000000000000062e+00 -2.380000000000000083e-06
-1.060000000000000053e+00 -2.541999999999999972e-06
-1.050000000000000044e+00 -2.679999999999999752e-06
-1.040000000000000036e+00 -2.798000000000000147e-06
-1.030000000000000027e+00 -2.992000000000000322e-06
-1.020000000000000018e+00 -3.152000000000000484e-06
-1.010000000000000009e+00 -3.241999999999999622e-06
-1.000000000000000000e+00 -3.353999999999999990e-06
-9.899999999999999911e-01 -3.559999999999999797e-06
-9.799999999999999822e-01 -3.693999999999999699e-06
-9.699999999999999734e-01 -3.836000000000000203e-06
-9.599999999999999645e-01 -3.999999999999999819e-06
-9.499999999999999556e-01 -4.035999999999999983e-06
-9.399999999999999467e-01 -4.165999999999999585e-06
-9.300000000000000488e-01 -4.378000000000000266e-06
-9.200000000000000400e-01 -4.407999999999999978e-06
-9.100000000000000311e-01 -4.498000000000000811e-06
-9.000000000000000222e-01 -4.594000000000000400e-06
-8.900000000000000133e-01 -4.658000000000000126e-06
-8.800000000000000044e-01 -4.822000000000000589e-06
-8.699999999999999956e-01 -4.774000000000000371e-06
-8.599999999999999867e-01 -4.857999999999999905e-06
-8.499999999999999778e-01 -4.872000000000000110e-06
-8.399999999999999689e-01 -4.988000000000000355e-06
-8.299999999999999600e-01 -4.998000000000000259e-06
-8.199999999999999512e-01 -4.938000000000000833e-06
-8.100000000000000533e-01 -4.993999999999999958e-06
-8.000000000000000444e-01 -4.913999999999999877e-06
-7.900000000000000355e-01 -4.975999999999999453e-06
-7.800000000000000266e-01 -4.923999999999999781e-06
-7.700000000000000178e-01 -4.925999999999999932e-06
-7.600000000000000089e-01 -4.804000000000000083e-06
-7.500000000000000000e-01 -4.764000000000000466e-06
-7.399999999999999911e-01 -4.718000000000000398e-06
-7.299999999999999822e-01 -4.598000000000000700e-06
-7.199999999999999734e-01 -4.544000000000000032e-06
-7.099999999999999645e-01 -4.458000000000000347e-06
-6.999999999999999556e-01 -4.342000000000000102e-06
-6.899999999999999467e-01 -4.156000000000000528e-06
-6.800000000000000488e-01 -4.108000000000000310e-06
-6.700000000000000400e-01 -3.906000000000000380e-06
-6.600000000000000311e-01 -3.732000000000000013e-06
-6.500000000000000222e-01 -3.672000000000000164e-06
-6.400000000000000133e-01 -3.456000000000000030e-06
-6.300000000000000044e-01 -3.341999999999999512e-06
-6.199999999999999956e-01 -3.113999999999999747e-06
-6.099999999999999867e-01 -2.982000000000000418e-06
-5.999999999999999778e-01 -2.825999999999999709e-06
-5.899999999999999689e-01 -2.588000000000000463e-06
-5.799999999999999600e-01 -2.396000000000000014e-06
-5.699999999999999512e-01 -2.234000000000000125e-06
-5.600000000000000533e-01 -2.036000000000000073e-06
-5.500000000000000444e-01 -1.847999999999999925e-06
-5.400000000000000355e-01 -1.721999999999999776e-06
-5.300000000000000266e-01 -1.438000000000000039e-06
-5.200000000000000178e-01 -1.232000000000000020e-06
-5.100000000000000089e-01 -9.899999999999998387e-07
-5.000000000000000000e-01 -8.699999999999999289e-07
-4.899999999999999911e-01 -6.999999999999999683e-07
-4.799999999999999822e-01 -4.619999999999999812e-07
-4.699999999999999734e-01 -2.320000000000000128e-07
-4.600000000000000200e-01 -1.000000000000000219e-07
-4.500000000000000111e-01 1.199999999999999893e-07
-4.400000000000000022e-01 4.019999999999999733e-07
-4.299999999999999933e-01 5.339999999999999907e-07
-4.199999999999999845e-01 6.819999999999999924e-07
-4.099999999999999756e-01 8.699999999999999289e-07
-4.000000000000000222e-01 1.038000000000000057e-06
-3.900000000000000133e-01 1.181999999999999864e-06
-3.800000000000000044e-01 1.365999999999999923e-06
-3.699999999999999956e-01 1.633999999999999941e-06
-3.599999999999999867e-01 1.695999999999999940e-06
-3.499999999999999778e-01 1.918000000000000102e-06
-3.400000000000000244e-01 2.092000000000000045e-06
-3.300000000000000155e-01 2.225999999999999948e-06
-3.200000000000000067e-01 2.358000000000000124e-06
-3.099999999999999978e-01 2.520000000000000437e-06
-2.999999999999999889e-01 2.645999999999999738e-06
-2.899999999999999800e-01 2.811999999999999928e-06
-2.800000000000000266e-01 2.980000000000000267e-06
-2.700000000000000178e-01 3.131999999999999829e-06
-2.600000000000000089e-01 3.232000000000000142e-06
-2.500000000000000000e-01 3.335999999999999908e-06
-2.399999999999999911e-01 3.480000000000000563e-06
-2.300000000000000100e-01 3.547999999999999742e-06
-2.200000000000000011e-01 3.732000000000000013e-06
-2.099999999999999922e-01 3.816000000000000395e-06
-2.000000000000000111e-01 3.976000000000000557e-06
-1.900000000000000022e-01 4.125999999999999968e-06
-1.799999999999999933e-01 4.213999999999999803e-06
-1.700000000000000122e-01 4.313999999999999693e-06
-1.600000000000000033e-01 4.476000000000000852e-06
-1.499999999999999944e-01 4.472000000000000551e-06
-1.400000000000000133e-01 4.619999999999999812e-06
-1.300000000000000044e-01 4.661999999999999579e-06
-1.199999999999999956e-01 4.782000000000000972e-06
-1.100000000000000006e-01 4.823999999999999892e-06
-1.000000000000000056e-01 4.951999999999999344e-06
-8.999999999999999667e-02 4.969999999999999849e-06
-8.000000000000000167e-02 5.047999999999999780e-06
-7.000000000000000666e-02 5.052000000000000081e-06
-5.999999999999999778e-02 5.202000000000000338e-06
-5.000000000000000278e-02 5.164000000000000025e-06
-4.000000000000000083e-02 5.196000000000000735e-06
-2.999999999999999889e-02 5.173999999999999929e-06
-2.000000000000000042e-02 5.246000000000000256e-06
-1.000000000000000021e-02 5.191999999999999587e-06
0.000000000000000000e+00 5.247999999999999559e-06
1.000000000000000021e-02 5.247999999999999559e-06
2.000000000000000042e-02 5.215999999999999696e-06
2.999999999999999889e-02 5.246000000000000256e-06
4.000000000000000083e-02 5.142000000000000913e-06
5.000000000000000278e-02 5.018000000000000067e-06
5.999999999999999778e-02 5.066000000000000285e-06
7.000000000000000666e-02 5.032000000000000272e-06
8.000000000000000167e-02 4.907999999999999426e-06
8.999999999999999667e-02 4.873999999999999413e-06
1.000000000000000056e-01 4.687999999999999839e-06
1.100000000000000006e-01 4.648000000000000222e-06
1.199999999999999956e-01 4.591999999999999403e-06
1.300000000000000044e-01 4.448000000000000442e-06
1.400000000000000133e-01 4.270000000000000622e-06
1.499999999999999944e-01 4.215999999999999953e-06
1.600000000000000033e-01 4.014000000000000024e-06
1.700000000000000122e-01 3.950000000000000298e-06
1.799999999999999933e-01 3.781999999999999958e-06
1.900000000000000022e-01 3.584000000000000329e-06
2.000000000000000111e-01 3.539999999999999988e-06
2.099999999999999922e-01 3.233999999999999868e-06
2.200000000000000011e-01 3.160000000000000238e-06
2.300000000000000100e-01 2.938000000000000077e-06
2.399999999999999911e-01 2.681999999999999902e-06
2.500000000000000000e-01 2.561999999999999780e-06
2.600000000000000089e-01 2.376000000000000206e-06
2.700000000000000178e-01 2.129999999999999935e-06
2.800000000000000266e-01 1.912000000000000074e-06
2.899999999999999800e-01 1.781999999999999837e-06
2.999999999999999889e-01 1.605999999999999955e-06
3.099999999999999978e-01 1.360000000000000108e-06
3.200000000000000067e-01 1.216000000000000089e-06
3.300000000000000155e-01 9.560000000000000372e-07
3.400000000000000244e-01 7.280000000000000602e-07
3.499999999999999778e-01 6.099999999999999830e-07
3.599999999999999867e-01 4.940000000000000560e-07
3.699999999999999956e-01 1.819999999999999886e-07
3.800000000000000044e-01 -2.000000000000000042e-08
3.900000000000000133e-01 -9.799999999999999080e-08
4.000000000000000222e-01 -3.800000000000000146e-07
4.099999999999999756e-01 -5.400000000000001238e-07
4.199999999999999845e-01 -7.399999999999999030e-07
4.299999999999999933e-01 -9.039999999999999422e-07
4.400000000000000022e-01 -1.053999999999999988e-06
4.500000000000000111e-01 -1.250000000000000102e-06
4.600000000000000200e-01 -1.418000000000000018e-06
4.699999999999999734e-01 -1.578000000000000181e-06
4.799999999999999822e-01 -1.656000000000000111e-06
4.899999999999999911e-01 -1.896000000000000143e-06
5.000000000000000000e-01 -2.092000000000000045e-06
5.100000000000000089e-01 -2.203999999999999566e-06
5.200000000000000178e-01 -2.309999999999999906e-06
5.300000000000000266e-01 -2.542000000000000395e-06
5.400000000000000355e-01 -2.657999999999999793e-06
5.500000000000000444e-01 -2.785999999999999669e-06
5.600000000000000533e-01 -2.890000000000000282e-06
5.699999999999999512e-01 -3.064000000000000649e-06
5.799999999999999600e-01 -3.238000000000000593e-06
5.899999999999999689e-01 -3.298000000000000018e-06
5.999999999999999778e-01 -3.422000000000000017e-06
6.099999999999999867e-01 -3.570000000000000124e-06
6.199999999999999956e-01 -3.657999999999999959e-06
6.300000000000000044e-01 -3.767999999999999753e-06
6.400000000000000133e-01 -3.847999999999999411e-06
6.500000000000000222e-01 -3.963999999999999655e-06
6.600000000000000311e-01 -4.040000000000000283e-06
6.700000000000000400e-01 -4.193999999999999147e-06
6.800000000000000488e-01 -4.196000000000000145e-06
6.899999999999999467e-01 -4.313999999999999693e-06
6.999999999999999556e-01 -4.300000000000000335e-06
7.099999999999999645e-01 -4.391999999999999623e-06
7.199999999999999734e-01 -4.471999999999999704e-06
7.299999999999999822e-01 -4.561999999999999690e-06
7.399999999999999911e-01 -4.601999999999999307e-06
7.500000000000000000e-01 -4.553999999999999089e-06
7.600000000000000089e-01 -4.598000000000000700e-06
7.700000000000000178e-01 -4.672000000000000331e-06
7.800000000000000266e-01 -4.684000000000000385e-06
7.900000000000000355e-01 -4.668000000000000877e-06
8.000000000000000444e-01 -4.689999999999999989e-06
8.100000000000000533e-01 -4.683999999999999538e-06
8.199999999999999512e-01 -4.683999999999999538e-06
8.299999999999999600e-01 -4.643999999999999921e-06
8.399999999999999689e-01 -4.661999999999999579e-06
8.499999999999999778e-01 -4.551999999999999786e-06
8.599999999999999867e-01 -4.530000000000000674e-06
8.699999999999999956e-01 -4.492000000000000360e-06
8.800000000000000044e-01 -4.393999999999999774e-06
8.900000000000000133e-01 -4.330000000000000048e-06
9.000000000000000222e-01 -4.269999999999999775e-06
9.100000000000000311e-01 -4.213999999999999803e-06
9.200000000000000400e-01 -4.094000000000000105e-06
9.300000000000000488e-01 -3.977999999999999860e-06
9.399999999999999467e-01 -3.877999999999999971e-06
9.499999999999999556e-01 -3.763999999999999876e-06
9.599999999999999645e-01 -3.638000000000000151e-06
9.699999999999999734e-01 -3.554000000000000193e-06
9.799999999999999822e-01 -3.396000000000000181e-06
9.899999999999999911e-01 -3.206000000000000306e-06
1.000000000000000000e+00 -2.954000000000000008e-06
1.010000000000000009e+00 -2.938000000000000077e-06
1.020000000000000018e+00 -2.715999999999999915e-06
1.030000000000000027e+00 -2.507999999999999535e-06
1.040000000000000036e+00 -2.385999999999999687e-06
1.050000000000000044e+00 -2.200000000000000112e-06
1.060000000000000053e+00 -2.002000000000000060e-06
1.070000000000000062e+00 -1.813999999999999912e-06
1.080000000000000071e+00 -1.593999999999999900e-06
1.090000000000000080e+00 -1.390000000000000032e-06
1.100000000000000089e+00 -1.214000000000000150e-06
1.110000000000000098e+00 -1.032000000000000030e-06
1.120000000000000107e+00 -7.720000000000000837e-07
1.129999999999999893e+00 -5.699999999999999424e-07
1.139999999999999902e+00 -3.560000000000000114e-07
1.149999999999999911e+00 -1.879999999999999894e-07
1.159999999999999920e+00 -7.399999999999997442e-08
1.169999999999999929e+00 1.940000000000000166e-07
1.179999999999999938e+00 3.919999999999999632e-07
1.189999999999999947e+00 5.620000000000000826e-07
1.199999999999999956e+00 7.940000000000000424e-07
1.209999999999999964e+00 9.380000000000001672e-07
1.219999999999999973e+00 1.177999999999999987e-06
1.229999999999999982e+00 1.391999999999999971e-06
1.239999999999999991e+00 1.591999999999999962e-06
1.250000000000000000e+00 1.811999999999999973e-06
1.260000000000000009e+00 1.889999999999999904e-06
1.270000000000000018e+00 2.134000000000000236e-06
1.280000000000000027e+00 2.320000000000000234e-06
1.290000000000000036e+00 2.396000000000000014e-06
1.300000000000000044e+00 2.664000000000000244e-06
1.310000000000000053e+00 2.813999999999999655e-06
1.320000000000000062e+00 2.952000000000000281e-06
1.330000000000000071e+00 3.119999999999999774e-06
1.340000000000000080e+00 3.282000000000000087e-06
1.350000000000000089e+00 3.398000000000000331e-06
1.360000000000000098e+00 3.509999999999999852e-06
1.370000000000000107e+00 3.642000000000000028e-06
1.379999999999999893e+00 3.766000000000000027e-06
1.389999999999999902e+00 3.915999999999999437e-06
1.399999999999999911e+00 4.085999999999999504e-06
1.409999999999999920e+00 4.125999999999999968e-06
1.419999999999999929e+00 4.128000000000000118e-06
1.429999999999999938e+00 4.380000000000000416e-06
1.439999999999999947e+00 4.455999999999999349e-06
1.449999999999999956e+00 4.493999999999999663e-06
1.459999999999999964e+00 4.579999999999999348e-06
1.469999999999999973e+00 4.697999999999999743e-06
1.479999999999999982e+00 4.677999999999999934e-06
1.489999999999999991e+00 4.731999999999999756e-06
1.500000000000000000e+00 4.894000000000000069e-06
1.510000000000000009e+00 4.928000000000000082e-06
1.520000000000000018e+00 4.959999999999999945e-06
1.530000000000000027e+00 4.961999999999999248e-06
1.540000000000000036e+00 4.995999999999999261e-06
1.550000000000000044e+00 5.086000000000000094e-06
1.560000000000000053e+00 5.028000000000000819e-06
1.570000000000000062e+00 5.110000000000000203e-06
1.580000000000000071e+00 5.103999999999999752e-06
1.590000000000000080e+00 5.080000000000000490e-06
1.600000000000000089e+00 5.046000000000000477e-06
1.610000000000000098e+00 5.105999999999999902e-06
1.620000000000000107e+00 5.035999999999999726e-06
1.629999999999999893e+00 5.012000000000000464e-06
1.639999999999999902e+00 5.046000000000000477e-06
1.649999999999999911e+00 4.981999999999999904e-06
1.659999999999999920e+00 4.887999999999999618e-06
1.669999999999999929e+00 4.831999999999999646e-06
1.679999999999999938e+00 4.789999999999999879e-06
1.689999999999999947e+00 4.709999999999998950e-06
1.699999999999999956e+00 4.649999999999999525e-06
1.709999999999999964e+00 4.522000000000000073e-06
1.719999999999999973e+00 4.465999999999999254e-06
1.729999999999999982e+00 4.326000000000000594e-06
1.739999999999999991e+00 4.244000000000000363e-06
1.750000000000000000e+00 4.213999999999999803e-06
1.760000000000000009e+00 4.026000000000000078e-06
1.770000000000000018e+00 3.879999999999999274e-06
1.780000000000000027e+00 3.762000000000000150e-06
1.790000000000000036e+00 3.669999999999999590e-06
1.800000000000000044e+00 3.493999999999999920e-06
1.810000000000000053e+00 3.258000000000000401e-06
1.820000000000000062e+00 3.187999999999999801e-06
1.830000000000000071e+00 3.006000000000000103e-06
1.840000000000000080e+00 2.808000000000000051e-06
1.850000000000000089e+00 2.650000000000000039e-06
1.860000000000000098e+00 2.492000000000000027e-06
1.870000000000000107e+00 2.307999999999999756e-06
1.879999999999999893e+00 2.126000000000000482e-06
1.889999999999999902e+00 1.872000000000000034e-06
1.899999999999999911e+00 1.743999999999999946e-06
1.909999999999999920e+00 1.494000000000000011e-06
1.919999999999999929e+00 1.368000000000000074e-06
1.929999999999999938e+00 1.124000000000000165e-06
1.939999999999999947e+00 9.220000000000000239e-07
1.949999999999999956e+00 7.260000000000000159e-07
1.959999999999999964e+00 5.920000000000000071e-07
1.969999999999999973e+00 2.999999999999999864e-07
1.979999999999999982e+00 1.620000000000000213e-07
1.989999999999999991e+00 -8.199999999999999311e-08
2.000000000000000000e+00 -2.800000000000000191e-07
