-5.000000000000000000e+00 -1.278000000000000300e-06
-4.950000000000000178e+00 8.199999999999999311e-08
-4.900000000000000355e+00 1.374000000000000101e-06
-4.849999999999999645e+00 2.802000000000000024e-06
-4.799999999999999822e+00 4.237999999999999912e-06
-4.750000000000000000e+00 5.600000000000000594e-06
-4.700000000000000178e+00 6.601999999999999640e-06
-4.650000000000000355e+00 7.318000000000000069e-06
-4.599999999999999645e+00 7.683999999999999614e-06
-4.549999999999999822e+00 7.464000000000000026e-06
-4.500000000000000000e+00 6.930000000000000565e-06
-4.450000000000000178e+00 5.898000000000000112e-06
-4.400000000000000355e+00 4.425999999999999637e-06
-4.349999999999999645e+00 2.537999999999999671e-06
-4.299999999999999822e+00 4.359999999999999866e-07
-4.250000000000000000e+00 -1.706000000000000268e-06
-4.200000000000000178e+00 -3.986000000000000461e-06
-4.150000000000000355e+00 -6.344000000000000585e-06
-4.099999999999999645e+00 -8.403999999999999497e-06
-4.049999999999999822e+00 -1.003000000000000053e-05
-4.000000000000000000e+00 -1.094200000000000129e-05
-3.950000000000000178e+00 -1.138400000000000146e-05
-3.899999999999999911e+00 -1.120399999999999979e-05
-3.850000000000000089e+00 -1.024800000000000082e-05
-3.799999999999999822e+00 -8.840000000000000066e-06
-3.750000000000000000e+00 -6.744000000000000144e-06
-3.700000000000000178e+00 -4.437999999999999691e-06
-3.649999999999999911e+00 -1.937999999999999910e-06
-3.600000000000000089e+00 8.120000000000000183e-07
-3.549999999999999822e+00 3.715999999999999658e-06
-3.500000000000000000e+00 6.347999999999999192e-06
-3.450000000000000178e+00 8.789999999999998850e-06
-3.399999999999999911e+00 1.069600000000000059e-05
-3.350000000000000089e+00 1.219199999999999948e-05
-3.299999999999999822e+00 1.311400000000000014e-05
-3.250000000000000000e+00 1.325000000000000019e-05
-3.200000000000000178e+00 1.277999999999999961e-05
-3.149999999999999911e+00 1.157200000000000034e-05
-3.100000000000000089e+00 1.003400000000000083e-05
-3.049999999999999822e+00 7.914000000000000800e-06
-3.000000000000000000e+00 5.540000000000000321e-06
-2.950000000000000178e+00 2.836000000000000037e-06
-2.899999999999999911e+00 1.919999999999999723e-07
-2.850000000000000089e+00 -2.358000000000000124e-06
-2.799999999999999822e+00 -4.785999999999999578e-06
-2.750000000000000000e+00 -7.048000000000000113e-06
-2.700000000000000178e+00 -8.627999999999999385e-06
-2.649999999999999911e+00 -9.778000000000000233e-06
-2.600000000000000089e+00 -1.068799999999999999e-05
-2.549999999999999822e+00 -1.069200000000000029e-05
-2.500000000000000000e+00 -1.034400000000000125e-05
-2.450000000000000178e+00 -9.419999999999997901e-06
-2.399999999999999911e+00 -8.181999999999998912e-06
-2.350000000000000089e+00 -6.341999999999999588e-06
-2.299999999999999822e+00 -4.500000000000000114e-06
-2.250000000000000000e+00 -2.492000000000000027e-06
-2.200000000000000178e+00 -2.380000000000000136e-07
-2.149999999999999911e+00 1.734000000000000042e-06
-2.100000000000000089e+00 3.301999999999999895e-06
-2.049999999999999822e+00 4.643999999999999921e-06
-2.000000000000000000e+00 5.756000000000000455e-06
-1.949999999999999956e+00 6.344000000000000585e-06
-1.899999999999999911e+00 6.684000000000000718e-06
-1.850000000000000089e+00 6.758000000000000349e-06
-1.800000000000000044e+00 6.472000000000000037e-06
-1.750000000000000000e+00 6.066000000000000028e-06
-1.699999999999999956e+00 5.352000000000000596e-06
-1.649999999999999911e+00 4.525999999999999526e-06
-1.600000000000000089e+00 3.652000000000000356e-06
-1.550000000000000044e+00 2.671999999999999998e-06
-1.500000000000000000e+00 1.618000000000000009e-06
-1.449999999999999956e+00 5.959999999999999900e-07
-1.399999999999999911e+00 -2.139999999999999840e-07
-1.350000000000000089e+00 -9.980000000000000162e-07
-1.300000000000000044e+00 -1.586000000000000146e-06
-1.250000000000000000e+00 -1.885999999999999815e-06
-1.199999999999999956e+00 -2.083999999999999868e-06
-1.149999999999999911e+00 -2.129999999999999935e-06
-1.100000000000000089e+00 -1.859999999999999768e-06
-1.050000000000000044e+00 -1.616000000000000071e-06
-1.000000000000000000e+00 -1.204000000000000034e-06
-9.499999999999999556e-01 -8.859999999999999663e-07
-9.000000000000000222e-01 -5.719999999999999868e-07
-8.499999999999999778e-01 -3.400000000000000270e-07
-8.000000000000000444e-01 1.159999999999999932e-07
-7.500000000000000000e-01 2.540000000000000245e-07
-6.999999999999999556e-01 3.959999999999999461e-07
-6.500000000000000222e-01 4.639999999999999727e-07
-5.999999999999999778e-01 4.500000000000000326e-07
-5.500000000000000444e-01 3.139999999999999794e-07
-5.000000000000000000e-01 2.759999999999999833e-07
-4.500000000000000111e-01 2.920000000000000207e-07
-4.000000000000000222e-01 1.639999999999999862e-07
-3.499999999999999778e-01 1.119999999999999838e-07
-2.999999999999999889e-01 2.479999999999999972e-07
-2.500000000000000000e-01 1.899999999999999808e-07
-2.000000000000000111e-01 1.640000000000000127e-07
-1.499999999999999944e-01 3.800000000000000940e-08
-1.000000000000000056e-01 1.399999999999999831e-07
-5.000000000000000278e-02 2.200000000000000112e-07
0.000000000000000000e+00 2.479999999999999972e-07
5.000000000000000278e-02 3.500000000000000371e-07
1.000000000000000056e-01 3.260000000000000340e-07
1.499999999999999944e-01 2.739999999999999918e-07
2.000000000000000111e-01 2.419999999999999700e-07
2.500000000000000000e-01 1.959999999999999816e-07
2.999999999999999889e-01 2.139999999999999840e-07
3.499999999999999778e-01 2.580000000000000074e-07
4.000000000000000222e-01 3.600000000000000472e-07
4.500000000000000111e-01 4.080000000000000006e-07
5.000000000000000000e-01 4.220000000000000465e-07
5.500000000000000444e-01 4.279999999999999679e-07
5.999999999999999778e-01 3.080000000000000051e-07
6.500000000000000222e-01 1.320000000000000173e-07
6.999999999999999556e-01 -1.519999999999999847e-07
7.500000000000000000e-01 -2.119999999999999925e-07
8.000000000000000444e-01 -2.820000000000000105e-07
8.499999999999999778e-01 -9.399999999999999469e-08
9.000000000000000222e-01 2.699999999999999560e-07
9.499999999999999556e-01 8.760000000000000620e-07
1.000000000000000000e+00 1.518000000000000120e-06
1.050000000000000044e+00 2.291999999999999824e-06
1.100000000000000089e+00 3.062000000000000075e-06
1.149999999999999911e+00 3.799999999999999616e-06
1.199999999999999956e+00 4.386000000000000020e-06
1.250000000000000000e+00 4.828000000000000192e-06
1.300000000000000044e+00 5.023999999999999671e-06
1.350000000000000089e+00 4.839999999999999400e-06
1.399999999999999911e+00 4.266000000000000322e-06
1.449999999999999956e+00 3.518000000000000029e-06
1.500000000000000000e+00 2.340000000000000042e-06
1.550000000000000044e+00 9.719999999999999687e-07
1.600000000000000089e+00 -5.840000000000000413e-07
1.649999999999999911e+00 -2.257999999999999811e-06
1.699999999999999956e+00 -4.060000000000000092e-06
1.750000000000000000e+00 -5.830000000000000933e-06
1.800000000000000044e+00 -7.575999999999999124e-06
1.850000000000000089e+00 -8.893999999999999888e-06
1.899999999999999911e+00 -9.877999999999999276e-06
1.949999999999999956e+00 -1.040599999999999998e-05
2.000000000000000000e+00 -1.023600000000000161e-05
2.049999999999999822e+00 -9.342000000000001358e-06
2.100000000000000089e+00 -7.858000000000001675e-06
2.149999999999999911e+00 -5.688000000000000429e-06
2.200000000000000178e+00 -3.269999999999999609e-06
2.250000000000000000e+00 -2.720000000000000004e-07
2.299999999999999822e+00 2.619999999999999903e-06
2.350000000000000089e+00 5.624000000000000703e-06
2.399999999999999911e+00 8.470000000000000220e-06
2.450000000000000178e+00 1.072999999999999891e-05
2.500000000000000000e+00 1.287999999999999865e-05
2.549999999999999822e+00 1.436799999999999864e-05
2.600000000000000089e+00 1.504400000000000030e-05
2.649999999999999911e+00 1.493999999999999926e-05
2.700000000000000178e+00 1.402800000000000020e-05
2.750000000000000000e+00 1.228800000000000161e-05
2.799999999999999822e+00 9.826000000000000451e-06
2.850000000000000089e+00 6.985999999999999690e-06
2.899999999999999911e+00 3.627999999999999823e-06
2.950000000000000178e+00 1.639999999999999862e-07
3.000000000000000000e+00 -3.226000000000000114e-06
3.049999999999999822e+00 -6.378000000000000599e-06
3.100000000000000089e+00 -9.163999999999998997e-06
3.149999999999999911e+00 -1.154399999999999993e-05
3.200000000000000178e+00 -1.303799999999999782e-05
3.250000000000000000e+00 -1.380199999999999762e-05
3.299999999999999822e+00 -1.386400000000000143e-05
3.350000000000000089e+00 -1.323800000000000099e-05
3.399999999999999911e+00 -1.182599999999999994e-05
3.450000000000000178e+00 -9.817999999999998156e-06
3.500000000000000000e+00 -7.451999999999999972e-06
3.549999999999999822e+00 -4.525999999999999526e-06
3.600000000000000089e+00 -1.373999999999999889e-06
3.649999999999999911e+00 1.722000000000000199e-06
3.700000000000000178e+00 4.642000000000000618e-06
3.750000000000000000e+00 7.261999999999999250e-06
3.799999999999999822e+00 9.351999999999999568e-06
3.850000000000000089e+00 1.071200000000000010e-05
3.899999999999999911e+00 1.137999999999999946e-05
3.950000000000000178e+00 1.132600000000000134e-05
4.000000000000000000e+00 1.061200000000000106e-05
4.049999999999999822e+00 9.387999999999998885e-06
4.099999999999999645e+00 7.582000000000000421e-06
4.150000000000000355e+00 5.757999999999999758e-06
4.200000000000000178e+00 3.682000000000000492e-06
4.250000000000000000e+00 1.510000000000000154e-06
4.299999999999999822e+00 -5.419999999999999564e-07
4.349999999999999645e+00 -2.458000000000000014e-06
4.400000000000000355e+00 -4.006000000000000270e-06
4.450000000000000178e+00 -5.151999999999999970e-06
4.500000000000000000e+00 -6.022000000000000111e-06
4.549999999999999822e+00 -6.338000000000000982e-06
4.599999999999999645e+00 -6.331999999999999684e-06
4.650000000000000355e+00 -5.755999999999999608e-06
4.700000000000000178e+00 -4.784000000000000275e-06
4.750000000000000000e+00 -3.567999999999999551e-06
4.799999999999999822e+00 -2.053999999999999731e-06
4.849999999999999645e+00 -4.700000000000000528e-07
4.900000000000000355e+00 1.270000000000000123e-06
4.950000000000000178e+00 2.671999999999999998e-06
5.000000000000000000e+00 3.884000000000000421e-06
