-5.999999999999999778e-01 6.080000000000000445e-07
-5.500000000000000444e-01 8.939999999999999320e-07
-5.000000000000000000e-01 1.017999999999999825e-06
-4.500000000000000111e-01 9.699999999999998185e-07
-4.000000000000000222e-01 9.120000000000001197e-07
-3.499999999999999778e-01 6.339999999999999861e-07
-2.999999999999999889e-01 4.080000000000000006e-07
-2.500000000000000000e-01 1.179999999999999978e-07
-2.000000000000000111e-01 4.799999999999999306e-08
-1.499999999999999944e-01 -7.800000000000001023e-08
-1.000000000000000056e-01 -6.800000000000000010e-08
-5.000000000000000278e-02 -4.000000000000000084e-08
0.000000000000000000e+00 4.000000000000000084e-08
5.000000000000000278e-02 9.999999999999999547e-08
1.000000000000000056e-01 2.020000000000000089e-07
1.499999999999999944e-01 2.360000000000000221e-07
2.000000000000000111e-01 3.520000000000000285e-07
2.500000000000000000e-01 3.719999999999999429e-07
2.999999999999999889e-01 3.820000000000000589e-07
3.499999999999999778e-01 3.320000000000000083e-07
4.000000000000000222e-01 2.999999999999999864e-07
4.500000000000000111e-01 3.860000000000000418e-07
5.000000000000000000e-01 2.840000000000000549e-07
5.500000000000000444e-01 2.119999999999999925e-07
5.999999999999999778e-01 2.040000000000000003e-07
