-5.999999999999999778e-01 2.040000000000000003e-07
-5.500000000000000444e-01 3.820000000000000060e-07
-5.000000000000000000e-01 4.820000000000000015e-07
-4.500000000000000111e-01 5.659999999999999596e-07
-4.000000000000000222e-01 5.979999999999999285e-07
-3.499999999999999778e-01 6.160000000000000102e-07
-2.999999999999999889e-01 6.579999999999999893e-07
-2.500000000000000000e-01 6.060000000000000001e-07
-2.000000000000000111e-01 6.439999999999999963e-07
-1.499999999999999944e-01 5.680000000000000039e-07
-1.000000000000000056e-01 5.520000000000000724e-07
-5.000000000000000278e-02 5.259999999999999190e-07
0.000000000000000000e+00 3.999999999999999819e-07
5.000000000000000278e-02 4.799999999999999571e-07
1.000000000000000056e-01 3.679999999999999601e-07
1.499999999999999944e-01 4.359999999999999866e-07
2.000000000000000111e-01 4.199999999999999492e-07
2.500000000000000000e-01 3.479999999999999927e-07
2.999999999999999889e-01 3.519999999999999756e-07
3.499999999999999778e-01 3.119999999999999880e-07
4.000000000000000222e-01 2.599999999999999988e-07
4.500000000000000111e-01 3.299999999999999639e-07
5.000000000000000000e-01 3.300000000000000168e-07
5.500000000000000444e-01 3.339999999999999997e-07
5.999999999999999778e-01 1.080000000000000009e-07
