-3.000000000000000000e+01 2.282363615524351188e-07
-2.994999999999999929e+01 2.448656441264665944e-07
-2.989999999999999858e+01 2.647139387862964868e-07
-2.985000000000000142e+01 2.679361788157160299e-07
-2.980000000000000071e+01 2.335921790695248935e-07
-2.975000000000000000e+01 2.460006636792109203e-07
-2.969999999999999929e+01 2.290396989027653142e-07
-2.964999999999999858e+01 2.208055752032007082e-07
-2.960000000000000142e+01 1.825946777059249555e-07
-2.955000000000000071e+01 2.083413603895769568e-07
-2.950000000000000000e+01 2.127996087153069961e-07
-2.944999999999999929e+01 1.907717944325638738e-07
-2.939999999999999858e+01 1.891441519161552906e-07
-2.935000000000000142e+01 1.569089167742397881e-07
-2.930000000000000071e+01 1.712439482023185754e-07
-2.925000000000000000e+01 1.546094487172535655e-07
-2.919999999999999929e+01 1.504415270502944833e-07
-2.914999999999999858e+01 1.375737279143256127e-07
-2.910000000000000142e+01 1.075326243803360840e-07
-2.905000000000000071e+01 1.245809301749882783e-07
-2.900000000000000000e+01 1.653444148140604107e-07
-2.894999999999999929e+01 1.457142857142857107e-07
-2.889999999999999858e+01 1.482482749323180541e-07
-2.885000000000000142e+01 1.829742928302626031e-07
-2.880000000000000071e+01 1.849103478302225139e-07
-2.875000000000000000e+01 1.777007344396982692e-07
-2.869999999999999929e+01 1.972153075981182980e-07
-2.864999999999999858e+01 2.101991281366023033e-07
-2.860000000000000142e+01 2.223116033399782743e-07
-2.855000000000000071e+01 1.930686670697284434e-07
-2.850000000000000000e+01 2.276633748429860342e-07
-2.844999999999999929e+01 1.911565231074540033e-07
-2.839999999999999858e+01 2.220957690102287581e-07
-2.835000000000000142e+01 2.586069431017043437e-07
-2.830000000000000071e+01 2.612138071795296790e-07
-2.825000000000000000e+01 2.296048068898793227e-07
-2.819999999999999929e+01 2.416989187955518659e-07
-2.814999999999999858e+01 2.019749428791116550e-07
-2.810000000000000142e+01 2.133216408360379835e-07
-2.805000000000000071e+01 1.672099987245660575e-07
-2.800000000000000000e+01 1.988641213882237759e-07
-2.794999999999999929e+01 1.655417821356682259e-07
-2.789999999999999858e+01 1.265233704313401658e-07
-2.785000000000000142e+01 1.116938234822393097e-07
-2.780000000000000071e+01 1.508885248744102060e-07
-2.775000000000000000e+01 1.565573507748283542e-07
-2.769999999999999929e+01 1.066177608974016541e-07
-2.764999999999999858e+01 1.403857658927931529e-07
-2.760000000000000142e+01 1.234371690127311432e-07
-2.755000000000000071e+01 1.495025765937271977e-07
-2.750000000000000000e+01 1.354659381843394001e-07
-2.744999999999999929e+01 1.490103406903462497e-07
-2.739999999999999858e+01 1.533370304197886236e-07
-2.735000000000000142e+01 1.433491527419563835e-07
-2.730000000000000071e+01 1.501359927749858725e-07
-2.725000000000000000e+01 1.819845250205048897e-07
-2.719999999999999929e+01 1.958393760827730108e-07
-2.714999999999999858e+01 1.847060543962006640e-07
-2.710000000000000142e+01 2.232322849885842705e-07
-2.705000000000000071e+01 2.258769757263128258e-07
-2.700000000000000000e+01 1.961361459677997021e-07
-2.694999999999999929e+01 2.507336174883126552e-07
-2.689999999999999858e+01 2.191123092882567133e-07
-2.685000000000000142e+01 2.629270093484081981e-07
-2.680000000000000071e+01 2.364577021328744189e-07
-2.675000000000000000e+01 2.478396453272122260e-07
-2.669999999999999929e+01 2.335397532038830699e-07
-2.664999999999999858e+01 2.476666620887924074e-07
-2.660000000000000142e+01 2.197215306254900533e-07
-2.655000000000000071e+01 2.274301866417876580e-07
-2.650000000000000000e+01 2.160309879510391863e-07
-2.644999999999999929e+01 1.995914193894054658e-07
-2.639999999999999858e+01 2.204355614112520438e-07
-2.635000000000000142e+01 1.798185026006807703e-07
-2.630000000000000071e+01 1.917694193662837935e-07
-2.625000000000000000e+01 1.720287114147531190e-07
-2.619999999999999929e+01 1.559500181573099292e-07
-2.614999999999999858e+01 1.644409204745905330e-07
-2.610000000000000142e+01 1.499387630103077200e-07
-2.605000000000000071e+01 1.446318337951184806e-07
-2.600000000000000000e+01 1.311254267906129972e-07
-2.594999999999999929e+01 1.418536181406446972e-07
-2.589999999999999858e+01 1.708860462891178556e-07
-2.585000000000000142e+01 1.287696884094281592e-07
-2.580000000000000071e+01 1.758071763760117793e-07
-2.575000000000000000e+01 1.879643908959831269e-07
-2.569999999999999929e+01 1.897904322226631900e-07
-2.564999999999999858e+01 1.947945018710324691e-07
-2.560000000000000142e+01 2.065113526552721741e-07
-2.555000000000000071e+01 2.093381211810018687e-07
-2.550000000000000000e+01 2.121272240512129317e-07
-2.544999999999999929e+01 2.159412240515876216e-07
-2.539999999999999858e+01 2.236296136061426240e-07
-2.535000000000000142e+01 1.931320791582796542e-07
-2.530000000000000071e+01 2.259221466048218410e-07
-2.525000000000000000e+01 2.516597962750993269e-07
-2.519999999999999929e+01 2.304388005877624408e-07
-2.514999999999999858e+01 2.572579107686704924e-07
-2.510000000000000142e+01 2.230996848670008998e-07
-2.505000000000000071e+01 2.283302298810891417e-07
-2.500000000000000000e+01 1.994124021279744112e-07
-2.494999999999999929e+01 1.915458063189255578e-07
-2.489999999999999858e+01 1.917694193662838464e-07
-2.485000000000000142e+01 1.795970546551816795e-07
-2.480000000000000071e+01 1.552680368437307191e-07
-2.475000000000000000e+01 1.522149393295613364e-07
-2.469999999999999929e+01 1.264991731843593338e-07
-2.464999999999999858e+01 1.288726629867875437e-07
-2.460000000000000142e+01 8.500900312463907313e-08
-2.455000000000000071e+01 1.051335399598520073e-07
-2.450000000000000000e+01 9.469607668100885232e-08
-2.444999999999999929e+01 9.639417375907052287e-08
-2.439999999999999858e+01 8.816728070976839400e-08
-2.435000000000000142e+01 1.026287146037817676e-07
-2.430000000000000071e+01 1.056080547330069592e-07
-2.425000000000000000e+01 1.090309823033839278e-07
-2.419999999999999929e+01 1.412625287923741171e-07
-2.414999999999999858e+01 2.068668111394875310e-07
-2.410000000000000142e+01 3.038863912311806901e-07
-2.405000000000000071e+01 3.762679245171027686e-07
-2.400000000000000000e+01 4.711644281642523017e-07
-2.394999999999999929e+01 6.393316025031013957e-07
-2.389999999999999858e+01 7.808799327603156794e-07
-2.385000000000000142e+01 8.771963687725542933e-07
-2.380000000000000071e+01 9.648707220162096252e-07
-2.375000000000000000e+01 9.819233520941211137e-07
-2.369999999999999929e+01 9.226956957408958258e-07
-2.364999999999999858e+01 7.408723484748866232e-07
-2.360000000000000142e+01 4.821656079288399004e-07
-2.355000000000000071e+01 2.017727555889525441e-07
-2.350000000000000000e+01 -2.286160670697686930e-07
-2.344999999999999929e+01 -5.870785505277771977e-07
-2.339999999999999858e+01 -9.525261794034741684e-07
-2.335000000000000142e+01 -1.251545982750444447e-06
-2.330000000000000071e+01 -1.421569267982910880e-06
-2.325000000000000000e+01 -1.520032894380907913e-06
-2.319999999999999929e+01 -1.535929553018866318e-06
-2.314999999999999858e+01 -1.438574265850514474e-06
-2.310000000000000142e+01 -1.231469174007458519e-06
-2.305000000000000071e+01 -9.642952380482075134e-07
-2.300000000000000000e+01 -6.629818232494639815e-07
-2.294999999999999929e+01 -2.902848706399438339e-07
-2.289999999999999858e+01 1.249653013064516376e-07
-2.285000000000000142e+01 5.298748408244870481e-07
-2.280000000000000071e+01 9.480947597520974083e-07
-2.275000000000000000e+01 1.319928878727168039e-06
-2.269999999999999929e+01 1.666640884154320010e-06
-2.264999999999999858e+01 1.947106697075411772e-06
-2.260000000000000142e+01 2.198178281009536604e-06
-2.255000000000000071e+01 2.361636409486491057e-06
-2.250000000000000000e+01 2.409603659508835153e-06
-2.244999999999999929e+01 2.444589611232719728e-06
-2.239999999999999858e+01 2.309018697832214739e-06
-2.235000000000000142e+01 2.091204125349209257e-06
-2.230000000000000071e+01 1.752146788184979527e-06
-2.225000000000000000e+01 1.348714429464183409e-06
-2.219999999999999929e+01 7.635323389700407322e-07
-2.214999999999999858e+01 2.332468255575047753e-07
-2.210000000000000142e+01 -4.633705265745322325e-07
-2.205000000000000071e+01 -1.078291354364839210e-06
-2.200000000000000000e+01 -1.645803569006672829e-06
-2.194999999999999929e+01 -2.128575743044525169e-06
-2.189999999999999858e+01 -2.420107941596736649e-06
-2.185000000000000142e+01 -2.578660465419665468e-06
-2.180000000000000071e+01 -2.496579292404970904e-06
-2.175000000000000000e+01 -2.243077332230733577e-06
-2.169999999999999929e+01 -1.926223438413590918e-06
-2.164999999999999858e+01 -1.508639067747714726e-06
-2.160000000000000142e+01 -1.107378776707428644e-06
-2.155000000000000071e+01 -6.918549452783600496e-07
-2.150000000000000000e+01 -2.987456771098733950e-07
-2.144999999999999929e+01 8.457577208923248168e-08
-2.139999999999999858e+01 3.379228265960940156e-07
-2.135000000000000142e+01 6.355457240411099468e-07
-2.130000000000000071e+01 9.083063404839059753e-07
-2.125000000000000000e+01 1.132385057463823231e-06
-2.119999999999999929e+01 1.380003697126073747e-06
-2.114999999999999858e+01 1.682724345960976357e-06
-2.110000000000000142e+01 1.853411636382363778e-06
-2.105000000000000071e+01 2.017444837776088712e-06
-2.100000000000000000e+01 2.147178975078790609e-06
-2.094999999999999929e+01 2.191192481229323181e-06
-2.089999999999999858e+01 2.091458333121574377e-06
-2.085000000000000142e+01 1.987332331523433837e-06
-2.080000000000000071e+01 1.813973538947026305e-06
-2.075000000000000000e+01 1.538860564422486572e-06
-2.069999999999999929e+01 1.258455483551814946e-06
-2.064999999999999858e+01 9.288450146415653343e-07
-2.060000000000000142e+01 5.616538988031831188e-07
-2.055000000000000071e+01 1.902093368810655737e-07
-2.050000000000000000e+01 -2.510793028637179659e-07
-2.044999999999999929e+01 -6.935298648720094343e-07
-2.039999999999999858e+01 -1.060967021357479876e-06
-2.035000000000000142e+01 -1.369827190054367606e-06
-2.030000000000000071e+01 -1.667769499073782651e-06
-2.025000000000000000e+01 -1.890423233035396274e-06
-2.019999999999999929e+01 -1.981955847033892611e-06
-2.014999999999999858e+01 -2.025714789441807416e-06
-2.010000000000000142e+01 -1.994347624908854995e-06
-2.005000000000000071e+01 -1.838580308558863864e-06
-2.000000000000000000e+01 -1.627193652787974118e-06
-1.994999999999999929e+01 -1.308574547719302021e-06
-1.989999999999999858e+01 -9.386246995101995184e-07
-1.985000000000000142e+01 -5.157222001767057386e-07
-1.980000000000000071e+01 -1.089935403440712835e-07
-1.975000000000000000e+01 3.688481795967505230e-07
-1.969999999999999929e+01 8.259922913115608458e-07
-1.964999999999999858e+01 1.240740397784273671e-06
-1.960000000000000142e+01 1.607792884417539920e-06
-1.955000000000000071e+01 1.921224099582431912e-06
-1.950000000000000000e+01 2.135893446856966000e-06
-1.944999999999999929e+01 2.249833553934193585e-06
-1.939999999999999858e+01 2.324310738297111328e-06
-1.935000000000000142e+01 2.305511143467552095e-06
-1.930000000000000071e+01 2.216589124519647113e-06
-1.925000000000000000e+01 2.091412958567797308e-06
-1.919999999999999929e+01 1.922247833837738638e-06
-1.914999999999999858e+01 1.598348637609122722e-06
-1.910000000000000142e+01 1.258067841524275905e-06
-1.905000000000000071e+01 8.192642293857461959e-07
-1.900000000000000000e+01 3.484572412500446906e-07
-1.894999999999999929e+01 -2.231957135130785877e-07
-1.889999999999999858e+01 -7.313532327271195175e-07
-1.885000000000000142e+01 -1.229389262676258024e-06
-1.880000000000000071e+01 -1.673481645052173801e-06
-1.875000000000000000e+01 -2.050199094363914336e-06
-1.869999999999999929e+01 -2.305742609137419754e-06
-1.864999999999999858e+01 -2.357614238580854823e-06
-1.860000000000000142e+01 -2.340392431771620160e-06
-1.855000000000000071e+01 -2.178798114670057208e-06
-1.850000000000000000e+01 -1.826092069118630038e-06
-1.844999999999999929e+01 -1.463083129865818355e-06
-1.839999999999999858e+01 -9.963545799461114353e-07
-1.835000000000000142e+01 -5.900000000000000686e-07
-1.830000000000000071e+01 -1.432067151543743668e-07
-1.825000000000000000e+01 2.385329310256205732e-07
-1.819999999999999929e+01 5.170501100730282853e-07
-1.814999999999999858e+01 8.446035176583247851e-07
-1.810000000000000142e+01 1.067946723428483000e-06
-1.805000000000000071e+01 1.366229729390115313e-06
-1.800000000000000000e+01 1.666846588927849510e-06
-1.794999999999999929e+01 1.945284198322933740e-06
-1.789999999999999858e+01 2.236396518454432074e-06
-1.785000000000000142e+01 2.530840386358746558e-06
-1.780000000000000071e+01 2.742003215288607926e-06
-1.775000000000000000e+01 2.815737479066613742e-06
-1.769999999999999929e+01 2.727469485790513286e-06
-1.764999999999999858e+01 2.517508081173824736e-06
-1.760000000000000142e+01 2.100566007299082559e-06
-1.755000000000000071e+01 1.526030598564491885e-06
-1.750000000000000000e+01 8.545126311147740313e-07
-1.744999999999999929e+01 2.092211016789537249e-07
-1.739999999999999858e+01 -5.096237107225411184e-07
-1.735000000000000142e+01 -1.170607726345419117e-06
-1.730000000000000071e+01 -1.624928883844157857e-06
-1.725000000000000000e+01 -1.988945469748392368e-06
-1.719999999999999929e+01 -2.205832713327027239e-06
-1.714999999999999858e+01 -2.312931702671846978e-06
-1.710000000000000142e+01 -2.321587247324289890e-06
-1.705000000000000071e+01 -2.220000459643269005e-06
-1.700000000000000000e+01 -2.064369251893485119e-06
-1.694999999999999929e+01 -1.895779415395349764e-06
-1.689999999999999858e+01 -1.618732812531872396e-06
-1.685000000000000142e+01 -1.384642442610203654e-06
-1.680000000000000071e+01 -1.023217215154121333e-06
-1.675000000000000000e+01 -6.128638028276155352e-07
-1.669999999999999929e+01 -1.830579254816154062e-07
-1.664999999999999858e+01 2.443525388967876454e-07
-1.660000000000000142e+01 7.302361932684407423e-07
-1.655000000000000071e+01 1.167492516254474322e-06
-1.650000000000000000e+01 1.567278285592509408e-06
-1.644999999999999929e+01 1.926291244641805002e-06
-1.639999999999999858e+01 2.236855026183696713e-06
-1.635000000000000142e+01 2.461974071051645253e-06
-1.630000000000000071e+01 2.598044005220316881e-06
-1.625000000000000000e+01 2.630671909204481510e-06
-1.619999999999999929e+01 2.568586127401133237e-06
-1.614999999999999858e+01 2.466623321921062804e-06
-1.610000000000000142e+01 2.209740958130797472e-06
-1.605000000000000071e+01 1.876681830752765712e-06
-1.600000000000000000e+01 1.419538585568693706e-06
-1.594999999999999929e+01 9.497948220966634582e-07
-1.590000000000000036e+01 4.171746563222063812e-07
-1.584999999999999964e+01 -1.732345348988839958e-07
-1.580000000000000071e+01 -6.138486817462694188e-07
-1.575000000000000000e+01 -1.025448632530749337e-06
-1.569999999999999929e+01 -1.373213867731684475e-06
-1.565000000000000036e+01 -1.623671827704611335e-06
-1.559999999999999964e+01 -1.870196977511694559e-06
-1.555000000000000071e+01 -1.998671497545817728e-06
-1.550000000000000000e+01 -2.163045849476791101e-06
-1.544999999999999929e+01 -2.208627332502600507e-06
-1.540000000000000036e+01 -2.199076800730297786e-06
-1.534999999999999964e+01 -2.111662465297647952e-06
-1.530000000000000071e+01 -1.899861434259813679e-06
-1.525000000000000000e+01 -1.595025430032066869e-06
-1.519999999999999929e+01 -1.142401694962442314e-06
-1.515000000000000036e+01 -6.589199573575545535e-07
-1.509999999999999964e+01 -8.624833627499188704e-08
-1.505000000000000071e+01 4.815324177952664534e-07
-1.500000000000000000e+01 9.857153209104295834e-07
-1.494999999999999929e+01 1.459044277628897741e-06
-1.490000000000000036e+01 1.833433268766662302e-06
-1.484999999999999964e+01 2.111009527332786678e-06
-1.480000000000000071e+01 2.270650360849175149e-06
-1.475000000000000000e+01 2.394437431265410406e-06
-1.469999999999999929e+01 2.399168648528408827e-06
-1.465000000000000036e+01 2.375901117986389893e-06
-1.459999999999999964e+01 2.307386983988067352e-06
-1.455000000000000071e+01 2.186678125488476189e-06
-1.450000000000000000e+01 1.986803914813529605e-06
-1.444999999999999929e+01 1.681913390475628501e-06
-1.440000000000000036e+01 1.315134042985888060e-06
-1.434999999999999964e+01 9.291822167028028285e-07
-1.430000000000000071e+01 5.055225625276183771e-07
-1.425000000000000000e+01 -1.357443575705630864e-07
-1.419999999999999929e+01 -4.794235484157095764e-07
-1.415000000000000036e+01 -8.416662288676708197e-07
-1.409999999999999964e+01 -1.158099252029384857e-06
-1.405000000000000071e+01 -1.414734416555897448e-06
-1.400000000000000000e+01 -1.563849906676547179e-06
-1.394999999999999929e+01 -1.653341082382542381e-06
-1.390000000000000036e+01 -1.713229436485614591e-06
-1.384999999999999964e+01 -1.714973671482320663e-06
-1.380000000000000071e+01 -1.725814211865677673e-06
-1.375000000000000000e+01 -1.611657151974390553e-06
-1.369999999999999929e+01 -1.481704065856441328e-06
-1.365000000000000036e+01 -1.306902397867193863e-06
-1.359999999999999964e+01 -1.073237520547154588e-06
-1.355000000000000071e+01 -7.559424446291110134e-07
-1.350000000000000000e+01 -4.349736093331715149e-07
-1.344999999999999929e+01 -1.829464067837956573e-08
-1.340000000000000036e+01 3.999999999999999819e-07
-1.334999999999999964e+01 8.031697408724145224e-07
-1.330000000000000071e+01 1.200245723141043811e-06
-1.325000000000000000e+01 1.543914981269291231e-06
-1.319999999999999929e+01 1.836221164039154099e-06
-1.315000000000000036e+01 2.074271940135297897e-06
-1.309999999999999964e+01 2.241084376741194585e-06
-1.305000000000000071e+01 2.306884992223699361e-06
-1.300000000000000000e+01 2.350093788836209215e-06
-1.294999999999999929e+01 2.239219980807821400e-06
-1.290000000000000036e+01 2.097435265718003091e-06
-1.284999999999999964e+01 1.799461370657840874e-06
-1.280000000000000071e+01 1.398455416171859264e-06
-1.275000000000000000e+01 8.701981946425675154e-07
-1.269999999999999929e+01 3.424670399752182295e-07
-1.265000000000000036e+01 -3.173872931885443320e-07
-1.259999999999999964e+01 -9.194552513220386781e-07
-1.255000000000000071e+01 -1.447153433891683069e-06
-1.250000000000000000e+01 -1.864714783684034439e-06
-1.244999999999999929e+01 -2.078654392060558877e-06
-1.240000000000000036e+01 -2.165737372662470303e-06
-1.234999999999999964e+01 -1.974993154211850231e-06
-1.230000000000000071e+01 -1.680293949016671936e-06
-1.225000000000000000e+01 -1.164636231198569581e-06
-1.219999999999999929e+01 -6.300404910862184547e-07
-1.215000000000000036e+01 -4.934261725477297948e-08
-1.209999999999999964e+01 4.814349300131167620e-07
-1.205000000000000071e+01 8.596404089228595861e-07
-1.200000000000000000e+01 1.145505859203429632e-06
-1.194999999999999929e+01 1.318503325899545442e-06
-1.190000000000000036e+01 1.421586495175480349e-06
-1.184999999999999964e+01 1.368401420994436123e-06
-1.180000000000000071e+01 1.298806359386830890e-06
-1.175000000000000000e+01 1.207351630298180113e-06
-1.169999999999999929e+01 1.071844681102707014e-06
-1.165000000000000036e+01 9.215481649963626328e-07
-1.159999999999999964e+01 6.938858342842921070e-07
-1.155000000000000071e+01 4.323641700120444652e-07
-1.150000000000000000e+01 1.781767066019298955e-07
-1.144999999999999929e+01 -1.193861852330067371e-07
-1.140000000000000036e+01 -3.327835602297440179e-07
-1.134999999999999964e+01 -5.697349903101207876e-07
-1.130000000000000071e+01 -7.471141759040144172e-07
-1.125000000000000000e+01 -8.857707355283121204e-07
-1.119999999999999929e+01 -9.861707017860672189e-07
-1.115000000000000036e+01 -1.023878181529543611e-06
-1.109999999999999964e+01 -9.796386255832778372e-07
-1.105000000000000071e+01 -8.589148350549961244e-07
-1.100000000000000000e+01 -7.090378649110011226e-07
-1.094999999999999929e+01 -4.579479517702992001e-07
-1.090000000000000036e+01 -1.794151496344925616e-07
-1.084999999999999964e+01 2.507336174883127081e-07
-1.080000000000000071e+01 6.740435400458571952e-07
-1.075000000000000000e+01 1.070870330761910092e-06
-1.069999999999999929e+01 1.406425487916521216e-06
-1.065000000000000036e+01 1.642708688944784707e-06
-1.059999999999999964e+01 1.639219575385351158e-06
-1.055000000000000071e+01 1.539544724645462893e-06
-1.050000000000000000e+01 1.303712908173718973e-06
-1.044999999999999929e+01 9.532436568830422290e-07
-1.040000000000000036e+01 5.574083616457983504e-07
-1.034999999999999964e+01 2.370309546649714658e-07
-1.030000000000000071e+01 -2.175935173103973851e-08
-1.025000000000000000e+01 -6.453918284615152165e-08
-1.019999999999999929e+01 -2.303502213799585279e-08
-1.015000000000000036e+01 6.223720260226276094e-08
-1.009999999999999964e+01 2.042457503367261503e-07
-1.005000000000000071e+01 2.555266670056579605e-07
-1.000000000000000000e+01 3.029683084389641534e-07
-9.949999999999999289e+00 2.187347662334080857e-07
-9.900000000000000355e+00 1.334778128776922896e-07
-9.849999999999999645e+00 -1.697837760572101553e-07
-9.800000000000000711e+00 -3.423359133234788429e-07
-9.750000000000000000e+00 -5.214520542657390513e-07
-9.699999999999999289e+00 -6.457142857142855822e-07
-9.650000000000000355e+00 -6.968280905324511378e-07
-9.599999999999999645e+00 -7.505494585941144150e-07
-9.550000000000000711e+00 -7.393543791438471215e-07
-9.500000000000000000e+00 -6.811709605899392233e-07
-9.449999999999999289e+00 -6.075057738870657204e-07
-9.400000000000000355e+00 -4.711276095600807564e-07
-9.349999999999999645e+00 -3.743020716163971568e-07
-9.300000000000000711e+00 -2.219486978781266107e-07
-9.250000000000000000e+00 -5.467902631144181658e-08
-9.199999999999999289e+00 2.014690942014862542e-07
-9.150000000000000355e+00 4.688522677556245241e-07
-9.099999999999999645e+00 7.642870493980328115e-07
-9.050000000000000711e+00 1.087166322254740248e-06
-9.000000000000000000e+00 1.317484461434915365e-06
-8.949999999999999289e+00 1.531599137622944475e-06
-8.900000000000000355e+00 1.614566979289569156e-06
-8.849999999999999645e+00 1.637741725420608884e-06
-8.800000000000000711e+00 1.529693179853331351e-06
-8.750000000000000000e+00 1.386433539403772964e-06
-8.699999999999999289e+00 1.119073961189449397e-06
-8.650000000000000355e+00 8.880303819034984902e-07
-8.599999999999999645e+00 5.873583198681766665e-07
-8.550000000000000711e+00 2.848271942990080590e-07
-8.500000000000000000e+00 -8.011471367319972811e-08
-8.449999999999999289e+00 -2.881680348798780602e-07
-8.400000000000000355e+00 -5.329662852606062142e-07
-8.349999999999999645e+00 -7.286834647751618343e-07
-8.300000000000000711e+00 -8.945059062558115793e-07
-8.250000000000000000e+00 -9.873692111787130229e-07
-8.199999999999999289e+00 -1.055784842026566113e-06
-8.150000000000000355e+00 -1.047681599864136871e-06
-8.099999999999999645e+00 -1.023449549118976658e-06
-8.050000000000000711e+00 -9.910548904669042283e-07
-8.000000000000000000e+00 -9.603592015065861246e-07
-7.950000000000000178e+00 -8.226214940353671295e-07
-7.900000000000000355e+00 -7.045696327169791417e-07
-7.849999999999999645e+00 -4.890411276056401004e-07
-7.799999999999999822e+00 -2.409547336606388608e-07
-7.750000000000000000e+00 5.086998232789958864e-08
-7.700000000000000178e+00 3.667201568899475813e-07
-7.650000000000000355e+00 7.736818942365058578e-07
-7.599999999999999645e+00 1.140809773264373098e-06
-7.549999999999999822e+00 1.517920166758799427e-06
-7.500000000000000000e+00 1.833113221171200254e-06
-7.450000000000000178e+00 2.040612653102003991e-06
-7.400000000000000355e+00 2.114927508768784586e-06
-7.349999999999999645e+00 2.029611403441454495e-06
-7.299999999999999822e+00 1.786425572625574457e-06
-7.250000000000000000e+00 1.420092696025904536e-06
-7.200000000000000178e+00 1.037301247252224364e-06
-7.150000000000000355e+00 6.134545872452539897e-07
-7.099999999999999645e+00 2.356060357495806355e-07
-7.049999999999999822e+00 -7.939824703765854549e-08
-7.000000000000000000e+00 -1.657943156505699417e-07
-6.950000000000000178e+00 -2.362677484964713362e-07
-6.900000000000000355e+00 -3.312930757513902036e-07
-6.849999999999999645e+00 -3.687651760972568096e-07
-6.799999999999999822e+00 -4.772476360574759131e-07
-6.750000000000000000e+00 -6.788495670572955170e-07
-6.700000000000000178e+00 -1.066875085930678132e-06
-6.650000000000000355e+00 -1.413342398250996342e-06
-6.599999999999999645e+00 -1.781681159776361785e-06
-6.549999999999999822e+00 -2.041692974979743107e-06
-6.500000000000000000e+00 -2.159086163455384074e-06
-6.450000000000000178e+00 -2.071645801417465495e-06
-6.400000000000000355e+00 -1.754416584229756951e-06
-6.349999999999999645e+00 -1.232886938888409588e-06
-6.299999999999999822e+00 -5.700017901869488306e-07
-6.250000000000000000e+00 1.359846930161401676e-07
-6.200000000000000178e+00 8.333470747166366799e-07
-6.150000000000000355e+00 1.416164696982519611e-06
-6.099999999999999645e+00 1.849842795306384285e-06
-6.049999999999999822e+00 2.117280697267230217e-06
-6.000000000000000000e+00 2.279337533547134605e-06
-5.950000000000000178e+00 2.308616070996930535e-06
-5.900000000000000355e+00 2.285437483239460328e-06
-5.849999999999999645e+00 2.196762460104062301e-06
-5.799999999999999822e+00 2.069033097653025666e-06
-5.750000000000000000e+00 1.901203163627641928e-06
-5.700000000000000178e+00 1.714720183039334642e-06
-5.650000000000000355e+00 1.444415707022696676e-06
-5.599999999999999645e+00 1.168600244143498770e-06
-5.549999999999999822e+00 7.952512117538195948e-07
-5.500000000000000000e+00 4.053846749617917324e-07
-5.450000000000000178e+00 9.313146293146649869e-08
-5.400000000000000355e+00 -4.200704508454140754e-07
-5.349999999999999645e+00 -7.886503583687145928e-07
-5.299999999999999822e+00 -1.103303018676377860e-06
-5.250000000000000000e+00 -1.390263519287341703e-06
-5.200000000000000178e+00 -1.622486124590837867e-06
-5.150000000000000355e+00 -1.776073403520777248e-06
-5.099999999999999645e+00 -1.887264514300731573e-06
-5.049999999999999822e+00 -1.971545027616252106e-06
-5.000000000000000000e+00 -1.915722808119958791e-06
-4.950000000000000178e+00 -1.831473701249173753e-06
-4.900000000000000355e+00 -1.625777051261384878e-06
-4.849999999999999645e+00 -1.328574500764497325e-06
-4.799999999999999822e+00 -8.742868814184553367e-07
-4.750000000000000000e+00 -3.742966192522629032e-07
-4.700000000000000178e+00 1.430427365852454383e-07
-4.650000000000000355e+00 6.547362765547169431e-07
-4.599999999999999645e+00 1.074781420587840239e-06
-4.549999999999999822e+00 1.410740867742324865e-06
-4.500000000000000000e+00 1.627611872702846091e-06
-4.450000000000000178e+00 1.790620688191553467e-06
-4.400000000000000355e+00 1.849136588370091099e-06
-4.349999999999999645e+00 1.958956927780179532e-06
-4.299999999999999822e+00 2.008736530503588283e-06
-4.250000000000000000e+00 2.089469222710174888e-06
-4.200000000000000178e+00 2.176657707474972723e-06
-4.150000000000000355e+00 2.176012548733324485e-06
-4.099999999999999645e+00 2.001918467625593991e-06
-4.049999999999999822e+00 1.726905927267797664e-06
-4.000000000000000000e+00 1.365884627751015782e-06
-3.950000000000000178e+00 8.403412814968422704e-07
-3.899999999999999911e+00 3.047983609147636700e-07
-3.850000000000000089e+00 -3.449726401455332760e-07
-3.799999999999999822e+00 -8.264257933031463237e-07
-3.750000000000000000e+00 -1.235008055827646829e-06
-3.700000000000000178e+00 -1.475284822033511463e-06
-3.649999999999999911e+00 -1.554764238312257215e-06
-3.600000000000000089e+00 -1.628647867880291968e-06
-3.549999999999999822e+00 -1.601234217848270618e-06
-3.500000000000000000e+00 -1.579042592903713390e-06
-3.450000000000000178e+00 -1.519646172566468970e-06
-3.399999999999999911e+00 -1.476336475115040225e-06
-3.350000000000000089e+00 -1.423236466935950360e-06
-3.299999999999999822e+00 -1.318609347852842204e-06
-3.250000000000000000e+00 -1.087157874872807544e-06
-3.200000000000000178e+00 -7.345580373286251270e-07
-3.149999999999999911e+00 -3.414285714285714192e-07
-3.100000000000000089e+00 1.446318337951184541e-07
-3.049999999999999822e+00 6.314560433584253900e-07
-3.000000000000000000e+00 1.030396198814131952e-06
-2.950000000000000178e+00 1.296246543694839057e-06
-2.899999999999999911e+00 1.458377628093097641e-06
-2.850000000000000089e+00 1.537701040448343511e-06
-2.799999999999999822e+00 1.522396740910428553e-06
-2.750000000000000000e+00 1.436063212752282850e-06
-2.700000000000000178e+00 1.416164696982519611e-06
-2.649999999999999911e+00 1.415498037397986281e-06
-2.600000000000000089e+00 1.397924116944369118e-06
-2.549999999999999822e+00 1.409525900899349460e-06
-2.500000000000000000e+00 1.422720159785902492e-06
-2.450000000000000178e+00 1.396716996154531987e-06
-2.399999999999999911e+00 1.290423913894585579e-06
-2.350000000000000089e+00 1.056393556842702366e-06
-2.299999999999999822e+00 7.883876597466604552e-07
-2.250000000000000000e+00 4.113194299682276388e-07
-2.200000000000000178e+00 1.325418686256365021e-07
-2.149999999999999911e+00 -3.690307215793662855e-07
-2.100000000000000089e+00 -6.752928314170566361e-07
-2.049999999999999822e+00 -8.567868308216390846e-07
-2.000000000000000000e+00 -9.696380557629086835e-07
-1.949999999999999956e+00 -1.043499801981147339e-06
-1.899999999999999911e+00 -1.039706591264269891e-06
-1.850000000000000089e+00 -1.069488720113017110e-06
-1.800000000000000044e+00 -1.066220676319984369e-06
-1.750000000000000000e+00 -1.098980975118982402e-06
-1.699999999999999956e+00 -1.144342784380303158e-06
-1.649999999999999911e+00 -1.175784583907742035e-06
-1.600000000000000089e+00 -1.114180397953434261e-06
-1.550000000000000044e+00 -1.022582764476343917e-06
-1.500000000000000000e+00 -7.958989270257978694e-07
-1.449999999999999956e+00 -5.452765634173587518e-07
-1.399999999999999911e+00 -1.600063774239218331e-07
-1.350000000000000089e+00 2.686056209237564120e-07
-1.300000000000000044e+00 6.257729913752222234e-07
-1.250000000000000000e+00 9.871438908408894302e-07
-1.199999999999999956e+00 1.298106155842708735e-06
-1.149999999999999911e+00 1.507914494409076313e-06
-1.100000000000000089e+00 1.602157983496519315e-06
-1.050000000000000044e+00 1.651957404204515559e-06
-1.000000000000000000e+00 1.663115468397937565e-06
-9.499999999999999556e-01 1.666618842851279559e-06
-9.000000000000000222e-01 1.654148156136257485e-06
-8.499999999999999778e-01 1.645110256214470510e-06
-8.000000000000000444e-01 1.626044405347918160e-06
-7.500000000000000000e-01 1.579331426617618023e-06
-6.999999999999999556e-01 1.417895105645070159e-06
-6.500000000000000222e-01 1.193193280270062948e-06
-5.999999999999999778e-01 8.605705274136811392e-07
-5.500000000000000444e-01 5.409307926611125784e-07
-5.000000000000000000e-01 1.517584009038641430e-07
-4.500000000000000111e-01 -3.031837861153945425e-07
-4.000000000000000222e-01 -6.497754714247884735e-07
-3.499999999999999778e-01 -9.210076557992426900e-07
-2.999999999999999889e-01 -1.148359966319314828e-06
-2.500000000000000000e-01 -1.355105990281925892e-06
-2.000000000000000111e-01 -1.515983549531121960e-06
-1.499999999999999944e-01 -1.701466954107063181e-06
-1.000000000000000056e-01 -1.818733580471503746e-06
-5.000000000000000278e-02 -1.910104709171725097e-06
0.000000000000000000e+00 -1.972341403572134438e-06
5.000000000000000278e-02 -1.873450380055637292e-06
1.000000000000000056e-01 -1.651912929464084068e-06
1.499999999999999944e-01 -1.303816219677404204e-06
2.000000000000000111e-01 -7.909139636895936187e-07
2.500000000000000000e-01 -1.800906801065076946e-07
2.999999999999999889e-01 4.184348875297575545e-07
3.499999999999999778e-01 9.890708895169223410e-07
4.000000000000000222e-01 1.480031025598684169e-06
4.500000000000000111e-01 1.839694961405397990e-06
5.000000000000000000e-01 2.087140412631794198e-06
5.500000000000000444e-01 2.196830741345915868e-06
5.999999999999999778e-01 2.224232038989031867e-06
6.500000000000000222e-01 2.228304471190265763e-06
6.999999999999999556e-01 2.159051662566843760e-06
7.500000000000000000e-01 2.128353296589182792e-06
8.000000000000000444e-01 2.013149122085867901e-06
8.499999999999999778e-01 1.895707826450401433e-06
9.000000000000000222e-01 1.640538736799218485e-06
9.499999999999999556e-01 1.305961214537993386e-06
1.000000000000000000e+00 8.485690235656155519e-07
1.050000000000000044e+00 3.046309242345562995e-07
1.100000000000000089e+00 -2.691862264117462213e-07
1.149999999999999911e+00 -7.520434746443200746e-07
1.199999999999999956e+00 -1.124713115348414126e-06
1.250000000000000000e+00 -1.457481753307563386e-06
1.300000000000000044e+00 -1.617165572783417384e-06
1.350000000000000089e+00 -1.667152650234427036e-06
1.399999999999999911e+00 -1.661429185603620643e-06
1.449999999999999956e+00 -1.594516752332627017e-06
1.500000000000000000e+00 -1.598679301862659883e-06
1.550000000000000044e+00 -1.520131573252789501e-06
1.600000000000000089e+00 -1.418606674860647864e-06
1.649999999999999911e+00 -1.321466408724699665e-06
1.699999999999999956e+00 -1.102860843813183186e-06
1.750000000000000000e+00 -8.316690864687439054e-07
1.800000000000000044e+00 -4.371802038201693996e-07
1.850000000000000089e+00 1.317077779613270193e-08
1.899999999999999911e+00 5.518965445791152834e-07
1.949999999999999956e+00 1.007589566586453583e-06
2.000000000000000000e+00 1.445779925105039827e-06
2.049999999999999822e+00 1.700072627500222668e-06
2.100000000000000089e+00 1.838436003448450261e-06
2.149999999999999911e+00 1.831877034461580973e-06
2.200000000000000178e+00 1.773594298224336585e-06
2.250000000000000000e+00 1.659853079310924754e-06
2.299999999999999822e+00 1.534520466212324480e-06
2.350000000000000089e+00 1.440921615508912850e-06
2.399999999999999911e+00 1.405561112444537824e-06
2.450000000000000178e+00 1.343812729907417146e-06
2.500000000000000000e+00 1.290139210966579872e-06
2.549999999999999822e+00 1.160487230539353094e-06
2.600000000000000089e+00 9.128962656494629152e-07
2.649999999999999911e+00 5.850937479392092895e-07
2.700000000000000178e+00 2.034448227858535532e-07
2.750000000000000000e+00 -2.575314524084229588e-07
2.799999999999999822e+00 -6.618619376348785744e-07
2.850000000000000089e+00 -1.006887505622942904e-06
2.899999999999999911e+00 -1.239286331823642139e-06
2.950000000000000178e+00 -1.351761511389294600e-06
3.000000000000000000e+00 -1.367358543965372018e-06
3.049999999999999822e+00 -1.384288662830414141e-06
3.100000000000000089e+00 -1.275829462085952527e-06
3.149999999999999911e+00 -1.244315236651575110e-06
3.200000000000000178e+00 -1.142985707054384847e-06
3.250000000000000000e+00 -1.054285714285714447e-06
3.299999999999999822e+00 -9.691285797465849812e-07
3.350000000000000089e+00 -7.456020714694882351e-07
3.399999999999999911e+00 -4.362572729058683529e-07
3.450000000000000178e+00 -6.929675906077086949e-08
3.500000000000000000e+00 3.702756832856473705e-07
3.549999999999999822e+00 8.330053776439102424e-07
3.600000000000000089e+00 1.245979657186444463e-06
3.649999999999999911e+00 1.545396059135597963e-06
3.700000000000000178e+00 1.763376283828085000e-06
3.750000000000000000e+00 1.832652811235835647e-06
3.799999999999999822e+00 1.772986066453071220e-06
3.850000000000000089e+00 1.670405669902020049e-06
3.899999999999999911e+00 1.512032015642040040e-06
3.950000000000000178e+00 1.406745411601269193e-06
4.000000000000000000e+00 1.181678156397130986e-06
4.049999999999999822e+00 1.057232621671565072e-06
4.099999999999999645e+00 8.661479347651641227e-07
4.150000000000000355e+00 6.810106535173159703e-07
4.200000000000000178e+00 3.972790105768211553e-07
4.250000000000000000e+00 1.179501797283886269e-07
4.299999999999999822e+00 -3.112089658222643239e-07
4.349999999999999645e+00 -5.642712475541586335e-07
4.400000000000000355e+00 -8.152237704571471567e-07
4.450000000000000178e+00 -1.028501981782540141e-06
4.500000000000000000e+00 -1.140652337525347986e-06
4.549999999999999822e+00 -1.134610424915323307e-06
4.599999999999999645e+00 -1.080136045853030611e-06
4.650000000000000355e+00 -1.029096096343876156e-06
4.700000000000000178e+00 -8.802967959612211234e-07
4.750000000000000000e+00 -7.900116248175964145e-07
4.799999999999999822e+00 -7.128700256494081846e-07
4.849999999999999645e+00 -6.388414258225108696e-07
4.900000000000000355e+00 -5.314458522535959458e-07
4.950000000000000178e+00 -3.729009279162715230e-07
5.000000000000000000e+00 -1.663289094608901025e-07
5.049999999999999822e+00 1.552351737966414408e-07
5.099999999999999645e+00 4.561708416094718845e-07
5.150000000000000355e+00 8.109581131134270698e-07
5.200000000000000178e+00 1.130017157175148057e-06
5.250000000000000000e+00 1.346258609962424480e-06
5.299999999999999822e+00 1.489449288721663969e-06
5.349999999999999645e+00 1.550848352433240939e-06
5.400000000000000355e+00 1.465402361685231199e-06
5.450000000000000178e+00 1.363630358675708427e-06
5.500000000000000000e+00 1.186957179909526211e-06
5.549999999999999822e+00 1.047680625895864674e-06
5.599999999999999645e+00 9.262399301278614484e-07
5.650000000000000355e+00 7.721610279347335410e-07
5.700000000000000178e+00 6.864831998479419732e-07
5.750000000000000000e+00 5.662191109744115070e-07
5.799999999999999822e+00 4.041266724022788208e-07
5.849999999999999645e+00 2.151885741599204808e-07
5.900000000000000355e+00 -1.000102035610693456e-07
5.950000000000000178e+00 -3.415271824123676771e-07
6.000000000000000000e+00 -5.875059704429584643e-07
6.049999999999999822e+00 -8.050960140484703713e-07
6.099999999999999645e+00 -9.431698615599960004e-07
6.150000000000000355e+00 -1.011655543540147166e-06
6.200000000000000178e+00 -9.959151262911464941e-07
6.250000000000000000e+00 -9.643375647435449192e-07
6.299999999999999822e+00 -8.100806208303578175e-07
6.349999999999999645e+00 -7.075121690739708517e-07
6.400000000000000355e+00 -6.200065832435219166e-07
6.450000000000000178e+00 -5.272376995594441580e-07
6.500000000000000000e+00 -4.373318919007272556e-07
6.549999999999999822e+00 -3.409710024177949219e-07
6.599999999999999645e+00 -1.871646661229035292e-07
6.650000000000000355e+00 1.277753129999879875e-08
6.700000000000000178e+00 3.386226603794391141e-07
6.750000000000000000e+00 6.064702156322102406e-07
6.799999999999999822e+00 9.456085396209584268e-07
6.849999999999999645e+00 1.153641970421658770e-06
6.900000000000000355e+00 1.357563844479048651e-06
6.950000000000000178e+00 1.427102816541118010e-06
7.000000000000000000e+00 1.463267938972384279e-06
7.049999999999999822e+00 1.385844618318536266e-06
7.099999999999999645e+00 1.275083030509730385e-06
7.150000000000000355e+00 1.176838552900030088e-06
7.200000000000000178e+00 1.074870661417228370e-06
7.250000000000000000e+00 9.962583059853995323e-07
7.299999999999999822e+00 9.156151049475774689e-07
7.349999999999999645e+00 7.785923981448698474e-07
7.400000000000000355e+00 6.231617865730358906e-07
7.450000000000000178e+00 4.005149746238699628e-07
7.500000000000000000e+00 1.388362712121066489e-07
7.549999999999999822e+00 -2.675092979501757609e-07
7.599999999999999645e+00 -6.031634293033518339e-07
7.650000000000000355e+00 -9.455340786442077780e-07
7.700000000000000178e+00 -1.130022575176338310e-06
7.750000000000000000e+00 -1.267162989049288016e-06
7.799999999999999822e+00 -1.257172077582484696e-06
7.849999999999999645e+00 -1.147150862807859422e-06
7.900000000000000355e+00 -9.944098855140987346e-07
7.950000000000000178e+00 -8.571428571428571343e-07
8.000000000000000000e+00 -6.790584718293891512e-07
8.050000000000000711e+00 -5.357314282971515313e-07
8.099999999999999645e+00 -4.458264510880842858e-07
8.150000000000000355e+00 -3.029110464159673320e-07
8.199999999999999289e+00 -1.964636332344321147e-07
8.250000000000000000e+00 -2.668791670324200412e-08
8.300000000000000711e+00 1.910924554518367928e-07
8.349999999999999645e+00 4.952838806674204757e-07
8.400000000000000355e+00 8.209750300709516163e-07
8.449999999999999289e+00 1.140587031098549955e-06
8.500000000000000000e+00 1.358078624756463877e-06
8.550000000000000711e+00 1.501607981669065600e-06
8.599999999999999645e+00 1.528120761335468096e-06
8.650000000000000355e+00 1.486997385502004086e-06
8.699999999999999289e+00 1.391123463174968837e-06
8.750000000000000000e+00 1.263957180881552277e-06
8.800000000000000711e+00 1.111888446907938335e-06
8.849999999999999645e+00 9.626759049437062532e-07
8.900000000000000355e+00 8.932410603172777405e-07
8.949999999999999289e+00 7.612690800531031272e-07
9.000000000000000000e+00 7.010924420109646868e-07
9.050000000000000711e+00 5.566151346875733251e-07
9.099999999999999645e+00 3.338978213496470768e-07
9.150000000000000355e+00 1.144730607289464575e-07
9.199999999999999289e+00 -2.972664578097830057e-07
9.250000000000000000e+00 -6.545570242226292798e-07
9.300000000000000711e+00 -1.026797080682429304e-06
9.349999999999999645e+00 -1.318822139916787305e-06
9.400000000000000355e+00 -1.544351789256447814e-06
9.449999999999999289e+00 -1.584721053159366576e-06
9.500000000000000000e+00 -1.474684331493021729e-06
9.550000000000000711e+00 -1.301604974715478142e-06
9.599999999999999645e+00 -1.089025027354321840e-06
9.650000000000000355e+00 -7.552712717147072012e-07
9.699999999999999289e+00 -4.971613297060644200e-07
9.750000000000000000e+00 -1.859119826856850209e-07
9.800000000000000711e+00 6.743099269260539518e-08
9.849999999999999645e+00 3.159985791753126368e-07
9.900000000000000355e+00 5.712946271587089123e-07
9.949999999999999289e+00 8.002257334588758037e-07
1.000000000000000000e+01 1.067827280996704973e-06
1.005000000000000071e+01 1.303518785629802615e-06
1.009999999999999964e+01 1.529162769462494020e-06
1.015000000000000036e+01 1.610407477906743462e-06
1.019999999999999929e+01 1.633307024638874769e-06
1.025000000000000000e+01 1.523988456756327141e-06
1.030000000000000071e+01 1.308140914833422603e-06
1.034999999999999964e+01 1.061093005983424127e-06
1.040000000000000036e+01 8.235017316562341848e-07
1.044999999999999929e+01 5.946770689429100165e-07
1.050000000000000000e+01 3.762896192443001152e-07
1.055000000000000071e+01 2.703663425496477497e-07
1.059999999999999964e+01 1.956464950373713312e-07
1.065000000000000036e+01 1.011464890389081126e-07
1.069999999999999929e+01 -8.728325925937214382e-08
1.075000000000000000e+01 -1.169161569463435729e-07
1.080000000000000071e+01 -2.796973583087583801e-07
1.084999999999999964e+01 -4.760595057986180729e-07
1.090000000000000036e+01 -6.254728823303310710e-07
1.094999999999999929e+01 -7.930746162491743384e-07
1.100000000000000000e+01 -8.965443863717478134e-07
1.105000000000000071e+01 -8.702298546935746424e-07
1.109999999999999964e+01 -8.115543162125780295e-07
1.115000000000000036e+01 -6.072789763379271429e-07
1.119999999999999929e+01 -4.085739260662928343e-07
1.125000000000000000e+01 -2.158325125401355209e-07
1.130000000000000071e+01 -7.794555923259278927e-08
1.134999999999999964e+01 6.864579300990837461e-08
1.140000000000000036e+01 1.326419147593263747e-07
1.144999999999999929e+01 1.839809218148358380e-07
1.150000000000000000e+01 2.459882193960366527e-07
1.155000000000000071e+01 3.416287518368918897e-07
1.159999999999999964e+01 4.352644047482131425e-07
1.165000000000000036e+01 5.751947318881116763e-07
1.169999999999999929e+01 7.320156683948166896e-07
1.175000000000000000e+01 9.281460564161312427e-07
1.180000000000000071e+01 1.047525753421667675e-06
1.184999999999999964e+01 1.100940228965724647e-06
1.190000000000000036e+01 1.097395804174778147e-06
1.194999999999999929e+01 1.033640287961899792e-06
1.200000000000000000e+01 8.927794251890083710e-07
1.205000000000000071e+01 7.755037862247865548e-07
1.209999999999999964e+01 5.830899395042074850e-07
1.215000000000000036e+01 4.380289804968412220e-07
1.219999999999999929e+01 3.506029791367892394e-07
1.225000000000000000e+01 2.130296520512137865e-07
1.230000000000000071e+01 1.717437578701099342e-07
1.234999999999999964e+01 8.107693499235834118e-08
1.240000000000000036e+01 -1.361346872080164660e-07
1.244999999999999929e+01 -3.373425558686600069e-07
1.250000000000000000e+01 -4.887572745948521823e-07
1.255000000000000071e+01 -7.025100769122570979e-07
1.259999999999999964e+01 -7.879526557827581888e-07
1.265000000000000036e+01 -8.414285714285714495e-07
1.269999999999999929e+01 -8.343052835278277336e-07
1.275000000000000000e+01 -6.773974807591000565e-07
1.280000000000000071e+01 -5.187307901532944285e-07
1.284999999999999964e+01 -2.676923302477480498e-07
1.290000000000000036e+01 -5.556757239650492471e-08
1.294999999999999929e+01 1.440592281823340986e-07
1.300000000000000000e+01 2.639882495838921809e-07
1.305000000000000071e+01 3.879038382835391160e-07
1.309999999999999964e+01 4.267437217834993021e-07
1.315000000000000036e+01 4.030622578131937086e-07
1.319999999999999929e+01 4.597714605305197594e-07
1.325000000000000000e+01 4.685213387861423416e-07
1.330000000000000071e+01 5.698549761803883537e-07
1.334999999999999964e+01 6.521862761324483809e-07
1.340000000000000036e+01 7.771454831888404569e-07
1.344999999999999929e+01 8.283866789102285284e-07
1.350000000000000000e+01 9.081321939192843619e-07
1.355000000000000071e+01 8.703928271012966553e-07
1.359999999999999964e+01 8.166944324031892440e-07
1.365000000000000036e+01 6.829781721793672517e-07
1.369999999999999929e+01 5.401624850025051021e-07
1.375000000000000000e+01 3.825398471974880714e-07
1.380000000000000071e+01 2.613075441946925742e-07
1.384999999999999964e+01 1.883819394263707259e-07
1.390000000000000036e+01 1.501563810682389764e-07
1.394999999999999929e+01 1.305717411687411653e-07
1.400000000000000000e+01 1.438394796930500194e-07
1.405000000000000071e+01 1.350207844922327485e-07
1.409999999999999964e+01 9.197382058754209679e-08
1.415000000000000036e+01 -1.143660431978596209e-07
1.419999999999999929e+01 -2.595522046501927267e-07
1.425000000000000000e+01 -4.211742574066472723e-07
1.430000000000000071e+01 -5.757213753551420496e-07
1.434999999999999964e+01 -6.343114537891958933e-07
1.440000000000000036e+01 -6.157142857142857636e-07
1.444999999999999929e+01 -5.333471511815446607e-07
1.450000000000000000e+01 -3.714532958803948709e-07
1.455000000000000071e+01 -1.802775637731994652e-07
1.459999999999999964e+01 3.440455593940656517e-08
1.465000000000000036e+01 2.156953634084849145e-07
1.469999999999999929e+01 3.289066612836151216e-07
1.475000000000000000e+01 3.734259481818453161e-07
1.480000000000000071e+01 3.853993423206952951e-07
1.484999999999999964e+01 3.746072773517593492e-07
1.490000000000000036e+01 3.846546290810360158e-07
1.494999999999999929e+01 3.644985372720574023e-07
1.500000000000000000e+01 4.371195138491932713e-07
1.505000000000000071e+01 4.955475223818353302e-07
1.509999999999999964e+01 5.634822489643832897e-07
1.515000000000000036e+01 7.240602635873083341e-07
1.519999999999999929e+01 7.687320596877930627e-07
1.525000000000000000e+01 8.274191495122602382e-07
1.530000000000000071e+01 8.506528105411940061e-07
1.534999999999999964e+01 8.292607969678510049e-07
1.540000000000000036e+01 7.423872139996783106e-07
1.544999999999999929e+01 5.951247511133736928e-07
1.550000000000000000e+01 4.203836925709557486e-07
1.555000000000000071e+01 2.259221466048218410e-07
1.559999999999999964e+01 5.048742013449228404e-08
1.565000000000000036e+01 -1.278152365482204683e-07
1.569999999999999929e+01 -2.100777309978963280e-07
1.575000000000000000e+01 -2.888577080678375497e-07
1.580000000000000071e+01 -3.740593644908054838e-07
1.584999999999999964e+01 -4.065509481840963066e-07
1.590000000000000036e+01 -3.761241653431777047e-07
1.594999999999999929e+01 -3.762435164537316032e-07
1.600000000000000000e+01 -3.253255825997665897e-07
1.605000000000000071e+01 -2.903516516788789701e-07
1.610000000000000142e+01 -2.267291830554231594e-07
1.614999999999999858e+01 -1.815691244093430739e-07
1.619999999999999929e+01 -1.462804128503657796e-07
1.625000000000000000e+01 -8.410392016877155054e-08
1.630000000000000071e+01 -6.479165983113469065e-08
1.635000000000000142e+01 6.136209027118437372e-08
1.639999999999999858e+01 1.243513783844893720e-07
1.644999999999999929e+01 1.490788039793664476e-07
1.650000000000000000e+01 2.463529904798546194e-07
1.655000000000000071e+01 3.129908390130970070e-07
1.660000000000000142e+01 4.300213568497949934e-07
1.664999999999999858e+01 5.397070255883165419e-07
1.669999999999999929e+01 6.564250738287047194e-07
1.675000000000000000e+01 7.349940996570055909e-07
1.680000000000000071e+01 7.657196161861370125e-07
1.685000000000000142e+01 7.171727369984706667e-07
1.689999999999999858e+01 7.215134320669722637e-07
1.694999999999999929e+01 6.524443834300267179e-07
1.700000000000000000e+01 5.980410196838422736e-07
1.705000000000000071e+01 5.017052553694310941e-07
1.710000000000000142e+01 3.863434022858368364e-07
1.714999999999999858e+01 3.458559332014014246e-07
1.719999999999999929e+01 2.654414882294578615e-07
1.725000000000000000e+01 1.917694193662838200e-07
1.730000000000000071e+01 9.622465210885090501e-08
1.735000000000000142e+01 -4.699109772399580821e-08
1.739999999999999858e+01 -1.531772349473721766e-07
1.744999999999999929e+01 -2.561329374224507650e-07
1.750000000000000000e+01 -3.669426914049525254e-07
1.755000000000000071e+01 -4.247448213519572726e-07
1.760000000000000142e+01 -4.779142609468005813e-07
1.764999999999999858e+01 -4.832711665392042402e-07
1.769999999999999929e+01 -4.370611501604688699e-07
1.775000000000000000e+01 -3.311143830972576689e-07
1.780000000000000071e+01 -2.211519008855816038e-07
1.785000000000000142e+01 -6.773296909216970004e-08
1.789999999999999858e+01 1.107488425332246083e-07
1.794999999999999929e+01 2.401912503291780371e-07
1.800000000000000000e+01 3.400660200007987147e-07
1.805000000000000071e+01 4.265117171871825357e-07
1.810000000000000142e+01 4.667779264843842038e-07
1.814999999999999858e+01 4.654710144639755026e-07
1.819999999999999929e+01 4.894394961669555329e-07
1.825000000000000000e+01 5.057001612232533577e-07
1.830000000000000071e+01 5.618282837381573051e-07
1.835000000000000142e+01 6.113284297164592990e-07
1.839999999999999858e+01 6.375415152548652984e-07
1.844999999999999929e+01 6.411612551472842643e-07
1.850000000000000000e+01 6.516854130261167434e-07
1.855000000000000071e+01 5.552072604359711071e-07
1.860000000000000142e+01 5.047246167718690946e-07
1.864999999999999858e+01 4.152058746782696647e-07
1.869999999999999929e+01 3.232803799825047684e-07
1.875000000000000000e+01 2.096303841507324462e-07
1.880000000000000071e+01 1.573764497590904199e-07
1.885000000000000142e+01 8.919137873593123789e-08
1.889999999999999858e+01 7.938539422542744838e-08
1.894999999999999929e+01 -4.959015702202792206e-08
1.900000000000000000e+01 -3.714285714285713702e-08
1.905000000000000071e+01 -9.923174278178432041e-08
1.910000000000000142e+01 -1.481863140558850122e-07
1.914999999999999858e+01 -2.161868050873539085e-07
1.919999999999999929e+01 -3.300711116949046094e-07
1.925000000000000000e+01 -3.410817126347842228e-07
1.930000000000000071e+01 -3.144447649493971157e-07
1.935000000000000142e+01 -2.656758804810624802e-07
1.939999999999999858e+01 -1.701499938529627596e-07
1.944999999999999929e+01 -7.693092581620718993e-08
1.950000000000000000e+01 6.904597699196896724e-08
1.955000000000000071e+01 2.207686017308713170e-07
1.960000000000000142e+01 3.260461968018942998e-07
1.964999999999999858e+01 4.155399732730354940e-07
1.969999999999999929e+01 5.428590225531366859e-07
1.975000000000000000e+01 5.512305343872165837e-07
1.980000000000000071e+01 6.007478332742227909e-07
1.985000000000000142e+01 5.663074091274570359e-07
1.989999999999999858e+01 5.609394452385122397e-07
1.994999999999999929e+01 5.203079935607997659e-07
2.000000000000000000e+01 4.903081080466918113e-07
2.005000000000000071e+01 4.199611255089874063e-07
2.010000000000000142e+01 3.479414682186106892e-07
2.014999999999999858e+01 3.136226772308874650e-07
2.019999999999999929e+01 2.624725447255271934e-07
2.025000000000000000e+01 2.283302298810891417e-07
2.030000000000000071e+01 1.727626660349689108e-07
2.035000000000000142e+01 1.661386192801858172e-07
2.039999999999999858e+01 1.363743347689493686e-07
2.044999999999999929e+01 1.377145820980805970e-07
2.050000000000000000e+01 8.545197959278959556e-08
2.055000000000000071e+01 -6.446008098673412618e-08
2.060000000000000142e+01 -6.774803257931071670e-08
2.064999999999999858e+01 -1.839809218148358380e-07
2.069999999999999929e+01 -2.353980562748112032e-07
2.075000000000000000e+01 -3.127364411651656414e-07
2.080000000000000071e+01 -2.418677324489564857e-07
2.085000000000000142e+01 -1.996323150807248091e-07
2.089999999999999858e+01 -8.573809193213519027e-08
2.094999999999999929e+01 6.403124237432848007e-08
2.100000000000000000e+01 1.602548989986303797e-07
2.105000000000000071e+01 2.964345954637466281e-07
2.110000000000000142e+01 4.070250456115716428e-07
2.114999999999999858e+01 4.572723031014161620e-07
2.119999999999999929e+01 5.256676997992599044e-07
2.125000000000000000e+01 4.432256531292347149e-07
2.130000000000000071e+01 4.489125181809835078e-07
2.135000000000000142e+01 3.967341164856805208e-07
2.139999999999999858e+01 3.295327551772264520e-07
2.144999999999999929e+01 3.339344919261249253e-07
2.150000000000000000e+01 2.598468936956247951e-07
2.155000000000000071e+01 2.412383020321336669e-07
2.160000000000000142e+01 2.089868661042641517e-07
2.164999999999999858e+01 1.337222219867035639e-07
2.169999999999999929e+01 -6.822830820719742709e-08
2.175000000000000000e+01 -1.257224023353817110e-07
2.180000000000000071e+01 -1.791419457712064678e-07
2.185000000000000142e+01 -1.956725711540603775e-07
2.189999999999999858e+01 -2.025601447592738239e-07
2.194999999999999929e+01 -1.370907639158102296e-07
2.200000000000000000e+01 -8.381222939355786446e-08
2.205000000000000071e+01 8.615363590465485614e-08
2.210000000000000142e+01 2.074972338148542913e-07
2.214999999999999858e+01 3.191986138786332558e-07
2.219999999999999929e+01 4.112896590889070724e-07
2.225000000000000000e+01 4.312014539371951309e-07
2.230000000000000071e+01 5.081077340365477253e-07
2.235000000000000142e+01 4.807646969958911127e-07
2.239999999999999858e+01 4.723583903982143410e-07
2.244999999999999929e+01 4.620650188368007771e-07
2.250000000000000000e+01 4.386086536086676243e-07
2.255000000000000071e+01 4.442673399967131213e-07
2.260000000000000142e+01 4.328972164382672657e-07
2.264999999999999858e+01 3.903243026311452184e-07
2.269999999999999929e+01 3.731826712515587913e-07
2.275000000000000000e+01 2.910677037447907806e-07
2.280000000000000071e+01 2.292311906689624522e-07
2.285000000000000142e+01 9.600170066520823140e-08
2.289999999999999858e+01 -6.585388898066347822e-08
2.294999999999999929e+01 -1.725912949775880623e-07
2.300000000000000000e+01 -2.536267545276816800e-07
2.305000000000000071e+01 -2.356060357495805826e-07
2.310000000000000142e+01 -2.418846073343777195e-07
2.314999999999999858e+01 -1.598468654937069989e-07
2.319999999999999929e+01 -6.006798869036752179e-08
2.325000000000000000e+01 9.823960712545251658e-08
2.330000000000000071e+01 1.612451549659709728e-07
2.335000000000000142e+01 2.272686084970013224e-07
2.339999999999999858e+01 2.560492618419273892e-07
2.344999999999999929e+01 2.793943887943992181e-07
2.350000000000000000e+01 2.616197583501362145e-07
2.355000000000000071e+01 2.280350850198275928e-07
2.360000000000000142e+01 2.195542794678642482e-07
2.364999999999999858e+01 2.037655715847633352e-07
2.369999999999999929e+01 1.893759892545051584e-07
2.375000000000000000e+01 2.240717815016119280e-07
2.380000000000000071e+01 2.416946969435039950e-07
2.385000000000000142e+01 3.249866559269968176e-07
2.389999999999999858e+01 3.891644634236747780e-07
2.394999999999999929e+01 4.132128966515732148e-07
2.400000000000000000e+01 4.662748598176393185e-07
2.405000000000000071e+01 4.413014148804763045e-07
2.410000000000000142e+01 4.333660374890717873e-07
2.414999999999999858e+01 4.293754363096735102e-07
2.419999999999999929e+01 3.500349836743726811e-07
2.425000000000000000e+01 2.796535757843614468e-07
2.430000000000000071e+01 1.987409348465319717e-07
2.435000000000000142e+01 1.414574285134317588e-07
2.439999999999999858e+01 9.699568683867401880e-08
2.444999999999999929e+01 1.216384740423314436e-07
2.450000000000000000e+01 1.248100597724725209e-07
2.455000000000000071e+01 1.135871507536241107e-07
2.460000000000000142e+01 1.606936494687697317e-07
2.464999999999999858e+01 1.587707884508548703e-07
2.469999999999999929e+01 1.577003099397779978e-07
2.475000000000000000e+01 9.459904646367601993e-08
2.480000000000000071e+01 9.341590128155322795e-08
2.485000000000000142e+01 -8.602325267042624987e-08
2.489999999999999858e+01 -9.660565750112407886e-08
2.494999999999999929e+01 -1.201699476846462125e-07
2.500000000000000000e+01 -1.266926217589772119e-07
2.505000000000000071e+01 -1.061477599329138341e-07
2.510000000000000142e+01 -6.223720260226276094e-08
2.514999999999999858e+01 5.862367008195197628e-08
2.519999999999999929e+01 5.252793231671495992e-08
2.525000000000000000e+01 1.134343287491732263e-07
2.530000000000000071e+01 9.894339754813025233e-08
2.535000000000000142e+01 7.477858473315657772e-08
2.539999999999999858e+01 4.615855548972432454e-08
2.544999999999999929e+01 6.326168521567008292e-08
2.550000000000000000e+01 -3.171943330167788143e-08
2.555000000000000071e+01 4.040610178208845005e-08
2.560000000000000142e+01 1.098886263636124958e-07
2.564999999999999858e+01 2.101748543183867816e-07
2.569999999999999929e+01 3.731963426992306729e-07
2.575000000000000000e+01 4.910837660787846819e-07
2.580000000000000071e+01 5.665217902036161870e-07
2.585000000000000142e+01 5.706995349425767801e-07
2.589999999999999858e+01 5.653046857714007012e-07
2.594999999999999929e+01 4.819687516333609878e-07
2.600000000000000000e+01 4.027178077178375874e-07
2.605000000000000071e+01 3.805581293257553754e-07
2.610000000000000142e+01 3.319023706957655901e-07
2.614999999999999858e+01 2.798870034386690802e-07
2.619999999999999929e+01 3.057276365576099149e-07
2.625000000000000000e+01 3.544527256121436032e-07
2.630000000000000071e+01 3.365430499799334395e-07
2.635000000000000142e+01 3.552090502616101597e-07
2.639999999999999858e+01 3.028301874796823905e-07
2.644999999999999929e+01 2.361640730249948535e-07
2.650000000000000000e+01 2.095719641633043199e-07
2.655000000000000071e+01 1.412625287923741171e-07
2.660000000000000142e+01 8.232588305270804580e-08
2.664999999999999858e+01 8.031824455354627812e-08
2.669999999999999929e+01 7.291314374385626273e-08
2.675000000000000000e+01 7.380337916051136797e-08
2.680000000000000071e+01 6.541858938203033812e-08
2.685000000000000142e+01 7.867525607436778244e-08
2.689999999999999858e+01 4.090806018078957807e-08
2.694999999999999929e+01 2.123724106759786230e-08
2.700000000000000000e+01 -7.630497349184938958e-08
2.705000000000000071e+01 -6.663945022680343111e-08
2.710000000000000142e+01 -6.732498095970387619e-08
2.714999999999999858e+01 2.892636675902369083e-08
2.719999999999999929e+01 6.572981183044195038e-08
2.725000000000000000e+01 1.833085944966207111e-07
2.730000000000000071e+01 2.566344179758356600e-07
2.735000000000000142e+01 3.460240642805417550e-07
2.739999999999999858e+01 3.984587654389122000e-07
2.744999999999999929e+01 3.502914238639779165e-07
2.750000000000000000e+01 3.261776153182401289e-07
2.755000000000000071e+01 3.007473683872175363e-07
2.760000000000000142e+01 2.205743893213575060e-07
2.764999999999999858e+01 1.988384638189440994e-07
2.769999999999999929e+01 1.923113971385673290e-07
2.775000000000000000e+01 2.333867771642216186e-07
2.780000000000000071e+01 2.467461721473866378e-07
2.785000000000000142e+01 3.285093108983956024e-07
2.789999999999999858e+01 3.603003282410554014e-07
2.794999999999999929e+01 3.600481827166344692e-07
2.800000000000000000e+01 2.909519912708791951e-07
2.805000000000000071e+01 2.359955032432194639e-07
2.810000000000000142e+01 1.284920389815363420e-07
2.814999999999999858e+01 7.374805428080176213e-08
2.819999999999999929e+01 -6.653217726968583735e-08
2.825000000000000000e+01 -3.642156795423417601e-08
2.830000000000000071e+01 -4.540071023448772826e-08
2.835000000000000142e+01 7.815473923765675247e-08
2.839999999999999858e+01 1.496458404066762053e-07
2.844999999999999929e+01 2.274974769987929768e-07
2.850000000000000000e+01 2.618186005459442881e-07
2.855000000000000071e+01 2.398383809559925743e-07
2.860000000000000142e+01 2.425081526085930524e-07
2.864999999999999858e+01 1.434630009900156215e-07
2.869999999999999929e+01 8.858294855958567581e-08
2.875000000000000000e+01 7.409315702794251931e-08
2.880000000000000071e+01 5.512508966164212896e-08
2.885000000000000142e+01 8.722478584270713955e-08
2.889999999999999858e+01 1.185283915010945039e-07
2.894999999999999929e+01 2.260982268025675986e-07
2.900000000000000000e+01 2.854891970506993121e-07
2.905000000000000071e+01 3.497229223956868315e-07
2.910000000000000142e+01 3.167436354723563074e-07
2.914999999999999858e+01 2.810076620351284570e-07
2.919999999999999929e+01 2.410732804161677356e-07
2.925000000000000000e+01 1.695732940082734078e-07
2.930000000000000071e+01 1.284840973245565643e-07
2.935000000000000142e+01 1.343161059833503603e-07
2.939999999999999858e+01 1.271749558197489517e-07
2.944999999999999929e+01 1.894190904759462175e-07
2.950000000000000000e+01 1.783026548728141362e-07
2.955000000000000071e+01 2.013475014161601518e-07
2.960000000000000142e+01 2.006570838672845303e-07
2.964999999999999858e+01 2.044654553927865758e-07
2.969999999999999929e+01 1.394522813564202779e-07
2.975000000000000000e+01 9.515829990503365754e-08
2.980000000000000071e+01 -4.819179369552288271e-08
2.985000000000000142e+01 -4.400834800214104567e-08
2.989999999999999858e+01 -5.268311118453078787e-08
2.994999999999999929e+01 -3.257644071711822471e-08
3.000000000000000000e+01 1.028670630136839570e-07
