-10.00000000	0.00000002	0.00000002
-9.95000000	0.00000003	-0.00000000
-9.90000000	-0.00000006	0.00000003
-9.85000000	0.00000010	-0.00000002
-9.80000000	0.00000014	-0.00000001
-9.75000000	0.00000000	0.00000004
-9.70000000	0.00000015	-0.00000005
-9.65000000	-0.00000009	-0.00000003
-9.60000000	0.00000011	-0.00000002
-9.55000000	0.00000020	-0.00000000
-9.50000000	-0.00000005	0.00000003
-9.45000000	0.00000004	0.00000003
-9.40000000	0.00000000	-0.00000006
-9.35000000	0.00000009	-0.00000005
-9.30000000	0.00000001	0.00000006
-9.25000000	0.00000014	-0.00000002
-9.20000000	0.00000001	0.00000002
-9.15000000	0.00000015	-0.00000001
-9.10000000	-0.00000005	0.00000009
-9.05000000	0.00000016	-0.00000001
-9.00000000	0.00000008	0.00000003
-8.95000000	0.00000009	-0.00000001
-8.90000000	0.00000014	-0.00000003
-8.85000000	0.00000016	-0.00000007
-8.80000000	0.00000002	0.00000003
-8.75000000	-0.00000002	-0.00000001
-8.70000000	0.00000007	0.00000004
-8.65000000	0.00000007	0.00000004
-8.60000000	-0.00000001	0.00000008
-8.55000000	-0.00000002	0.00000011
-8.50000000	-0.00000001	-0.00000000
-8.45000000	-0.00000005	0.00000013
-8.40000000	-0.00000001	0.00000003
-8.35000000	0.00000006	-0.00000007
-8.30000000	0.00000001	0.00000006
-8.25000000	-0.00000002	0.00000014
-8.20000000	0.00000005	-0.00000002
-8.15000000	-0.00000004	0.00000006
-8.10000000	-0.00000001	0.00000005
-8.05000000	-0.00000004	0.00000010
-8.00000000	-0.00000003	0.00000008
-7.95000000	0.00000003	0.00000001
-7.90000000	0.00000008	0.00000003
-7.85000000	0.00000006	-0.00000003
-7.80000000	-0.00000001	0.00000013
-7.75000000	0.00000007	-0.00000002
-7.70000000	0.00000016	-0.00000006
-7.65000000	0.00000008	-0.00000005
-7.60000000	0.00000011	0.00000008
-7.55000000	0.00000015	-0.00000013
-7.50000000	0.00000012	0.00000004
-7.45000000	0.00000016	-0.00000006
-7.40000000	0.00000016	-0.00000001
-7.35000000	0.00000013	0.00000002
-7.30000000	0.00000013	0.00000006
-7.25000000	0.00000012	0.00000009
-7.20000000	0.00000006	-0.00000004
-7.15000000	-0.00000006	0.00000007
-7.10000000	-0.00000010	0.00000005
-7.05000000	-0.00000014	-0.00000007
-7.00000000	-0.00000020	0.00000001
-6.95000000	-0.00000023	-0.00000017
-6.90000000	-0.00000024	-0.00000005
-6.85000000	-0.00000021	-0.00000010
-6.80000000	-0.00000021	-0.00000004
-6.75000000	-0.00000005	-0.00000011
-6.70000000	0.00000000	-0.00000011
-6.65000000	0.00000014	-0.00000003
-6.60000000	0.00000022	0.00000001
-6.55000000	0.00000038	0.00000005
-6.50000000	0.00000037	0.00000008
-6.45000000	0.00000049	0.00000001
-6.40000000	0.00000046	-0.00000003
-6.35000000	0.00000044	0.00000008
-6.30000000	0.00000045	-0.00000009
-6.25000000	0.00000046	0.00000007
-6.20000000	0.00000044	0.00000017
-6.15000000	0.00000037	0.00000008
-6.10000000	0.00000025	0.00000004
-6.05000000	0.00000016	-0.00000004
-6.00000000	0.00000009	0.00000015
-5.95000000	0.00000000	0.00000015
-5.90000000	-0.00000020	0.00000003
-5.85000000	-0.00000030	-0.00000004
-5.80000000	-0.00000037	-0.00000007
-5.75000000	-0.00000033	0.00000009
-5.70000000	-0.00000048	-0.00000003
-5.65000000	-0.00000057	-0.00000001
-5.60000000	-0.00000061	-0.00000005
-5.55000000	-0.00000060	-0.00000000
-5.50000000	-0.00000052	-0.00000003
-5.45000000	-0.00000055	-0.00000016
-5.40000000	-0.00000034	-0.00000011
-5.35000000	-0.00000017	-0.00000004
-5.30000000	-0.00000003	0.00000002
-5.25000000	0.00000017	0.00000003
-5.20000000	0.00000042	0.00000003
-5.15000000	0.00000054	0.00000003
-5.10000000	0.00000058	-0.00000007
-5.05000000	0.00000062	-0.00000003
-5.00000000	0.00000077	0.00000001
-4.95000000	0.00000072	-0.00000000
-4.90000000	0.00000067	0.00000000
-4.85000000	0.00000058	0.00000008
-4.80000000	0.00000055	0.00000006
-4.75000000	0.00000034	-0.00000002
-4.70000000	0.00000036	0.00000003
-4.65000000	0.00000040	-0.00000001
-4.60000000	0.00000023	-0.00000001
-4.55000000	0.00000003	-0.00000008
-4.50000000	0.00000011	0.00000004
-4.45000000	0.00000002	-0.00000001
-4.40000000	-0.00000016	0.00000008
-4.35000000	-0.00000011	0.00000007
-4.30000000	-0.00000025	0.00000005
-4.25000000	-0.00000042	-0.00000004
-4.20000000	-0.00000034	0.00000006
-4.15000000	-0.00000050	-0.00000005
-4.10000000	-0.00000032	0.00000006
-4.05000000	-0.00000047	0.00000007
-4.00000000	-0.00000063	-0.00000004
-3.95000000	-0.00000044	-0.00000000
-3.90000000	-0.00000045	-0.00000004
-3.85000000	-0.00000050	-0.00000007
-3.80000000	-0.00000032	0.00000001
-3.75000000	-0.00000031	-0.00000009
-3.70000000	-0.00000023	-0.00000005
-3.65000000	-0.00000028	-0.00000003
-3.60000000	-0.00000004	-0.00000001
-3.55000000	-0.00000011	-0.00000002
-3.50000000	0.00000016	-0.00000006
-3.45000000	0.00000006	0.00000002
-3.40000000	0.00000047	0.00000002
-3.35000000	0.00000059	-0.00000006
-3.30000000	0.00000056	-0.00000005
-3.25000000	0.00000070	-0.00000000
-3.20000000	0.00000098	0.00000002
-3.15000000	0.00000108	0.00000001
-3.10000000	0.00000111	0.00000004
-3.05000000	0.00000134	0.00000003
-3.00000000	0.00000119	0.00000008
-2.95000000	0.00000104	0.00000012
-2.90000000	0.00000081	0.00000013
-2.85000000	0.00000042	0.00000020
-2.80000000	0.00000048	0.00000003
-2.75000000	0.00000010	0.00000008
-2.70000000	-0.00000020	0.00000008
-2.65000000	-0.00000035	0.00000004
-2.60000000	-0.00000069	-0.00000001
-2.55000000	-0.00000095	-0.00000001
-2.50000000	-0.00000127	0.00000002
-2.45000000	-0.00000140	-0.00000007
-2.40000000	-0.00000150	-0.00000004
-2.35000000	-0.00000153	-0.00000008
-2.30000000	-0.00000152	-0.00000012
-2.25000000	-0.00000143	-0.00000012
-2.20000000	-0.00000147	-0.00000002
-2.15000000	-0.00000111	-0.00000014
-2.10000000	-0.00000089	-0.00000016
-2.05000000	-0.00000059	-0.00000012
-2.00000000	-0.00000021	-0.00000009
-1.95000000	0.00000012	-0.00000002
-1.90000000	0.00000064	-0.00000007
-1.85000000	0.00000095	-0.00000001
-1.80000000	0.00000140	-0.00000011
-1.75000000	0.00000161	0.00000004
-1.70000000	0.00000185	0.00000004
-1.65000000	0.00000198	0.00000008
-1.60000000	0.00000192	0.00000005
-1.55000000	0.00000183	0.00000008
-1.50000000	0.00000167	0.00000014
-1.45000000	0.00000149	0.00000011
-1.40000000	0.00000112	0.00000010
-1.35000000	0.00000074	0.00000009
-1.30000000	0.00000052	0.00000006
-1.25000000	0.00000014	0.00000006
-1.20000000	-0.00000019	0.00000014
-1.15000000	-0.00000040	-0.00000001
-1.10000000	-0.00000072	-0.00000000
-1.05000000	-0.00000090	-0.00000015
-1.00000000	-0.00000118	-0.00000006
-0.95000000	-0.00000137	-0.00000002
-0.90000000	-0.00000151	-0.00000008
-0.85000000	-0.00000164	-0.00000000
-0.80000000	-0.00000164	0.00000003
-0.75000000	-0.00000144	-0.00000018
-0.70000000	-0.00000138	-0.00000005
-0.65000000	-0.00000111	-0.00000007
-0.60000000	-0.00000095	-0.00000009
-0.55000000	-0.00000063	0.00000001
-0.50000000	-0.00000042	0.00000015
-0.45000000	-0.00000004	-0.00000010
-0.40000000	0.00000016	0.00000002
-0.35000000	0.00000047	-0.00000014
-0.30000000	0.00000065	-0.00000008
-0.25000000	0.00000097	0.00000002
-0.20000000	0.00000108	0.00000010
-0.15000000	0.00000133	-0.00000005
-0.10000000	0.00000148	0.00000001
-0.05000000	0.00000157	0.00000000
0.00000000	0.00000165	-0.00000007
0.05000000	0.00000158	0.00000006
0.10000000	0.00000146	-0.00000009
0.15000000	0.00000133	0.00000007
0.20000000	0.00000121	0.00000018
0.25000000	0.00000093	-0.00000004
0.30000000	0.00000071	0.00000012
0.35000000	0.00000036	0.00000007
0.40000000	0.00000002	0.00000016
0.45000000	-0.00000033	-0.00000010
0.50000000	-0.00000060	0.00000024
0.55000000	-0.00000097	0.00000001
0.60000000	-0.00000124	-0.00000008
0.65000000	-0.00000131	0.00000010
0.70000000	-0.00000148	0.00000007
0.75000000	-0.00000160	0.00000012
0.80000000	-0.00000156	0.00000010
0.85000000	-0.00000156	-0.00000019
0.90000000	-0.00000131	-0.00000004
0.95000000	-0.00000121	-0.00000011
1.00000000	-0.00000089	-0.00000005
1.05000000	-0.00000078	-0.00000009
1.10000000	-0.00000041	-0.00000002
1.15000000	-0.00000018	-0.00000007
1.20000000	0.00000015	0.00000002
1.25000000	0.00000042	-0.00000007
1.30000000	0.00000089	0.00000011
1.35000000	0.00000102	-0.00000011
1.40000000	0.00000143	-0.00000008
1.45000000	0.00000170	0.00000001
1.50000000	0.00000185	-0.00000001
1.55000000	0.00000201	0.00000015
1.60000000	0.00000196	0.00000006
1.65000000	0.00000168	-0.00000007
1.70000000	0.00000159	0.00000014
1.75000000	0.00000125	0.00000007
1.80000000	0.00000090	0.00000007
1.85000000	0.00000049	-0.00000007
1.90000000	0.00000014	-0.00000001
1.95000000	-0.00000012	0.00000003
2.00000000	-0.00000035	0.00000004
2.05000000	-0.00000079	-0.00000008
2.10000000	-0.00000076	0.00000009
2.15000000	-0.00000105	0.00000006
2.20000000	-0.00000123	0.00000008
2.25000000	-0.00000144	-0.00000005
2.30000000	-0.00000160	-0.00000011
2.35000000	-0.00000159	-0.00000007
2.40000000	-0.00000156	0.00000001
2.45000000	-0.00000158	-0.00000007
2.50000000	-0.00000152	-0.00000004
2.55000000	-0.00000125	0.00000001
2.60000000	-0.00000127	-0.00000017
2.65000000	-0.00000083	-0.00000004
2.70000000	-0.00000048	-0.00000008
2.75000000	-0.00000007	-0.00000004
2.80000000	0.00000034	-0.00000010
2.85000000	0.00000065	-0.00000005
2.90000000	0.00000115	0.00000001
2.95000000	0.00000136	0.00000000
3.00000000	0.00000172	0.00000008
3.05000000	0.00000174	-0.00000003
3.10000000	0.00000186	0.00000007
3.15000000	0.00000197	0.00000003
3.20000000	0.00000188	0.00000010
3.25000000	0.00000156	0.00000003
3.30000000	0.00000141	0.00000011
3.35000000	0.00000136	0.00000009
3.40000000	0.00000085	0.00000003
3.45000000	0.00000071	0.00000012
3.50000000	0.00000055	0.00000011
3.55000000	0.00000013	0.00000004
3.60000000	-0.00000008	0.00000007
3.65000000	-0.00000073	-0.00000001
3.70000000	-0.00000100	-0.00000002
3.75000000	-0.00000140	0.00000005
3.80000000	-0.00000153	0.00000005
3.85000000	-0.00000154	-0.00000003
3.90000000	-0.00000176	0.00000000
3.95000000	-0.00000155	-0.00000006
4.00000000	-0.00000172	-0.00000012
4.05000000	-0.00000172	-0.00000003
4.10000000	-0.00000131	-0.00000007
4.15000000	-0.00000097	-0.00000009
4.20000000	-0.00000064	-0.00000009
4.25000000	-0.00000025	0.00000004
4.30000000	0.00000020	-0.00000004
4.35000000	0.00000046	-0.00000005
4.40000000	0.00000087	0.00000001
4.45000000	0.00000098	-0.00000003
4.50000000	0.00000106	0.00000004
4.55000000	0.00000129	-0.00000002
4.60000000	0.00000130	0.00000001
4.65000000	0.00000142	-0.00000007
4.70000000	0.00000118	0.00000006
4.75000000	0.00000133	-0.00000004
4.80000000	0.00000110	0.00000011
4.85000000	0.00000114	0.00000003
4.90000000	0.00000100	0.00000012
4.95000000	0.00000085	0.00000008
5.00000000	0.00000066	0.00000013
5.05000000	0.00000048	0.00000009
5.10000000	0.00000009	0.00000013
5.15000000	-0.00000012	0.00000011
5.20000000	-0.00000036	0.00000011
5.25000000	-0.00000051	-0.00000000
5.30000000	-0.00000077	0.00000010
5.35000000	-0.00000105	0.00000015
5.40000000	-0.00000100	-0.00000004
5.45000000	-0.00000108	0.00000003
5.50000000	-0.00000083	-0.00000008
5.55000000	-0.00000086	-0.00000016
5.60000000	-0.00000092	-0.00000003
5.65000000	-0.00000073	-0.00000018
5.70000000	-0.00000061	-0.00000005
5.75000000	-0.00000052	-0.00000004
5.80000000	-0.00000040	-0.00000000
5.85000000	-0.00000013	-0.00000009
5.90000000	-0.00000014	-0.00000002
5.95000000	0.00000006	-0.00000013
6.00000000	0.00000003	-0.00000006
6.05000000	0.00000021	0.00000002
6.10000000	0.00000046	-0.00000011
6.15000000	0.00000031	0.00000007
6.20000000	0.00000062	-0.00000003
6.25000000	0.00000068	0.00000010
6.30000000	0.00000066	0.00000021
6.35000000	0.00000092	-0.00000000
6.40000000	0.00000097	-0.00000008
6.45000000	0.00000104	0.00000005
6.50000000	0.00000101	0.00000021
6.55000000	0.00000086	0.00000006
6.60000000	0.00000076	0.00000017
6.65000000	0.00000056	0.00000011
6.70000000	0.00000045	0.00000004
6.75000000	0.00000022	-0.00000003
6.80000000	-0.00000001	0.00000001
6.85000000	-0.00000016	0.00000002
6.90000000	-0.00000035	0.00000005
6.95000000	-0.00000053	0.00000007
7.00000000	-0.00000061	0.00000016
7.05000000	-0.00000069	0.00000004
7.10000000	-0.00000083	0.00000014
7.15000000	-0.00000086	-0.00000013
7.20000000	-0.00000091	0.00000018
7.25000000	-0.00000078	0.00000005
7.30000000	-0.00000079	-0.00000015
7.35000000	-0.00000069	-0.00000009
7.40000000	-0.00000052	-0.00000014
7.45000000	-0.00000039	-0.00000024
7.50000000	-0.00000018	-0.00000009
7.55000000	0.00000014	-0.00000006
7.60000000	0.00000037	-0.00000005
7.65000000	0.00000060	0.00000000
7.70000000	0.00000080	-0.00000012
7.75000000	0.00000098	0.00000010
7.80000000	0.00000108	0.00000007
7.85000000	0.00000108	-0.00000003
7.90000000	0.00000093	0.00000004
7.95000000	0.00000070	0.00000009
8.00000000	0.00000047	-0.00000009
8.05000000	0.00000026	0.00000015
8.10000000	-0.00000007	-0.00000009
8.15000000	-0.00000035	-0.00000000
8.20000000	-0.00000047	0.00000004
8.25000000	-0.00000060	0.00000010
8.30000000	-0.00000068	0.00000005
8.35000000	-0.00000072	-0.00000007
8.40000000	-0.00000059	0.00000016
8.45000000	-0.00000057	0.00000003
8.50000000	-0.00000041	-0.00000004
8.55000000	-0.00000028	-0.00000003
8.60000000	-0.00000015	0.00000000
8.65000000	-0.00000001	0.00000009
8.70000000	0.00000015	0.00000004
8.75000000	0.00000025	-0.00000002
8.80000000	0.00000041	-0.00000009
8.85000000	0.00000063	0.00000007
8.90000000	0.00000075	0.00000003
8.95000000	0.00000084	0.00000012
9.00000000	0.00000099	0.00000005
9.05000000	0.00000096	0.00000003
9.10000000	0.00000095	0.00000008
9.15000000	0.00000075	0.00000005
9.20000000	0.00000071	0.00000014
9.25000000	0.00000045	0.00000005
9.30000000	0.00000011	-0.00000002
9.35000000	-0.00000005	0.00000008
9.40000000	-0.00000039	0.00000000
9.45000000	-0.00000051	0.00000007
9.50000000	-0.00000069	0.00000001
9.55000000	-0.00000080	0.00000002
9.60000000	-0.00000096	0.00000002
9.65000000	-0.00000095	-0.00000010
9.70000000	-0.00000100	-0.00000013
9.75000000	-0.00000071	-0.00000003
9.80000000	-0.00000059	-0.00000007
9.85000000	-0.00000055	-0.00000002
9.90000000	-0.00000013	0.00000004
9.95000000	-0.00000024	-0.00000007
10.00000000	-0.00000002	0.00000001
10.05000000	0.00000007	0.00000004
10.10000000	0.00000038	0.00000009
10.15000000	0.00000037	-0.00000002
10.20000000	0.00000048	-0.00000004
10.25000000	0.00000065	-0.00000005
10.30000000	0.00000063	-0.00000008
10.35000000	0.00000088	0.00000001
10.40000000	0.00000089	0.00000000
10.45000000	0.00000084	-0.00000003
10.50000000	0.00000070	-0.00000005
10.55000000	0.00000061	-0.00000001
10.60000000	0.00000057	0.00000000
10.65000000	0.00000047	-0.00000004
10.70000000	0.00000023	0.00000008
10.75000000	0.00000017	-0.00000000
10.80000000	0.00000013	0.00000000
10.85000000	0.00000008	0.00000003
10.90000000	0.00000000	0.00000001
10.95000000	-0.00000021	0.00000006
11.00000000	-0.00000030	0.00000001
11.05000000	-0.00000041	0.00000010
11.10000000	-0.00000066	0.00000005
11.15000000	-0.00000069	0.00000004
11.20000000	-0.00000073	0.00000002
11.25000000	-0.00000088	0.00000001
11.30000000	-0.00000084	0.00000006
11.35000000	-0.00000081	-0.00000002
11.40000000	-0.00000064	-0.00000005
11.45000000	-0.00000064	-0.00000003
11.50000000	-0.00000036	-0.00000006
11.55000000	-0.00000032	0.00000003
11.60000000	-0.00000005	0.00000001
11.65000000	0.00000007	0.00000004
11.70000000	0.00000022	0.00000003
11.75000000	0.00000056	-0.00000007
11.80000000	0.00000067	-0.00000002
11.85000000	0.00000082	-0.00000002
11.90000000	0.00000100	-0.00000001
11.95000000	0.00000102	0.00000004
12.00000000	0.00000099	0.00000002
12.05000000	0.00000101	-0.00000004
12.10000000	0.00000086	0.00000001
12.15000000	0.00000070	0.00000004
12.20000000	0.00000068	0.00000009
12.25000000	0.00000051	0.00000008
12.30000000	0.00000058	0.00000011
12.35000000	0.00000050	0.00000000
12.40000000	0.00000028	0.00000008
12.45000000	0.00000007	0.00000010
12.50000000	-0.00000011	0.00000005
12.55000000	-0.00000029	-0.00000004
12.60000000	-0.00000059	0.00000011
12.65000000	-0.00000085	0.00000009
12.70000000	-0.00000109	0.00000009
12.75000000	-0.00000136	0.00000009
12.80000000	-0.00000131	-0.00000000
12.85000000	-0.00000120	-0.00000008
12.90000000	-0.00000125	-0.00000002
12.95000000	-0.00000096	-0.00000008
13.00000000	-0.00000067	-0.00000005
13.05000000	-0.00000054	0.00000002
13.10000000	-0.00000023	0.00000001
13.15000000	0.00000009	-0.00000007
13.20000000	0.00000028	-0.00000000
13.25000000	0.00000045	-0.00000014
13.30000000	0.00000049	0.00000002
13.35000000	0.00000064	-0.00000009
13.40000000	0.00000077	-0.00000004
13.45000000	0.00000088	-0.00000001
13.50000000	0.00000095	0.00000006
13.55000000	0.00000110	-0.00000003
13.60000000	0.00000118	0.00000003
13.65000000	0.00000122	0.00000006
13.70000000	0.00000137	-0.00000006
13.75000000	0.00000126	0.00000007
13.80000000	0.00000123	-0.00000006
13.85000000	0.00000101	0.00000004
13.90000000	0.00000079	0.00000021
13.95000000	0.00000048	0.00000012
14.00000000	0.00000016	0.00000008
14.05000000	-0.00000016	-0.00000008
14.10000000	-0.00000054	-0.00000000
14.15000000	-0.00000090	-0.00000015
14.20000000	-0.00000113	-0.00000001
14.25000000	-0.00000128	0.00000010
14.30000000	-0.00000144	0.00000009
14.35000000	-0.00000146	-0.00000010
14.40000000	-0.00000141	0.00000014
14.45000000	-0.00000132	0.00000012
14.50000000	-0.00000116	-0.00000008
14.55000000	-0.00000102	-0.00000016
14.60000000	-0.00000081	0.00000016
14.65000000	-0.00000057	-0.00000001
14.70000000	-0.00000037	-0.00000007
14.75000000	-0.00000007	-0.00000003
14.80000000	0.00000012	-0.00000008
14.85000000	0.00000038	-0.00000007
14.90000000	0.00000063	0.00000014
14.95000000	0.00000077	-0.00000010
15.00000000	0.00000102	0.00000005
15.05000000	0.00000119	-0.00000008
15.10000000	0.00000133	0.00000008
15.15000000	0.00000143	0.00000004
15.20000000	0.00000155	0.00000003
15.25000000	0.00000156	0.00000011
15.30000000	0.00000145	0.00000000
15.35000000	0.00000133	0.00000000
15.40000000	0.00000110	0.00000005
15.45000000	0.00000081	0.00000001
15.50000000	0.00000054	0.00000000
15.55000000	0.00000028	0.00000014
15.60000000	-0.00000001	0.00000019
15.65000000	-0.00000039	0.00000009
15.70000000	-0.00000061	0.00000004
15.75000000	-0.00000083	0.00000009
15.80000000	-0.00000098	-0.00000004
15.85000000	-0.00000107	0.00000007
15.90000000	-0.00000124	-0.00000006
15.95000000	-0.00000133	0.00000004
16.00000000	-0.00000132	0.00000003
16.05000000	-0.00000145	-0.00000004
16.10000000	-0.00000139	0.00000006
16.15000000	-0.00000134	-0.00000002
16.20000000	-0.00000099	0.00000012
16.25000000	-0.00000089	-0.00000003
16.30000000	-0.00000058	-0.00000008
16.35000000	-0.00000046	-0.00000023
16.40000000	0.00000023	0.00000000
16.45000000	0.00000030	-0.00000008
16.50000000	0.00000071	-0.00000005
16.55000000	0.00000101	-0.00000001
16.60000000	0.00000106	-0.00000009
16.65000000	0.00000135	0.00000000
16.70000000	0.00000141	-0.00000005
16.75000000	0.00000149	-0.00000000
16.80000000	0.00000155	-0.00000005
16.85000000	0.00000138	-0.00000004
16.90000000	0.00000136	-0.00000003
16.95000000	0.00000153	0.00000011
17.00000000	0.00000134	0.00000014
17.05000000	0.00000087	-0.00000001
17.10000000	0.00000064	0.00000004
17.15000000	0.00000018	0.00000003
17.20000000	-0.00000023	0.00000000
17.25000000	-0.00000036	0.00000007
17.30000000	-0.00000048	0.00000012
17.35000000	-0.00000073	0.00000011
17.40000000	-0.00000088	0.00000002
17.45000000	-0.00000111	-0.00000002
17.50000000	-0.00000098	0.00000001
17.55000000	-0.00000113	0.00000010
17.60000000	-0.00000120	0.00000006
17.65000000	-0.00000127	0.00000003
17.70000000	-0.00000125	0.00000001
17.75000000	-0.00000130	-0.00000004
17.80000000	-0.00000090	-0.00000005
17.85000000	-0.00000080	-0.00000004
17.90000000	-0.00000068	-0.00000007
17.95000000	-0.00000036	-0.00000003
18.00000000	-0.00000008	-0.00000005
18.05000000	0.00000025	0.00000001
18.10000000	0.00000044	-0.00000007
18.15000000	0.00000071	-0.00000007
18.20000000	0.00000086	-0.00000010
18.25000000	0.00000098	-0.00000005
18.30000000	0.00000110	-0.00000004
18.35000000	0.00000118	-0.00000003
18.40000000	0.00000126	0.00000004
18.45000000	0.00000129	0.00000005
18.50000000	0.00000136	0.00000001
18.55000000	0.00000133	0.00000007
18.60000000	0.00000122	0.00000003
18.65000000	0.00000089	0.00000012
18.70000000	0.00000084	0.00000007
18.75000000	0.00000056	0.00000009
18.80000000	0.00000046	0.00000006
18.85000000	0.00000019	0.00000010
18.90000000	-0.00000007	0.00000006
18.95000000	-0.00000032	0.00000010
19.00000000	-0.00000071	0.00000007
19.05000000	-0.00000074	0.00000000
19.10000000	-0.00000098	-0.00000003
19.15000000	-0.00000129	0.00000006
19.20000000	-0.00000114	-0.00000008
19.25000000	-0.00000115	-0.00000006
19.30000000	-0.00000142	0.00000004
19.35000000	-0.00000123	-0.00000004
19.40000000	-0.00000120	-0.00000004
19.45000000	-0.00000100	-0.00000006
19.50000000	-0.00000070	-0.00000014
19.55000000	-0.00000074	-0.00000015
19.60000000	-0.00000046	-0.00000012
19.65000000	-0.00000029	0.00000006
19.70000000	0.00000005	-0.00000011
19.75000000	0.00000031	-0.00000002
19.80000000	0.00000058	-0.00000008
19.85000000	0.00000067	0.00000007
19.90000000	0.00000104	-0.00000005
19.95000000	0.00000121	-0.00000002
20.00000000	0.00000133	0.00000006
20.05000000	0.00000152	0.00000007
20.10000000	0.00000159	0.00000001
20.15000000	0.00000156	0.00000002
20.20000000	0.00000149	0.00000010
20.25000000	0.00000144	0.00000007
20.30000000	0.00000115	0.00000015
20.35000000	0.00000091	0.00000013
20.40000000	0.00000068	0.00000006
20.45000000	0.00000033	0.00000004
20.50000000	-0.00000006	0.00000011
20.55000000	-0.00000038	0.00000012
20.60000000	-0.00000069	0.00000011
20.65000000	-0.00000102	0.00000009
20.70000000	-0.00000119	-0.00000001
20.75000000	-0.00000134	-0.00000001
20.80000000	-0.00000150	-0.00000009
20.85000000	-0.00000136	-0.00000015
20.90000000	-0.00000134	-0.00000015
20.95000000	-0.00000127	-0.00000014
21.00000000	-0.00000103	-0.00000002
21.05000000	-0.00000100	-0.00000003
21.10000000	-0.00000078	0.00000005
21.15000000	-0.00000059	-0.00000020
21.20000000	-0.00000038	-0.00000002
21.25000000	-0.00000008	-0.00000008
21.30000000	0.00000021	-0.00000011
21.35000000	0.00000047	-0.00000014
21.40000000	0.00000070	-0.00000006
21.45000000	0.00000093	-0.00000013
21.50000000	0.00000110	0.00000019
21.55000000	0.00000119	0.00000011
21.60000000	0.00000130	-0.00000007
21.65000000	0.00000135	0.00000009
21.70000000	0.00000131	-0.00000004
21.75000000	0.00000128	0.00000001
21.80000000	0.00000115	0.00000014
21.85000000	0.00000099	0.00000004
21.90000000	0.00000085	0.00000016
21.95000000	0.00000070	0.00000010
22.00000000	0.00000039	-0.00000005
22.05000000	0.00000025	0.00000007
22.10000000	0.00000002	0.00000033
22.15000000	-0.00000024	0.00000006
22.20000000	-0.00000053	0.00000010
22.25000000	-0.00000071	-0.00000001
22.30000000	-0.00000089	-0.00000008
22.35000000	-0.00000106	0.00000008
22.40000000	-0.00000106	0.00000012
22.45000000	-0.00000114	-0.00000004
22.50000000	-0.00000111	-0.00000005
22.55000000	-0.00000095	0.00000015
22.60000000	-0.00000084	-0.00000001
22.65000000	-0.00000075	-0.00000012
22.70000000	-0.00000071	-0.00000001
22.75000000	-0.00000047	0.00000003
22.80000000	-0.00000027	-0.00000006
22.85000000	-0.00000017	-0.00000006
22.90000000	0.00000007	-0.00000004
22.95000000	0.00000026	-0.00000001
23.00000000	0.00000041	-0.00000009
23.05000000	0.00000078	0.00000016
23.10000000	0.00000082	-0.00000022
23.15000000	0.00000111	0.00000006
23.20000000	0.00000117	-0.00000003
23.25000000	0.00000118	0.00000002
23.30000000	0.00000122	-0.00000003
23.35000000	0.00000109	-0.00000005
23.40000000	0.00000099	-0.00000006
23.45000000	0.00000079	-0.00000007
23.50000000	0.00000070	0.00000005
23.55000000	0.00000046	-0.00000007
23.60000000	0.00000029	-0.00000000
23.65000000	0.00000018	0.00000013
23.70000000	-0.00000007	0.00000007
23.75000000	-0.00000041	0.00000001
23.80000000	-0.00000057	0.00000003
23.85000000	-0.00000062	0.00000007
23.90000000	-0.00000091	0.00000001
23.95000000	-0.00000109	-0.00000003
24.00000000	-0.00000106	0.00000001
24.05000000	-0.00000129	-0.00000009
24.10000000	-0.00000116	-0.00000006
24.15000000	-0.00000086	0.00000001
24.20000000	-0.00000078	-0.00000004
24.25000000	-0.00000055	0.00000004
24.30000000	-0.00000035	-0.00000003
24.35000000	-0.00000022	-0.00000008
24.40000000	0.00000003	-0.00000002
24.45000000	0.00000039	0.00000006
24.50000000	0.00000054	0.00000003
24.55000000	0.00000038	-0.00000012
24.60000000	0.00000071	-0.00000004
24.65000000	0.00000081	-0.00000007
24.70000000	0.00000076	-0.00000005
24.75000000	0.00000080	-0.00000007
24.80000000	0.00000093	-0.00000001
24.85000000	0.00000087	0.00000002
24.90000000	0.00000092	0.00000007
24.95000000	0.00000100	0.00000001
25.00000000	0.00000081	0.00000003
25.05000000	0.00000071	0.00000006
25.10000000	0.00000063	0.00000010
25.15000000	0.00000047	0.00000003
25.20000000	0.00000006	0.00000003
25.25000000	-0.00000010	0.00000002
25.30000000	-0.00000001	0.00000002
25.35000000	-0.00000032	0.00000007
25.40000000	-0.00000067	0.00000004
25.45000000	-0.00000064	0.00000004
25.50000000	-0.00000090	-0.00000001
25.55000000	-0.00000085	-0.00000001
25.60000000	-0.00000086	-0.00000003
25.65000000	-0.00000082	0.00000003
25.70000000	-0.00000086	-0.00000005
25.75000000	-0.00000081	0.00000002
25.80000000	-0.00000073	-0.00000003
25.85000000	-0.00000050	-0.00000005
25.90000000	-0.00000032	0.00000004
25.95000000	-0.00000026	-0.00000002
26.00000000	-0.00000026	0.00000003
26.05000000	0.00000016	-0.00000004
26.10000000	0.00000028	-0.00000004
26.15000000	0.00000063	-0.00000002
26.20000000	0.00000071	-0.00000010
26.25000000	0.00000083	0.00000004
26.30000000	0.00000100	-0.00000001
26.35000000	0.00000105	0.00000002
26.40000000	0.00000107	-0.00000004
26.45000000	0.00000088	0.00000005
26.50000000	0.00000086	-0.00000002
26.55000000	0.00000083	0.00000003
26.60000000	0.00000072	0.00000003
26.65000000	0.00000066	-0.00000003
26.70000000	0.00000050	0.00000001
26.75000000	0.00000020	0.00000012
26.80000000	0.00000024	-0.00000005
26.85000000	-0.00000001	0.00000004
26.90000000	-0.00000023	0.00000005
26.95000000	-0.00000046	0.00000010
27.00000000	-0.00000066	0.00000009
27.05000000	-0.00000072	0.00000006
27.10000000	-0.00000077	-0.00000001
27.15000000	-0.00000075	-0.00000011
27.20000000	-0.00000079	0.00000004
27.25000000	-0.00000089	0.00000006
27.30000000	-0.00000077	-0.00000002
27.35000000	-0.00000059	-0.00000009
27.40000000	-0.00000061	0.00000000
27.45000000	-0.00000054	0.00000001
27.50000000	-0.00000044	0.00000004
27.55000000	-0.00000031	-0.00000001
27.60000000	-0.00000001	-0.00000024
27.65000000	-0.00000009	0.00000005
27.70000000	0.00000018	0.00000003
27.75000000	0.00000026	0.00000006
27.80000000	0.00000045	0.00000005
27.85000000	0.00000064	0.00000003
27.90000000	0.00000083	0.00000006
27.95000000	0.00000093	-0.00000005
28.00000000	0.00000093	0.00000007
28.05000000	0.00000102	-0.00000003
28.10000000	0.00000094	-0.00000001
28.15000000	0.00000085	0.00000001
28.20000000	0.00000062	0.00000018
28.25000000	0.00000055	0.00000011
28.30000000	0.00000045	0.00000009
28.35000000	0.00000026	0.00000019
28.40000000	0.00000024	0.00000002
28.45000000	0.00000007	0.00000007
28.50000000	-0.00000010	0.00000019
28.55000000	-0.00000027	-0.00000002
28.60000000	-0.00000046	0.00000006
28.65000000	-0.00000052	0.00000002
28.70000000	-0.00000070	-0.00000001
28.75000000	-0.00000075	-0.00000003
28.80000000	-0.00000084	0.00000003
28.85000000	-0.00000083	-0.00000008
28.90000000	-0.00000081	-0.00000008
28.95000000	-0.00000075	-0.00000012
29.00000000	-0.00000065	-0.00000003
29.05000000	-0.00000054	-0.00000001
29.10000000	-0.00000034	0.00000008
29.15000000	-0.00000026	-0.00000018
29.20000000	-0.00000015	0.00000015
29.25000000	-0.00000004	-0.00000012
29.30000000	0.00000017	0.00000009
29.35000000	0.00000024	-0.00000031
29.40000000	0.00000045	-0.00000014
29.45000000	0.00000062	0.00000006
29.50000000	0.00000082	0.00000009
29.55000000	0.00000092	0.00000006
29.60000000	0.00000102	-0.00000002
29.65000000	0.00000107	0.00000012
29.70000000	0.00000101	-0.00000002
29.75000000	0.00000098	0.00000016
29.80000000	0.00000090	0.00000007
29.85000000	0.00000071	0.00000003
29.90000000	0.00000057	0.00000026
29.95000000	0.00000038	0.00000011
30.00000000	0.00000017	-0.00000007
30.05000000	0.00000002	0.00000002
30.10000000	-0.00000018	0.00000010
30.15000000	-0.00000036	-0.00000000
30.20000000	-0.00000051	0.00000006
30.25000000	-0.00000072	-0.00000013
30.30000000	-0.00000082	-0.00000003
30.35000000	-0.00000089	0.00000002
30.40000000	-0.00000087	-0.00000008
30.45000000	-0.00000088	0.00000000
30.50000000	-0.00000079	-0.00000006
30.55000000	-0.00000062	0.00000000
30.60000000	-0.00000054	-0.00000009
30.65000000	-0.00000033	-0.00000012
30.70000000	-0.00000022	-0.00000001
30.75000000	-0.00000006	0.00000000
30.80000000	-0.00000005	-0.00000013
30.85000000	0.00000013	0.00000002
30.90000000	0.00000017	-0.00000008
30.95000000	0.00000042	0.00000003
31.00000000	0.00000045	-0.00000005
31.05000000	0.00000049	-0.00000007
31.10000000	0.00000066	-0.00000008
31.15000000	0.00000076	-0.00000002
31.20000000	0.00000079	0.00000001
31.25000000	0.00000075	0.00000003
31.30000000	0.00000077	0.00000007
31.35000000	0.00000052	-0.00000001
31.40000000	0.00000051	0.00000007
31.45000000	0.00000039	0.00000005
31.50000000	0.00000013	0.00000002
31.55000000	0.00000013	0.00000006
31.60000000	0.00000002	0.00000001
31.65000000	-0.00000000	0.00000004
31.70000000	-0.00000001	0.00000008
31.75000000	-0.00000015	0.00000004
31.80000000	-0.00000016	0.00000003
31.85000000	-0.00000027	0.00000001
31.90000000	-0.00000043	-0.00000006
31.95000000	-0.00000041	0.00000006
32.00000000	-0.00000036	0.00000005
32.05000000	-0.00000043	-0.00000002
32.10000000	-0.00000067	-0.00000005
32.15000000	-0.00000077	-0.00000011
32.20000000	-0.00000053	-0.00000004
32.25000000	-0.00000051	-0.00000010
32.30000000	-0.00000036	-0.00000005
32.35000000	-0.00000015	-0.00000005
32.40000000	0.00000005	0.00000001
32.45000000	0.00000010	-0.00000004
32.50000000	0.00000012	-0.00000007
32.55000000	0.00000028	0.00000001
32.60000000	0.00000030	0.00000000
32.65000000	0.00000044	-0.00000004
32.70000000	0.00000032	-0.00000005
32.75000000	0.00000040	-0.00000003
32.80000000	0.00000062	0.00000002
32.85000000	0.00000052	0.00000003
32.90000000	0.00000048	0.00000004
32.95000000	0.00000071	0.00000003
33.00000000	0.00000052	0.00000005
33.05000000	0.00000035	0.00000006
33.10000000	0.00000031	0.00000006
33.15000000	0.00000019	0.00000008
33.20000000	0.00000003	0.00000005
33.25000000	0.00000011	-0.00000004
33.30000000	0.00000001	0.00000003
33.35000000	-0.00000016	-0.00000002
33.40000000	-0.00000028	0.00000008
33.45000000	-0.00000032	0.00000003
33.50000000	-0.00000038	0.00000003
33.55000000	-0.00000035	-0.00000006
33.60000000	-0.00000030	-0.00000003
33.65000000	-0.00000057	0.00000009
33.70000000	-0.00000026	-0.00000010
33.75000000	-0.00000035	-0.00000004
33.80000000	-0.00000033	-0.00000007
33.85000000	-0.00000058	0.00000004
33.90000000	-0.00000025	-0.00000002
33.95000000	-0.00000012	-0.00000011
34.00000000	-0.00000008	0.00000000
34.05000000	-0.00000008	0.00000007
34.10000000	0.00000009	-0.00000001
34.15000000	0.00000021	-0.00000003
34.20000000	0.00000017	0.00000003
34.25000000	0.00000042	-0.00000005
34.30000000	0.00000040	-0.00000004
34.35000000	0.00000043	-0.00000000
34.40000000	0.00000044	0.00000002
34.45000000	0.00000036	0.00000011
34.50000000	0.00000052	0.00000003
34.55000000	0.00000056	0.00000002
34.60000000	0.00000057	0.00000006
34.65000000	0.00000041	0.00000016
34.70000000	0.00000052	0.00000005
34.75000000	0.00000025	0.00000017
34.80000000	0.00000040	-0.00000011
34.85000000	0.00000004	0.00000012
34.90000000	0.00000004	-0.00000004
34.95000000	-0.00000020	0.00000007
35.00000000	-0.00000021	-0.00000008
35.05000000	-0.00000029	0.00000000
35.10000000	-0.00000023	-0.00000012
35.15000000	-0.00000030	-0.00000001
35.20000000	-0.00000034	0.00000001
35.25000000	-0.00000014	-0.00000019
35.30000000	-0.00000027	-0.00000003
35.35000000	-0.00000023	-0.00000002
35.40000000	-0.00000026	0.00000000
35.45000000	-0.00000024	-0.00000012
35.50000000	-0.00000022	0.00000002
35.55000000	-0.00000027	0.00000007
35.60000000	-0.00000026	-0.00000001
35.65000000	-0.00000009	-0.00000013
35.70000000	-0.00000010	-0.00000009
35.75000000	0.00000003	-0.00000012
35.80000000	0.00000014	-0.00000004
35.85000000	0.00000024	0.00000002
35.90000000	0.00000035	0.00000013
35.95000000	0.00000045	-0.00000005
36.00000000	0.00000046	0.00000001
36.05000000	0.00000050	0.00000020
36.10000000	0.00000054	0.00000007
36.15000000	0.00000049	0.00000006
36.20000000	0.00000041	0.00000007
36.25000000	0.00000038	-0.00000011
36.30000000	0.00000026	-0.00000023
36.35000000	0.00000020	0.00000009
36.40000000	0.00000016	-0.00000010
36.45000000	0.00000004	0.00000017
36.50000000	-0.00000003	0.00000029
36.55000000	-0.00000003	-0.00000014
36.60000000	-0.00000010	-0.00000002
36.65000000	-0.00000014	0.00000008
36.70000000	-0.00000011	0.00000014
36.75000000	-0.00000016	-0.00000003
36.80000000	-0.00000014	-0.00000001
36.85000000	-0.00000012	0.00000012
36.90000000	-0.00000030	-0.00000002
36.95000000	-0.00000029	-0.00000005
37.00000000	-0.00000022	-0.00000010
37.05000000	-0.00000023	-0.00000012
37.10000000	-0.00000019	0.00000013
37.15000000	-0.00000019	-0.00000001
37.20000000	-0.00000008	0.00000006
37.25000000	-0.00000013	-0.00000001
37.30000000	-0.00000008	0.00000005
37.35000000	0.00000004	-0.00000006
37.40000000	0.00000016	0.00000008
37.45000000	0.00000022	0.00000014
37.50000000	0.00000025	0.00000002
37.55000000	0.00000030	-0.00000008
37.60000000	0.00000045	0.00000009
37.65000000	0.00000041	0.00000003
37.70000000	0.00000037	-0.00000011
37.75000000	0.00000051	0.00000009
37.80000000	0.00000033	-0.00000002
37.85000000	0.00000028	0.00000002
37.90000000	0.00000026	0.00000002
37.95000000	0.00000029	0.00000013
38.00000000	0.00000024	0.00000008
38.05000000	0.00000018	0.00000009
38.10000000	0.00000009	0.00000000
38.15000000	-0.00000017	-0.00000011
38.20000000	-0.00000014	-0.00000003
38.25000000	-0.00000015	0.00000010
38.30000000	-0.00000024	-0.00000000
38.35000000	-0.00000013	0.00000001
38.40000000	-0.00000022	-0.00000001
38.45000000	-0.00000017	0.00000003
38.50000000	-0.00000004	0.00000005
38.55000000	-0.00000007	-0.00000002
38.60000000	-0.00000012	-0.00000001
38.65000000	-0.00000001	-0.00000002
38.70000000	0.00000004	-0.00000001
38.75000000	0.00000003	-0.00000002
38.80000000	-0.00000002	0.00000002
38.85000000	0.00000012	0.00000003
38.90000000	0.00000011	0.00000003
38.95000000	0.00000010	0.00000001
39.00000000	0.00000006	-0.00000002
39.05000000	0.00000004	-0.00000003
39.10000000	0.00000003	-0.00000004
39.15000000	0.00000031	0.00000007
39.20000000	0.00000013	0.00000001
39.25000000	0.00000024	0.00000009
39.30000000	0.00000020	0.00000004
39.35000000	0.00000007	-0.00000000
39.40000000	0.00000014	-0.00000000
39.45000000	0.00000025	0.00000006
39.50000000	0.00000012	0.00000008
39.55000000	0.00000014	0.00000006
39.60000000	0.00000029	0.00000009
39.65000000	0.00000007	0.00000001
39.70000000	0.00000007	0.00000001
39.75000000	-0.00000021	0.00000004
39.80000000	-0.00000008	0.00000001
39.85000000	0.00000007	0.00000000
39.90000000	-0.00000003	0.00000003
39.95000000	-0.00000012	-0.00000007
40.00000000	-0.00000017	-0.00000003
40.05000000	-0.00000017	-0.00000001
40.10000000	-0.00000015	-0.00000005
40.15000000	-0.00000015	-0.00000004
40.20000000	-0.00000016	-0.00000001
40.25000000	-0.00000010	0.00000000
40.30000000	0.00000008	-0.00000008
40.35000000	0.00000003	-0.00000003
40.40000000	0.00000012	-0.00000003
40.45000000	0.00000018	0.00000002
40.50000000	0.00000006	0.00000009
40.55000000	0.00000021	-0.00000008
40.60000000	0.00000026	-0.00000000
40.65000000	0.00000013	-0.00000004
40.70000000	0.00000024	0.00000000
40.75000000	0.00000015	0.00000003
40.80000000	0.00000012	0.00000003
40.85000000	0.00000017	0.00000007
40.90000000	0.00000010	0.00000006
40.95000000	0.00000012	0.00000001
41.00000000	0.00000023	0.00000001
41.05000000	0.00000021	0.00000002
41.10000000	0.00000007	0.00000006
41.15000000	0.00000011	0.00000001
41.20000000	0.00000007	-0.00000004
41.25000000	0.00000006	-0.00000004
41.30000000	-0.00000013	0.00000007
41.35000000	-0.00000026	0.00000011
41.40000000	-0.00000031	0.00000004
41.45000000	-0.00000026	0.00000005
41.50000000	-0.00000014	-0.00000004
41.55000000	-0.00000021	-0.00000001
41.60000000	-0.00000005	-0.00000012
41.65000000	-0.00000010	0.00000010
41.70000000	-0.00000007	0.00000005
41.75000000	0.00000016	-0.00000012
41.80000000	0.00000020	-0.00000008
41.85000000	0.00000018	-0.00000005
41.90000000	0.00000021	-0.00000005
41.95000000	0.00000032	0.00000001
42.00000000	0.00000025	-0.00000003
42.05000000	0.00000025	0.00000007
42.10000000	0.00000042	-0.00000003
42.15000000	0.00000031	0.00000002
42.20000000	0.00000037	0.00000011
42.25000000	0.00000030	0.00000010
42.30000000	0.00000031	0.00000003
42.35000000	0.00000023	0.00000002
42.40000000	0.00000009	-0.00000005
42.45000000	0.00000000	0.00000012
42.50000000	-0.00000010	-0.00000008
42.55000000	-0.00000022	0.00000002
42.60000000	-0.00000027	0.00000018
42.65000000	-0.00000027	0.00000005
42.70000000	-0.00000028	0.00000006
42.75000000	-0.00000023	0.00000004
42.80000000	-0.00000021	-0.00000004
42.85000000	-0.00000031	0.00000020
42.90000000	-0.00000016	-0.00000014
42.95000000	-0.00000021	-0.00000005
43.00000000	-0.00000018	-0.00000001
43.05000000	-0.00000015	-0.00000007
43.10000000	-0.00000007	-0.00000005
43.15000000	-0.00000005	0.00000007
43.20000000	0.00000001	-0.00000006
43.25000000	0.00000015	0.00000000
43.30000000	0.00000018	0.00000002
43.35000000	0.00000019	0.00000009
43.40000000	0.00000027	0.00000010
43.45000000	0.00000030	-0.00000011
43.50000000	0.00000020	-0.00000003
43.55000000	0.00000022	0.00000007
43.60000000	0.00000015	-0.00000000
43.65000000	0.00000013	-0.00000021
43.70000000	0.00000014	-0.00000003
43.75000000	0.00000022	-0.00000002
43.80000000	0.00000013	-0.00000003
43.85000000	0.00000027	0.00000013
43.90000000	0.00000029	0.00000011
43.95000000	0.00000033	0.00000022
44.00000000	0.00000015	-0.00000008
44.05000000	0.00000009	-0.00000007
44.10000000	-0.00000002	0.00000002
44.15000000	-0.00000013	-0.00000012
44.20000000	-0.00000013	0.00000004
44.25000000	-0.00000019	0.00000001
44.30000000	-0.00000018	-0.00000002
44.35000000	-0.00000015	0.00000010
44.40000000	-0.00000019	-0.00000006
44.45000000	-0.00000018	-0.00000003
44.50000000	-0.00000018	-0.00000006
44.55000000	-0.00000011	0.00000006
44.60000000	-0.00000017	0.00000006
44.65000000	-0.00000019	-0.00000008
44.70000000	-0.00000005	0.00000001
44.75000000	0.00000002	0.00000007
44.80000000	-0.00000009	-0.00000013
44.85000000	-0.00000003	-0.00000007
44.90000000	0.00000001	-0.00000007
44.95000000	0.00000001	-0.00000008
45.00000000	0.00000015	-0.00000000
45.05000000	0.00000024	0.00000007
45.10000000	0.00000043	0.00000013
45.15000000	0.00000031	0.00000001
45.20000000	0.00000038	0.00000009
45.25000000	0.00000044	0.00000006
45.30000000	0.00000033	0.00000003
45.35000000	0.00000027	0.00000001
45.40000000	0.00000013	-0.00000011
45.45000000	0.00000029	-0.00000000
45.50000000	0.00000021	-0.00000005
45.55000000	0.00000026	0.00000000
45.60000000	0.00000028	-0.00000001
45.65000000	0.00000030	0.00000006
45.70000000	0.00000023	0.00000006
45.75000000	0.00000014	0.00000001
45.80000000	0.00000001	-0.00000003
45.85000000	0.00000006	0.00000004
45.90000000	0.00000009	0.00000008
45.95000000	0.00000001	0.00000006
46.00000000	-0.00000021	-0.00000004
46.05000000	-0.00000028	-0.00000004
46.10000000	-0.00000037	-0.00000002
46.15000000	-0.00000024	-0.00000008
46.20000000	-0.00000013	0.00000004
46.25000000	-0.00000027	0.00000003
46.30000000	-0.00000022	-0.00000002
46.35000000	-0.00000009	0.00000002
46.40000000	0.00000005	0.00000001
46.45000000	-0.00000017	-0.00000003
46.50000000	-0.00000020	-0.00000009
46.55000000	0.00000012	-0.00000002
46.60000000	0.00000009	-0.00000003
46.65000000	0.00000011	0.00000001
46.70000000	0.00000001	-0.00000001
46.75000000	0.00000020	0.00000002
46.80000000	0.00000027	-0.00000003
46.85000000	0.00000012	0.00000001
46.90000000	0.00000035	-0.00000001
46.95000000	0.00000022	0.00000005
47.00000000	0.00000027	0.00000003
47.05000000	0.00000028	-0.00000001
47.10000000	0.00000038	0.00000004
47.15000000	0.00000022	0.00000006
47.20000000	0.00000035	0.00000005
47.25000000	0.00000028	0.00000005
47.30000000	0.00000012	0.00000001
47.35000000	0.00000009	0.00000009
47.40000000	-0.00000003	0.00000003
47.45000000	0.00000010	0.00000002
47.50000000	0.00000002	-0.00000005
47.55000000	-0.00000019	0.00000005
47.60000000	-0.00000025	0.00000001
47.65000000	-0.00000026	-0.00000001
47.70000000	-0.00000028	-0.00000000
47.75000000	-0.00000040	0.00000006
47.80000000	-0.00000029	-0.00000001
47.85000000	-0.00000025	0.00000000
47.90000000	-0.00000014	-0.00000004
47.95000000	-0.00000004	-0.00000010
48.00000000	-0.00000016	0.00000004
48.05000000	-0.00000018	-0.00000004
48.10000000	-0.00000010	0.00000004
48.15000000	0.00000002	-0.00000009
48.20000000	-0.00000003	-0.00000000
48.25000000	0.00000015	-0.00000004
48.30000000	0.00000005	0.00000003
48.35000000	0.00000034	-0.00000007
48.40000000	0.00000044	-0.00000008
48.45000000	0.00000045	-0.00000008
48.50000000	0.00000041	0.00000002
48.55000000	0.00000029	0.00000001
48.60000000	0.00000022	0.00000010
48.65000000	0.00000034	-0.00000001
48.70000000	0.00000029	-0.00000009
48.75000000	0.00000015	0.00000006
48.80000000	0.00000018	-0.00000001
48.85000000	0.00000013	0.00000008
48.90000000	0.00000009	0.00000002
48.95000000	0.00000007	0.00000003
49.00000000	0.00000011	0.00000003
49.05000000	-0.00000002	0.00000010
49.10000000	-0.00000003	-0.00000001
49.15000000	-0.00000010	-0.00000004
49.20000000	-0.00000013	-0.00000004
49.25000000	-0.00000029	0.00000010
49.30000000	-0.00000021	0.00000005
49.35000000	-0.00000019	-0.00000013
49.40000000	-0.00000022	-0.00000002
49.45000000	-0.00000017	0.00000004
49.50000000	-0.00000002	-0.00000008
49.55000000	0.00000002	-0.00000008
49.60000000	0.00000006	-0.00000003
49.65000000	-0.00000001	-0.00000010
49.70000000	0.00000005	-0.00000003
49.75000000	0.00000009	-0.00000001
49.80000000	0.00000016	-0.00000001
49.85000000	0.00000016	-0.00000004
49.90000000	0.00000028	0.00000002
49.95000000	0.00000019	0.00000008
50.00000000	0.00000029	-0.00000001
50.05000000	0.00000035	-0.00000007
50.10000000	0.00000033	0.00000015
50.15000000	0.00000039	-0.00000005
50.20000000	0.00000039	-0.00000007
50.25000000	0.00000033	0.00000003
50.30000000	0.00000025	-0.00000012
50.35000000	0.00000019	0.00000015
50.40000000	0.00000006	-0.00000007
50.45000000	-0.00000003	0.00000005
50.50000000	-0.00000009	0.00000021
50.55000000	-0.00000012	0.00000019
50.60000000	-0.00000015	0.00000002
50.65000000	-0.00000017	0.00000010
50.70000000	-0.00000017	-0.00000012
50.75000000	-0.00000016	-0.00000006
50.80000000	-0.00000019	-0.00000003
50.85000000	-0.00000018	0.00000005
50.90000000	-0.00000026	-0.00000006
50.95000000	-0.00000024	-0.00000015
51.00000000	-0.00000020	0.00000001
51.05000000	-0.00000019	0.00000007
51.10000000	-0.00000018	0.00000004
51.15000000	-0.00000006	-0.00000010
51.20000000	-0.00000013	-0.00000006
51.25000000	-0.00000004	-0.00000005
51.30000000	0.00000000	-0.00000010
51.35000000	0.00000006	-0.00000011
51.40000000	0.00000011	-0.00000001
51.45000000	0.00000001	-0.00000023
51.50000000	0.00000020	0.00000012
51.55000000	0.00000022	-0.00000007
51.60000000	0.00000027	0.00000002
51.65000000	0.00000023	0.00000000
51.70000000	0.00000028	0.00000006
51.75000000	0.00000032	0.00000003
51.80000000	0.00000036	-0.00000002
51.85000000	0.00000041	0.00000003
51.90000000	0.00000034	0.00000000
51.95000000	0.00000038	0.00000011
52.00000000	0.00000029	0.00000003
52.05000000	0.00000015	-0.00000003
52.10000000	0.00000012	0.00000013
52.15000000	0.00000002	0.00000002
52.20000000	-0.00000016	-0.00000004
52.25000000	-0.00000011	0.00000005
52.30000000	-0.00000022	-0.00000001
52.35000000	-0.00000024	-0.00000009
52.40000000	-0.00000019	0.00000002
52.45000000	-0.00000028	-0.00000008
52.50000000	-0.00000026	-0.00000002
52.55000000	-0.00000024	-0.00000002
52.60000000	-0.00000015	0.00000004
52.65000000	-0.00000019	-0.00000000
52.70000000	-0.00000018	-0.00000005
52.75000000	-0.00000022	-0.00000006
52.80000000	-0.00000019	-0.00000004
52.85000000	-0.00000005	-0.00000009
52.90000000	0.00000010	-0.00000003
52.95000000	0.00000014	-0.00000007
53.00000000	0.00000025	-0.00000002
53.05000000	0.00000038	0.00000005
53.10000000	0.00000044	0.00000009
53.15000000	0.00000042	0.00000001
53.20000000	0.00000041	-0.00000002
53.25000000	0.00000030	-0.00000002
53.30000000	0.00000028	0.00000001
53.35000000	0.00000035	0.00000001
53.40000000	0.00000031	0.00000002
53.45000000	0.00000033	0.00000007
53.50000000	0.00000032	0.00000004
53.55000000	0.00000020	0.00000004
53.60000000	0.00000015	0.00000003
53.65000000	0.00000008	0.00000000
53.70000000	-0.00000009	0.00000009
53.75000000	-0.00000016	-0.00000001
53.80000000	-0.00000026	0.00000006
53.85000000	-0.00000017	-0.00000001
53.90000000	-0.00000024	-0.00000004
53.95000000	-0.00000027	-0.00000005
54.00000000	-0.00000021	-0.00000006
54.05000000	-0.00000039	0.00000000
54.10000000	-0.00000024	-0.00000006
54.15000000	-0.00000028	0.00000003
54.20000000	-0.00000019	-0.00000002
54.25000000	-0.00000016	-0.00000003
54.30000000	0.00000002	-0.00000002
54.35000000	0.00000007	0.00000002
54.40000000	0.00000006	-0.00000001
54.45000000	0.00000027	-0.00000004
54.50000000	0.00000034	-0.00000002
54.55000000	0.00000018	0.00000007
54.60000000	0.00000027	0.00000000
54.65000000	0.00000026	0.00000004
54.70000000	0.00000037	-0.00000002
54.75000000	0.00000033	0.00000003
54.80000000	0.00000025	0.00000002
54.85000000	0.00000029	0.00000006
54.90000000	0.00000032	0.00000001
54.95000000	0.00000010	0.00000012
55.00000000	0.00000010	0.00000004
55.05000000	0.00000022	-0.00000001
55.10000000	0.00000008	0.00000001
55.15000000	-0.00000012	0.00000002
55.20000000	-0.00000004	0.00000007
55.25000000	-0.00000024	0.00000011
55.30000000	-0.00000012	-0.00000000
55.35000000	-0.00000019	0.00000004
55.40000000	-0.00000030	0.00000004
55.45000000	-0.00000027	0.00000006
55.50000000	-0.00000029	0.00000008
55.55000000	-0.00000033	0.00000012
55.60000000	-0.00000015	-0.00000005
55.65000000	-0.00000018	0.00000006
55.70000000	-0.00000002	-0.00000016
55.75000000	-0.00000002	-0.00000005
55.80000000	0.00000002	-0.00000016
55.85000000	-0.00000008	0.00000006
55.90000000	0.00000011	-0.00000010
55.95000000	0.00000008	-0.00000011
56.00000000	0.00000010	0.00000000
56.05000000	0.00000020	-0.00000008
56.10000000	0.00000011	0.00000010
56.15000000	0.00000030	-0.00000009
56.20000000	0.00000031	-0.00000010
56.25000000	0.00000025	0.00000002
56.30000000	0.00000029	0.00000001
56.35000000	0.00000031	0.00000002
56.40000000	0.00000022	0.00000016
56.45000000	0.00000025	0.00000009
56.50000000	0.00000032	0.00000003
56.55000000	0.00000023	0.00000010
56.60000000	0.00000019	-0.00000001
56.65000000	0.00000009	0.00000015
56.70000000	0.00000011	-0.00000005
56.75000000	-0.00000014	0.00000019
56.80000000	-0.00000018	0.00000007
56.85000000	-0.00000024	0.00000012
56.90000000	-0.00000023	0.00000001
56.95000000	-0.00000031	0.00000009
57.00000000	-0.00000035	-0.00000006
57.05000000	-0.00000026	-0.00000007
57.10000000	-0.00000023	-0.00000013
57.15000000	-0.00000029	0.00000009
57.20000000	-0.00000026	-0.00000005
57.25000000	-0.00000017	-0.00000009
57.30000000	-0.00000004	-0.00000003
57.35000000	0.00000003	0.00000004
57.40000000	0.00000004	-0.00000027
57.45000000	0.00000019	-0.00000004
57.50000000	0.00000030	-0.00000022
57.55000000	0.00000035	-0.00000011
57.60000000	0.00000047	-0.00000005
57.65000000	0.00000052	0.00000021
57.70000000	0.00000049	-0.00000000
57.75000000	0.00000057	0.00000018
57.80000000	0.00000052	0.00000012
57.85000000	0.00000041	-0.00000005
57.90000000	0.00000040	-0.00000010
57.95000000	0.00000029	0.00000004
58.00000000	0.00000021	0.00000003
58.05000000	0.00000016	0.00000010
58.10000000	0.00000018	0.00000016
58.15000000	0.00000003	-0.00000003
58.20000000	-0.00000003	-0.00000016
58.25000000	-0.00000005	0.00000010
58.30000000	-0.00000024	-0.00000010
58.35000000	-0.00000016	0.00000017
58.40000000	-0.00000036	-0.00000004
58.45000000	-0.00000042	0.00000008
58.50000000	-0.00000048	-0.00000001
58.55000000	-0.00000040	0.00000006
58.60000000	-0.00000050	-0.00000006
58.65000000	-0.00000045	-0.00000005
58.70000000	-0.00000032	0.00000003
58.75000000	-0.00000022	0.00000006
58.80000000	-0.00000008	0.00000006
58.85000000	-0.00000012	-0.00000008
58.90000000	0.00000007	-0.00000002
58.95000000	0.00000004	-0.00000008
59.00000000	0.00000018	-0.00000000
59.05000000	0.00000025	-0.00000003
59.10000000	0.00000031	-0.00000004
59.15000000	0.00000038	0.00000009
59.20000000	0.00000043	-0.00000003
59.25000000	0.00000043	-0.00000002
59.30000000	0.00000049	-0.00000003
59.35000000	0.00000047	0.00000003
59.40000000	0.00000036	0.00000002
59.45000000	0.00000048	0.00000007
59.50000000	0.00000042	0.00000004
59.55000000	0.00000024	-0.00000001
59.60000000	0.00000022	0.00000004
59.65000000	0.00000015	0.00000006
59.70000000	0.00000010	0.00000004
59.75000000	-0.00000008	-0.00000000
59.80000000	-0.00000017	0.00000002
59.85000000	-0.00000008	0.00000005
59.90000000	-0.00000014	0.00000003
59.95000000	-0.00000015	0.00000004
60.00000000	-0.00000022	0.00000002
60.05000000	-0.00000035	-0.00000007
60.10000000	-0.00000045	-0.00000003
60.15000000	-0.00000039	0.00000001
60.20000000	-0.00000047	-0.00000002
60.25000000	-0.00000050	0.00000001
60.30000000	-0.00000024	0.00000000
60.35000000	-0.00000029	-0.00000001
60.40000000	-0.00000027	-0.00000009
60.45000000	0.00000013	0.00000004
60.50000000	0.00000006	0.00000002
60.55000000	0.00000003	-0.00000007
60.60000000	0.00000022	0.00000000
60.65000000	0.00000036	-0.00000003
60.70000000	0.00000041	0.00000002
60.75000000	0.00000049	-0.00000007
60.80000000	0.00000058	-0.00000004
60.85000000	0.00000051	0.00000005
60.90000000	0.00000042	-0.00000003
60.95000000	0.00000064	0.00000001
61.00000000	0.00000042	0.00000003
61.05000000	0.00000049	0.00000003
61.10000000	0.00000043	-0.00000001
61.15000000	0.00000021	0.00000009
61.20000000	0.00000030	-0.00000001
61.25000000	0.00000028	-0.00000004
61.30000000	-0.00000001	0.00000001
61.35000000	0.00000000	0.00000004
61.40000000	-0.00000027	0.00000010
61.45000000	-0.00000029	0.00000000
61.50000000	-0.00000028	-0.00000006
61.55000000	-0.00000038	0.00000000
61.60000000	-0.00000035	-0.00000001
61.65000000	-0.00000036	0.00000004
61.70000000	-0.00000035	0.00000004
61.75000000	-0.00000025	-0.00000003
61.80000000	-0.00000042	0.00000003
61.85000000	-0.00000034	-0.00000004
61.90000000	-0.00000036	0.00000003
61.95000000	-0.00000026	-0.00000003
62.00000000	-0.00000026	0.00000002
62.05000000	-0.00000002	-0.00000002
62.10000000	0.00000009	-0.00000004
62.15000000	0.00000019	0.00000001
62.20000000	0.00000029	-0.00000001
62.25000000	0.00000024	0.00000007
62.30000000	0.00000049	-0.00000003
62.35000000	0.00000058	0.00000003
62.40000000	0.00000056	-0.00000002
62.45000000	0.00000056	0.00000008
62.50000000	0.00000054	0.00000001
62.55000000	0.00000046	0.00000010
62.60000000	0.00000050	0.00000003
62.65000000	0.00000046	0.00000007
62.70000000	0.00000053	-0.00000001
62.75000000	0.00000038	0.00000002
62.80000000	0.00000019	0.00000008
62.85000000	0.00000022	-0.00000002
62.90000000	0.00000003	0.00000008
62.95000000	-0.00000013	-0.00000000
63.00000000	-0.00000016	0.00000000
63.05000000	-0.00000019	-0.00000009
63.10000000	-0.00000037	0.00000014
63.15000000	-0.00000035	-0.00000002
63.20000000	-0.00000044	0.00000002
63.25000000	-0.00000050	0.00000004
63.30000000	-0.00000052	0.00000007
63.35000000	-0.00000032	-0.00000017
63.40000000	-0.00000051	0.00000002
63.45000000	-0.00000042	-0.00000012
63.50000000	-0.00000033	-0.00000008
63.55000000	-0.00000035	-0.00000003
63.60000000	-0.00000028	0.00000000
63.65000000	-0.00000017	-0.00000012
63.70000000	-0.00000006	-0.00000009
63.75000000	0.00000008	-0.00000012
63.80000000	0.00000013	-0.00000004
63.85000000	0.00000030	-0.00000005
63.90000000	0.00000035	-0.00000003
63.95000000	0.00000051	-0.00000007
64.00000000	0.00000057	0.00000009
64.05000000	0.00000060	-0.00000001
64.10000000	0.00000056	0.00000007
64.15000000	0.00000060	-0.00000003
64.20000000	0.00000055	-0.00000007
64.25000000	0.00000056	0.00000004
64.30000000	0.00000047	0.00000015
64.35000000	0.00000045	-0.00000002
64.40000000	0.00000029	0.00000007
64.45000000	0.00000026	-0.00000011
64.50000000	0.00000012	-0.00000009
64.55000000	-0.00000005	0.00000002
64.60000000	-0.00000014	0.00000001
64.65000000	-0.00000022	-0.00000007
64.70000000	-0.00000035	0.00000005
64.75000000	-0.00000043	0.00000000
64.80000000	-0.00000044	0.00000011
64.85000000	-0.00000043	0.00000003
64.90000000	-0.00000048	0.00000008
64.95000000	-0.00000048	0.00000000
65.00000000	-0.00000050	-0.00000025
65.05000000	-0.00000044	0.00000000
65.10000000	-0.00000032	0.00000011
65.15000000	-0.00000027	0.00000010
65.20000000	-0.00000022	-0.00000010
65.25000000	-0.00000012	0.00000004
65.30000000	-0.00000004	-0.00000003
65.35000000	0.00000012	-0.00000009
65.40000000	0.00000020	0.00000006
65.45000000	0.00000030	-0.00000008
65.50000000	0.00000038	-0.00000006
65.55000000	0.00000056	0.00000011
65.60000000	0.00000071	0.00000016
65.65000000	0.00000073	0.00000006
65.70000000	0.00000070	0.00000001
65.75000000	0.00000067	-0.00000009
65.80000000	0.00000076	0.00000018
65.85000000	0.00000066	0.00000014
65.90000000	0.00000060	0.00000003
65.95000000	0.00000044	-0.00000017
66.00000000	0.00000038	-0.00000010
66.05000000	0.00000033	0.00000007
66.10000000	0.00000024	0.00000001
66.15000000	0.00000009	-0.00000008
66.20000000	0.00000004	0.00000014
66.25000000	0.00000000	0.00000012
66.30000000	-0.00000017	0.00000007
66.35000000	-0.00000049	-0.00000007
66.40000000	-0.00000055	-0.00000009
66.45000000	-0.00000052	0.00000001
66.50000000	-0.00000050	-0.00000003
66.55000000	-0.00000062	-0.00000016
66.60000000	-0.00000049	0.00000001
66.65000000	-0.00000046	0.00000005
66.70000000	-0.00000038	-0.00000004
66.75000000	-0.00000028	-0.00000004
66.80000000	-0.00000027	-0.00000007
66.85000000	-0.00000018	-0.00000004
66.90000000	0.00000007	0.00000001
66.95000000	0.00000001	-0.00000000
67.00000000	0.00000019	-0.00000002
67.05000000	0.00000023	-0.00000000
67.10000000	0.00000031	-0.00000001
67.15000000	0.00000033	-0.00000003
67.20000000	0.00000052	0.00000004
67.25000000	0.00000048	0.00000001
67.30000000	0.00000057	0.00000000
67.35000000	0.00000059	0.00000003
67.40000000	0.00000046	-0.00000000
67.45000000	0.00000038	-0.00000007
67.50000000	0.00000037	-0.00000000
67.55000000	0.00000036	0.00000004
67.60000000	0.00000030	0.00000007
67.65000000	0.00000031	0.00000010
67.70000000	0.00000014	0.00000007
67.75000000	0.00000011	0.00000007
67.80000000	-0.00000019	-0.00000007
67.85000000	-0.00000015	0.00000001
67.90000000	-0.00000040	-0.00000003
67.95000000	-0.00000037	0.00000004
68.00000000	-0.00000042	-0.00000003
68.05000000	-0.00000063	-0.00000002
68.10000000	-0.00000054	0.00000005
68.15000000	-0.00000056	-0.00000002
68.20000000	-0.00000063	-0.00000002
68.25000000	-0.00000053	-0.00000003
68.30000000	-0.00000051	-0.00000006
68.35000000	-0.00000024	0.00000000
68.40000000	-0.00000026	-0.00000003
68.45000000	-0.00000014	-0.00000003
68.50000000	-0.00000006	-0.00000003
68.55000000	0.00000002	-0.00000005
68.60000000	0.00000014	0.00000002
68.65000000	0.00000008	0.00000001
68.70000000	0.00000048	-0.00000000
68.75000000	0.00000043	-0.00000001
68.80000000	0.00000056	0.00000000
68.85000000	0.00000060	0.00000003
68.90000000	0.00000071	-0.00000001
68.95000000	0.00000042	0.00000005
69.00000000	0.00000060	0.00000004
69.05000000	0.00000069	0.00000004
69.10000000	0.00000073	0.00000003
69.15000000	0.00000040	0.00000003
69.20000000	0.00000036	0.00000002
69.25000000	0.00000034	-0.00000006
69.30000000	0.00000012	0.00000003
69.35000000	0.00000016	-0.00000001
69.40000000	-0.00000008	-0.00000003
69.45000000	-0.00000008	0.00000006
69.50000000	-0.00000020	-0.00000001
69.55000000	-0.00000026	-0.00000003
69.60000000	-0.00000025	-0.00000004
69.65000000	-0.00000045	0.00000002
69.70000000	-0.00000036	-0.00000002
69.75000000	-0.00000051	0.00000001
69.80000000	-0.00000045	0.00000002
69.85000000	-0.00000054	0.00000005
69.90000000	-0.00000037	-0.00000003
69.95000000	-0.00000026	-0.00000001
70.00000000	-0.00000011	-0.00000004
70.05000000	-0.00000016	-0.00000004
70.10000000	0.00000006	-0.00000008
70.15000000	0.00000011	0.00000002
70.20000000	0.00000025	0.00000001
70.25000000	0.00000037	-0.00000002
70.30000000	0.00000033	0.00000007
70.35000000	0.00000052	-0.00000002
70.40000000	0.00000048	0.00000003
70.45000000	0.00000058	-0.00000005
70.50000000	0.00000048	0.00000001
70.55000000	0.00000066	-0.00000012
70.60000000	0.00000042	0.00000010
70.65000000	0.00000054	-0.00000004
70.70000000	0.00000040	0.00000014
70.75000000	0.00000043	-0.00000006
70.80000000	0.00000033	0.00000002
70.85000000	0.00000019	0.00000003
70.90000000	0.00000008	-0.00000001
70.95000000	0.00000011	-0.00000007
71.00000000	-0.00000011	0.00000009
71.05000000	-0.00000016	0.00000003
71.10000000	-0.00000025	0.00000000
71.15000000	-0.00000035	0.00000009
71.20000000	-0.00000034	0.00000002
71.25000000	-0.00000035	-0.00000009
71.30000000	-0.00000037	-0.00000011
71.35000000	-0.00000037	-0.00000008
71.40000000	-0.00000044	0.00000001
71.45000000	-0.00000048	0.00000004
71.50000000	-0.00000034	-0.00000006
71.55000000	-0.00000030	-0.00000003
71.60000000	-0.00000024	-0.00000006
71.65000000	-0.00000016	0.00000003
71.70000000	-0.00000000	-0.00000012
71.75000000	0.00000001	0.00000013
71.80000000	0.00000018	-0.00000005
71.85000000	0.00000025	-0.00000005
71.90000000	0.00000027	0.00000003
71.95000000	0.00000033	-0.00000003
72.00000000	0.00000037	0.00000011
72.05000000	0.00000044	-0.00000010
72.10000000	0.00000041	-0.00000000
72.15000000	0.00000042	-0.00000001
72.20000000	0.00000038	0.00000008
72.25000000	0.00000042	-0.00000004
72.30000000	0.00000033	0.00000007
72.35000000	0.00000036	0.00000011
72.40000000	0.00000021	0.00000007
72.45000000	0.00000016	0.00000004
72.50000000	0.00000004	0.00000005
72.55000000	-0.00000002	0.00000000
72.60000000	-0.00000009	0.00000004
72.65000000	-0.00000017	0.00000006
72.70000000	-0.00000024	-0.00000003
72.75000000	-0.00000026	-0.00000007
72.80000000	-0.00000036	0.00000004
72.85000000	-0.00000040	0.00000004
72.90000000	-0.00000040	-0.00000007
72.95000000	-0.00000034	-0.00000005
73.00000000	-0.00000030	-0.00000001
73.05000000	-0.00000028	-0.00000008
73.10000000	-0.00000019	-0.00000000
73.15000000	-0.00000009	0.00000002
73.20000000	-0.00000002	0.00000015
73.25000000	-0.00000003	-0.00000018
73.30000000	0.00000010	-0.00000004
73.35000000	0.00000021	-0.00000000
73.40000000	0.00000018	-0.00000012
73.45000000	0.00000030	-0.00000016
73.50000000	0.00000040	-0.00000003
73.55000000	0.00000042	0.00000002
73.60000000	0.00000047	-0.00000003
73.65000000	0.00000044	0.00000001
73.70000000	0.00000052	0.00000003
73.75000000	0.00000048	0.00000002
73.80000000	0.00000049	0.00000004
73.85000000	0.00000042	0.00000002
73.90000000	0.00000036	0.00000006
73.95000000	0.00000030	0.00000001
74.00000000	0.00000027	0.00000004
74.05000000	0.00000012	-0.00000007
74.10000000	0.00000018	0.00000014
74.15000000	0.00000000	-0.00000006
74.20000000	-0.00000007	0.00000005
74.25000000	-0.00000016	-0.00000006
74.30000000	-0.00000024	0.00000001
74.35000000	-0.00000029	-0.00000011
74.40000000	-0.00000019	0.00000016
74.45000000	-0.00000025	0.00000005
74.50000000	-0.00000037	-0.00000003
74.55000000	-0.00000023	0.00000008
74.60000000	-0.00000026	0.00000003
74.65000000	-0.00000030	-0.00000000
74.70000000	-0.00000035	-0.00000002
74.75000000	-0.00000020	-0.00000004
74.80000000	-0.00000018	0.00000003
74.85000000	-0.00000008	0.00000003
74.90000000	-0.00000013	-0.00000007
74.95000000	0.00000004	-0.00000003
75.00000000	0.00000018	-0.00000005
75.05000000	0.00000024	0.00000007
75.10000000	0.00000041	0.00000009
75.15000000	0.00000046	0.00000012
75.20000000	0.00000045	0.00000004
75.25000000	0.00000046	0.00000002
75.30000000	0.00000037	-0.00000002
75.35000000	0.00000046	0.00000004
75.40000000	0.00000039	0.00000004
75.45000000	0.00000033	0.00000000
75.50000000	0.00000026	0.00000002
75.55000000	0.00000013	0.00000001
75.60000000	0.00000020	0.00000007
75.65000000	0.00000010	0.00000004
75.70000000	-0.00000003	-0.00000003
75.75000000	0.00000016	0.00000008
75.80000000	-0.00000010	0.00000004
75.85000000	-0.00000026	0.00000007
75.90000000	-0.00000025	0.00000002
75.95000000	-0.00000030	-0.00000003
76.00000000	-0.00000032	-0.00000005
76.05000000	-0.00000027	-0.00000001
76.10000000	-0.00000040	-0.00000004
76.15000000	-0.00000041	-0.00000002
76.20000000	-0.00000029	0.00000000
76.25000000	-0.00000028	-0.00000002
76.30000000	-0.00000033	-0.00000001
76.35000000	-0.00000030	-0.00000001
76.40000000	-0.00000031	0.00000000
76.45000000	-0.00000015	-0.00000007
76.50000000	0.00000006	-0.00000002
76.55000000	0.00000007	-0.00000002
76.60000000	0.00000027	0.00000001
76.65000000	0.00000017	-0.00000004
76.70000000	0.00000022	0.00000002
76.75000000	0.00000035	0.00000003
76.80000000	0.00000044	0.00000002
76.85000000	0.00000041	0.00000005
76.90000000	0.00000046	-0.00000003
76.95000000	0.00000044	0.00000006
77.00000000	0.00000053	-0.00000000
77.05000000	0.00000050	0.00000001
77.10000000	0.00000034	-0.00000000
77.15000000	0.00000028	-0.00000002
77.20000000	0.00000029	0.00000003
77.25000000	0.00000018	0.00000005
77.30000000	0.00000027	-0.00000008
77.35000000	-0.00000002	0.00000003
77.40000000	-0.00000008	0.00000004
77.45000000	-0.00000026	0.00000008
77.50000000	-0.00000021	0.00000005
77.55000000	-0.00000009	-0.00000009
77.60000000	-0.00000031	0.00000000
77.65000000	-0.00000038	0.00000009
77.70000000	-0.00000021	-0.00000004
77.75000000	-0.00000030	-0.00000002
77.80000000	-0.00000030	-0.00000002
77.85000000	-0.00000017	-0.00000001
77.90000000	-0.00000025	0.00000002
77.95000000	-0.00000021	0.00000004
78.00000000	-0.00000015	0.00000008
78.05000000	-0.00000005	-0.00000004
78.10000000	0.00000002	0.00000001
78.15000000	0.00000010	-0.00000004
78.20000000	0.00000026	-0.00000007
78.25000000	0.00000018	0.00000005
78.30000000	0.00000043	-0.00000009
78.35000000	0.00000042	0.00000003
78.40000000	0.00000027	0.00000014
78.45000000	0.00000041	0.00000005
78.50000000	0.00000050	-0.00000002
78.55000000	0.00000040	0.00000007
78.60000000	0.00000046	-0.00000002
78.65000000	0.00000044	0.00000000
78.70000000	0.00000031	0.00000009
78.75000000	0.00000029	0.00000007
78.80000000	0.00000027	-0.00000010
78.85000000	0.00000017	0.00000003
78.90000000	0.00000012	0.00000003
78.95000000	0.00000002	-0.00000012
79.00000000	-0.00000012	0.00000010
79.05000000	-0.00000019	0.00000015
79.10000000	-0.00000031	0.00000013
79.15000000	-0.00000017	-0.00000008
79.20000000	-0.00000025	-0.00000013
79.25000000	-0.00000017	-0.00000009
79.30000000	-0.00000029	-0.00000001
79.35000000	-0.00000039	0.00000008
79.40000000	-0.00000035	-0.00000003
79.45000000	-0.00000025	-0.00000018
79.50000000	-0.00000022	-0.00000005
79.55000000	-0.00000018	-0.00000012
79.60000000	-0.00000014	-0.00000003
79.65000000	-0.00000008	0.00000008
79.70000000	-0.00000002	-0.00000012
79.75000000	0.00000006	0.00000002
79.80000000	0.00000012	0.00000011
79.85000000	0.00000016	-0.00000005
79.90000000	0.00000020	0.00000003
79.95000000	0.00000029	0.00000004
80.00000000	0.00000032	-0.00000004
80.05000000	0.00000028	0.00000012
80.10000000	0.00000027	0.00000002
80.15000000	0.00000030	-0.00000001
80.20000000	0.00000029	-0.00000017
80.25000000	0.00000018	0.00000021
80.30000000	0.00000025	0.00000007
80.35000000	0.00000018	0.00000006
80.40000000	0.00000015	-0.00000009
80.45000000	0.00000014	-0.00000004
80.50000000	0.00000010	0.00000008
80.55000000	-0.00000002	0.00000014
80.60000000	-0.00000005	-0.00000014
80.65000000	-0.00000010	-0.00000007
80.70000000	-0.00000012	0.00000003
80.75000000	-0.00000015	0.00000003
80.80000000	-0.00000020	-0.00000006
80.85000000	-0.00000023	0.00000009
80.90000000	-0.00000022	0.00000013
80.95000000	-0.00000027	-0.00000015
81.00000000	-0.00000019	-0.00000006
81.05000000	-0.00000019	-0.00000005
81.10000000	-0.00000017	0.00000002
81.15000000	-0.00000007	0.00000009
81.20000000	-0.00000005	-0.00000007
81.25000000	-0.00000002	0.00000009
81.30000000	0.00000002	-0.00000007
81.35000000	0.00000012	0.00000007
81.40000000	0.00000006	-0.00000011
81.45000000	0.00000023	0.00000003
81.50000000	0.00000027	0.00000003
81.55000000	0.00000032	0.00000014
81.60000000	0.00000039	0.00000018
81.65000000	0.00000041	0.00000010
81.70000000	0.00000041	0.00000010
81.75000000	0.00000030	-0.00000008
81.80000000	0.00000038	0.00000003
81.85000000	0.00000034	0.00000006
81.90000000	0.00000029	0.00000003
81.95000000	0.00000018	-0.00000012
82.00000000	0.00000036	0.00000017
82.05000000	0.00000024	0.00000011
82.10000000	0.00000021	0.00000005
82.15000000	0.00000007	-0.00000005
82.20000000	0.00000008	0.00000004
82.25000000	-0.00000007	-0.00000009
82.30000000	-0.00000013	0.00000002
82.35000000	-0.00000008	0.00000010
82.40000000	-0.00000020	-0.00000009
82.45000000	-0.00000025	-0.00000009
82.50000000	-0.00000009	0.00000003
82.55000000	-0.00000014	-0.00000003
82.60000000	0.00000003	0.00000013
82.65000000	-0.00000003	0.00000013
82.70000000	-0.00000010	-0.00000002
82.75000000	-0.00000021	-0.00000015
82.80000000	0.00000001	0.00000007
82.85000000	-0.00000005	0.00000002
82.90000000	0.00000003	-0.00000002
82.95000000	0.00000010	0.00000012
83.00000000	0.00000007	0.00000001
83.05000000	0.00000010	-0.00000001
83.10000000	0.00000018	-0.00000002
83.15000000	0.00000022	0.00000001
83.20000000	0.00000024	0.00000003
83.25000000	0.00000034	0.00000005
83.30000000	0.00000033	0.00000005
83.35000000	0.00000027	-0.00000000
83.40000000	0.00000028	0.00000002
83.45000000	0.00000026	0.00000003
83.50000000	0.00000031	0.00000004
83.55000000	0.00000012	0.00000008
83.60000000	0.00000018	0.00000001
83.65000000	0.00000019	0.00000006
83.70000000	0.00000008	0.00000003
83.75000000	0.00000011	0.00000006
83.80000000	0.00000008	0.00000000
83.85000000	0.00000010	0.00000005
83.90000000	-0.00000015	-0.00000005
83.95000000	-0.00000001	-0.00000059
84.00000000	-0.00000016	0.00000002
84.05000000	-0.00000029	-0.00000003
84.10000000	-0.00000022	-0.00000001
84.15000000	-0.00000010	-0.00000000
84.20000000	-0.00000023	-0.00000003
84.25000000	-0.00000010	-0.00000000
84.30000000	0.00000001	-0.00000002
84.35000000	-0.00000017	-0.00000008
84.40000000	-0.00000021	-0.00000005
84.45000000	-0.00000024	0.00000002
84.50000000	-0.00000005	0.00000001
84.55000000	0.00000003	0.00000006
84.60000000	-0.00000002	-0.00000002
84.65000000	-0.00000000	0.00000004
84.70000000	0.00000006	-0.00000003
84.75000000	0.00000015	0.00000005
84.80000000	0.00000015	0.00000007
84.85000000	0.00000026	0.00000005
84.90000000	0.00000013	0.00000000
84.95000000	0.00000012	0.00000003
85.00000000	0.00000033	-0.00000002
85.05000000	0.00000025	0.00000001
85.10000000	0.00000019	0.00000005
85.15000000	0.00000031	0.00000004
85.20000000	0.00000017	0.00000004
85.25000000	0.00000030	-0.00000001
85.30000000	0.00000014	0.00000003
85.35000000	0.00000005	-0.00000001
85.40000000	0.00000006	0.00000003
85.45000000	-0.00000004	0.00000007
85.50000000	-0.00000009	0.00000003
85.55000000	-0.00000011	-0.00000001
85.60000000	-0.00000018	-0.00000003
85.65000000	-0.00000015	-0.00000002
85.70000000	-0.00000020	-0.00000001
85.75000000	-0.00000027	0.00000001
85.80000000	-0.00000024	0.00000006
85.85000000	-0.00000001	-0.00000006
85.90000000	-0.00000003	-0.00000005
85.95000000	-0.00000016	0.00000003
86.00000000	0.00000002	-0.00000007
86.05000000	0.00000003	-0.00000003
86.10000000	0.00000016	-0.00000002
86.15000000	0.00000013	-0.00000001
86.20000000	0.00000008	0.00000006
86.25000000	0.00000011	0.00000003
86.30000000	0.00000009	0.00000010
86.35000000	0.00000018	0.00000003
86.40000000	0.00000026	0.00000007
86.45000000	0.00000038	-0.00000005
86.50000000	0.00000029	0.00000002
86.55000000	0.00000037	0.00000003
86.60000000	0.00000041	-0.00000003
86.65000000	0.00000029	0.00000000
86.70000000	0.00000029	0.00000003
86.75000000	0.00000029	-0.00000001
86.80000000	0.00000019	0.00000006
86.85000000	0.00000010	0.00000010
86.90000000	0.00000010	0.00000003
86.95000000	0.00000002	0.00000001
87.00000000	0.00000004	0.00000006
87.05000000	-0.00000003	-0.00000010
87.10000000	-0.00000006	0.00000008
87.15000000	-0.00000006	-0.00000002
87.20000000	-0.00000007	-0.00000003
87.25000000	-0.00000007	0.00000001
87.30000000	-0.00000018	0.00000003
87.35000000	-0.00000013	-0.00000004
87.40000000	-0.00000021	-0.00000003
87.45000000	-0.00000022	-0.00000007
87.50000000	-0.00000018	0.00000006
87.55000000	-0.00000009	0.00000007
87.60000000	-0.00000001	-0.00000008
87.65000000	0.00000002	-0.00000001
87.70000000	-0.00000002	-0.00000007
87.75000000	0.00000013	-0.00000002
87.80000000	0.00000009	-0.00000004
87.85000000	0.00000009	-0.00000017
87.90000000	0.00000011	0.00000003
87.95000000	0.00000019	0.00000006
88.00000000	0.00000021	-0.00000001
88.05000000	0.00000010	0.00000012
88.10000000	0.00000013	0.00000016
88.15000000	0.00000019	-0.00000006
88.20000000	0.00000013	-0.00000004
88.25000000	0.00000015	-0.00000004
88.30000000	0.00000008	0.00000020
88.35000000	0.00000013	-0.00000009
88.40000000	0.00000008	0.00000001
88.45000000	0.00000009	-0.00000007
88.50000000	0.00000002	-0.00000008
88.55000000	-0.00000008	-0.00000009
88.60000000	-0.00000007	-0.00000007
88.65000000	-0.00000007	-0.00000010
88.70000000	-0.00000009	-0.00000003
88.75000000	-0.00000008	-0.00000006
88.80000000	-0.00000018	0.00000006
88.85000000	-0.00000008	0.00000004
88.90000000	-0.00000011	-0.00000008
88.95000000	-0.00000012	-0.00000004
89.00000000	-0.00000016	0.00000002
89.05000000	-0.00000014	-0.00000014
89.10000000	-0.00000006	0.00000005
89.15000000	-0.00000006	0.00000013
89.20000000	-0.00000001	0.00000006
89.25000000	-0.00000005	-0.00000003
89.30000000	0.00000001	-0.00000003
89.35000000	0.00000007	0.00000004
89.40000000	0.00000019	0.00000013
89.45000000	0.00000012	-0.00000012
89.50000000	0.00000014	-0.00000005
89.55000000	0.00000014	-0.00000005
89.60000000	0.00000021	-0.00000007
89.65000000	0.00000019	-0.00000007
89.70000000	0.00000021	-0.00000004
89.75000000	0.00000023	0.00000000
89.80000000	0.00000029	0.00000000
89.85000000	0.00000021	0.00000002
89.90000000	0.00000026	0.00000008
89.95000000	0.00000018	0.00000004
90.00000000	0.00000025	0.00000010
90.05000000	0.00000016	0.00000003
90.10000000	0.00000017	0.00000004
90.15000000	0.00000013	-0.00000003
90.20000000	0.00000020	0.00000024
90.25000000	0.00000002	-0.00000012
90.30000000	0.00000010	0.00000005
90.35000000	-0.00000004	-0.00000013
90.40000000	0.00000004	-0.00000001
90.45000000	-0.00000001	-0.00000004
90.50000000	-0.00000009	-0.00000011
90.55000000	-0.00000003	-0.00000012
90.60000000	0.00000002	0.00000002
90.65000000	-0.00000005	-0.00000002
90.70000000	0.00000006	0.00000020
90.75000000	-0.00000002	-0.00000003
90.80000000	0.00000005	0.00000004
90.85000000	-0.00000003	-0.00000010
90.90000000	0.00000007	0.00000007
90.95000000	0.00000016	0.00000001
91.00000000	0.00000014	0.00000006
91.05000000	0.00000015	-0.00000003
91.10000000	0.00000022	0.00000012
91.15000000	0.00000026	0.00000002
91.20000000	0.00000018	0.00000006
91.25000000	0.00000016	0.00000001
91.30000000	0.00000016	0.00000005
91.35000000	0.00000024	0.00000014
91.40000000	0.00000010	0.00000003
91.45000000	0.00000012	-0.00000003
91.50000000	-0.00000001	-0.00000004
91.55000000	0.00000010	0.00000001
91.60000000	0.00000008	-0.00000003
91.65000000	-0.00000011	-0.00000004
91.70000000	0.00000012	0.00000004
91.75000000	0.00000012	0.00000005
91.80000000	0.00000002	0.00000009
91.85000000	-0.00000006	0.00000004
91.90000000	-0.00000013	0.00000001
91.95000000	-0.00000005	-0.00000000
92.00000000	-0.00000008	0.00000000
92.05000000	-0.00000007	-0.00000004
92.10000000	0.00000003	0.00000001
92.15000000	-0.00000013	-0.00000002
92.20000000	0.00000005	-0.00000000
92.25000000	0.00000007	0.00000001
92.30000000	-0.00000001	0.00000003
92.35000000	-0.00000019	-0.00000006
92.40000000	-0.00000007	-0.00000004
92.45000000	-0.00000014	-0.00000004
92.50000000	0.00000004	-0.00000006
92.55000000	-0.00000010	-0.00000001
92.60000000	-0.00000004	-0.00000006
92.65000000	-0.00000006	-0.00000002
92.70000000	0.00000023	0.00000006
92.75000000	0.00000000	-0.00000003
92.80000000	0.00000019	-0.00000001
92.85000000	0.00000012	-0.00000005
92.90000000	0.00000012	-0.00000002
92.95000000	0.00000000	-0.00000006
93.00000000	0.00000011	0.00000004
93.05000000	-0.00000009	0.00000002
93.10000000	0.00000008	-0.00000002
93.15000000	0.00000022	-0.00000002
93.20000000	-0.00000013	0.00000005
93.25000000	-0.00000018	-0.00000003
93.30000000	0.00000020	-0.00000003
93.35000000	0.00000010	0.00000000
93.40000000	0.00000019	0.00000003
93.45000000	-0.00000004	-0.00000001
93.50000000	-0.00000004	0.00000003
93.55000000	-0.00000012	0.00000002
93.60000000	-0.00000019	0.00000002
93.65000000	-0.00000007	-0.00000001
93.70000000	0.00000008	-0.00000002
93.75000000	0.00000001	-0.00000004
93.80000000	-0.00000011	0.00000003
93.85000000	-0.00000008	0.00000001
93.90000000	0.00000001	0.00000001
93.95000000	-0.00000012	0.00000003
94.00000000	0.00000015	-0.00000000
94.05000000	0.00000000	-0.00000002
94.10000000	0.00000006	0.00000002
94.15000000	0.00000016	-0.00000006
94.20000000	0.00000003	0.00000001
94.25000000	0.00000012	-0.00000003
94.30000000	0.00000005	0.00000003
94.35000000	0.00000021	-0.00000001
94.40000000	0.00000030	-0.00000004
94.45000000	0.00000013	0.00000001
94.50000000	0.00000013	0.00000007
94.55000000	0.00000011	0.00000002
94.60000000	0.00000018	0.00000004
94.65000000	0.00000017	0.00000001
94.70000000	0.00000007	0.00000002
94.75000000	0.00000010	0.00000006
94.80000000	0.00000041	-0.00000015
94.85000000	0.00000012	-0.00000004
94.90000000	0.00000028	-0.00000011
94.95000000	0.00000014	-0.00000004
95.00000000	0.00000003	0.00000007
95.05000000	0.00000007	0.00000002
95.10000000	0.00000001	0.00000002
95.15000000	-0.00000008	0.00000006
95.20000000	0.00000009	-0.00000004
95.25000000	-0.00000003	0.00000011
95.30000000	-0.00000013	0.00000006
95.35000000	0.00000006	-0.00000003
95.40000000	-0.00000001	-0.00000007
95.45000000	0.00000001	-0.00000005
95.50000000	-0.00000011	0.00000007
95.55000000	0.00000000	0.00000000
95.60000000	0.00000001	-0.00000000
95.65000000	0.00000005	-0.00000006
95.70000000	-0.00000004	0.00000010
95.75000000	-0.00000002	-0.00000001
95.80000000	-0.00000003	0.00000006
95.85000000	0.00000001	-0.00000007
95.90000000	0.00000003	-0.00000007
95.95000000	-0.00000003	0.00000009
96.00000000	0.00000002	0.00000001
96.05000000	0.00000003	0.00000001
96.10000000	0.00000006	-0.00000008
96.15000000	0.00000005	0.00000005
96.20000000	0.00000013	-0.00000011
96.25000000	0.00000007	-0.00000006
96.30000000	0.00000007	-0.00000002
96.35000000	0.00000008	-0.00000011
96.40000000	0.00000005	0.00000011
96.45000000	0.00000003	0.00000010
96.50000000	0.00000010	-0.00000009
96.55000000	0.00000007	-0.00000002
96.60000000	0.00000000	0.00000007
96.65000000	0.00000000	0.00000002
96.70000000	-0.00000000	0.00000018
96.75000000	0.00000004	-0.00000009
96.80000000	-0.00000003	0.00000003
96.85000000	-0.00000005	-0.00000005
96.90000000	-0.00000005	0.00000010
96.95000000	-0.00000007	0.00000006
97.00000000	-0.00000008	0.00000009
97.05000000	-0.00000009	0.00000015
97.10000000	-0.00000001	-0.00000001
97.15000000	0.00000001	-0.00000015
97.20000000	-0.00000000	-0.00000010
97.25000000	-0.00000004	-0.00000001
97.30000000	0.00000002	-0.00000014
97.35000000	0.00000000	0.00000003
97.40000000	0.00000009	0.00000000
97.45000000	0.00000005	0.00000009
97.50000000	0.00000009	0.00000007
97.55000000	0.00000011	-0.00000011
97.60000000	0.00000008	-0.00000008
97.65000000	0.00000014	0.00000020
97.70000000	0.00000013	-0.00000003
97.75000000	0.00000007	-0.00000005
97.80000000	0.00000013	0.00000005
97.85000000	0.00000015	0.00000005
97.90000000	0.00000007	0.00000002
97.95000000	0.00000019	0.00000013
98.00000000	0.00000014	0.00000004
98.05000000	0.00000009	-0.00000003
98.10000000	0.00000013	-0.00000009
98.15000000	0.00000007	0.00000004
98.20000000	0.00000015	0.00000007
98.25000000	0.00000008	-0.00000003
98.30000000	0.00000003	-0.00000014
98.35000000	0.00000008	-0.00000009
98.40000000	0.00000011	0.00000005
98.45000000	0.00000006	-0.00000005
98.50000000	0.00000005	-0.00000002
98.55000000	0.00000007	0.00000004
98.60000000	0.00000021	0.00000018
98.65000000	0.00000014	0.00000012
98.70000000	0.00000006	-0.00000009
98.75000000	0.00000012	0.00000004
98.80000000	0.00000016	0.00000008
98.85000000	0.00000012	0.00000000
98.90000000	0.00000018	0.00000013
98.95000000	0.00000005	-0.00000011
99.00000000	0.00000010	-0.00000006
99.05000000	0.00000004	0.00000001
99.10000000	0.00000017	0.00000007
99.15000000	0.00000012	-0.00000005
99.20000000	0.00000009	0.00000006
99.25000000	0.00000007	-0.00000000
99.30000000	0.00000012	0.00000002
99.35000000	0.00000003	-0.00000007
99.40000000	0.00000009	0.00000009
99.45000000	-0.00000001	0.00000003
99.50000000	-0.00000001	-0.00000003
99.55000000	0.00000007	-0.00000004
99.60000000	0.00000000	-0.00000006
99.65000000	-0.00000002	-0.00000001
99.70000000	0.00000006	-0.00000001
99.75000000	-0.00000003	0.00000005
99.80000000	0.00000008	0.00000008
99.85000000	0.00000007	0.00000009
99.90000000	0.00000008	0.00000006
99.95000000	0.00000002	-0.00000004
100.00000000	0.00000004	0.00000002
