0.000000000000000000e+00 4.461748536168304153e-07
5.000000000000000278e-02 3.904868755797049992e-07
1.000000000000000056e-01 3.934717270656177963e-07
1.499999999999999944e-01 4.302975714549176377e-07
2.000000000000000111e-01 4.539471334858278049e-07
2.500000000000000000e-01 4.466452731195081941e-07
2.999999999999999889e-01 4.402635574289563693e-07
3.499999999999999778e-01 4.576898513185540100e-07
4.000000000000000222e-01 5.103175481991580184e-07
4.500000000000000111e-01 5.304564072569960326e-07
5.000000000000000000e-01 5.204959173711164158e-07
5.500000000000000444e-01 5.022549153567339369e-07
5.999999999999999778e-01 5.464430436925700724e-07
6.500000000000000222e-01 5.201884273991494131e-07
6.999999999999999556e-01 5.422988106201229884e-07
7.500000000000000000e-01 5.654166605256692798e-07
8.000000000000000444e-01 5.924997890294983663e-07
8.499999999999999778e-01 5.923917622654791957e-07
9.000000000000000222e-01 5.782214108799501084e-07
9.499999999999999556e-01 5.682851396966139885e-07
1.000000000000000000e+00 5.621280992798706488e-07
1.050000000000000044e+00 5.453219232710160294e-07
1.100000000000000089e+00 5.916924876994804911e-07
1.149999999999999911e+00 5.085666131393212525e-07
1.199999999999999956e+00 4.608513860237375681e-07
1.250000000000000000e+00 3.934513947109604332e-07
1.300000000000000044e+00 2.679999999999999646e-07
1.350000000000000089e+00 1.649848477891227263e-07
1.399999999999999911e+00 -7.102112361825880518e-08
1.449999999999999956e+00 -2.466414401514879510e-07
1.500000000000000000e+00 -4.768228182459392546e-07
1.550000000000000044e+00 -7.109120902052517159e-07
1.600000000000000089e+00 -8.963771527655087019e-07
1.649999999999999911e+00 -9.602083107326242111e-07
1.699999999999999956e+00 -9.725944684193921220e-07
1.750000000000000000e+00 -8.594556416709356559e-07
1.800000000000000044e+00 -6.810139499305427854e-07
1.850000000000000089e+00 -4.455333881989093305e-07
1.899999999999999911e+00 -1.303840481040529949e-07
1.949999999999999956e+00 3.707775613491193817e-07
2.000000000000000000e+00 8.441516451444017898e-07
2.049999999999999822e+00 1.413734062686472782e-06
2.100000000000000089e+00 1.928414893118179475e-06
2.149999999999999911e+00 2.492424522427910741e-06
2.200000000000000178e+00 2.820025531799313303e-06
2.250000000000000000e+00 3.068093870793394906e-06
2.299999999999999822e+00 3.232223383369410931e-06
2.350000000000000089e+00 3.010000664451753859e-06
2.399999999999999911e+00 2.892056016055014285e-06
2.450000000000000178e+00 2.484080513993055076e-06
2.500000000000000000e+00 2.064163753194014363e-06
2.549999999999999822e+00 1.510107280957217422e-06
2.600000000000000089e+00 1.158388535854874585e-06
2.649999999999999911e+00 5.570278269530167346e-07
2.700000000000000178e+00 1.505456741324705123e-07
2.750000000000000000e+00 -1.689615340839447021e-07
2.799999999999999822e+00 -5.223102526276887734e-07
2.850000000000000089e+00 -7.153544575942754881e-07
2.899999999999999911e+00 -8.040398000099250104e-07
2.950000000000000178e+00 -1.048047708837722588e-06
3.000000000000000000e+00 -1.079668467632541206e-06
3.049999999999999822e+00 -1.072604307282046899e-06
3.100000000000000089e+00 -1.096016423234615564e-06
3.149999999999999911e+00 -9.820733170186429509e-07
3.200000000000000178e+00 -9.862920459985470570e-07
3.250000000000000000e+00 -8.724494254683190497e-07
3.299999999999999822e+00 -7.604446067926314931e-07
3.350000000000000089e+00 -6.006529780164250523e-07
3.399999999999999911e+00 -5.844929426434505830e-07
3.450000000000000178e+00 -4.212837523570069463e-07
3.500000000000000000e+00 -2.483948469674843864e-07
3.549999999999999822e+00 7.717512552629898981e-08
3.600000000000000089e+00 2.283243307227681379e-07
3.649999999999999911e+00 4.251023406192913374e-07
3.700000000000000178e+00 5.675385449465084148e-07
3.750000000000000000e+00 6.921647202797899589e-07
3.799999999999999822e+00 6.219614135941231326e-07
3.850000000000000089e+00 6.007794936580308569e-07
3.899999999999999911e+00 4.357843503385590745e-07
3.950000000000000178e+00 1.906724940834413946e-07
4.000000000000000000e+00 1.376372042726820104e-07
4.049999999999999822e+00 -9.044335243676012923e-08
4.099999999999999645e+00 1.073312629199899009e-07
4.150000000000000355e+00 1.980908882306301185e-07
4.200000000000000178e+00 4.780292878056740828e-07
4.250000000000000000e+00 8.241965784932622877e-07
4.299999999999999822e+00 1.140007017522260856e-06
4.349999999999999645e+00 1.428035013576348094e-06
4.400000000000000355e+00 1.748224241909487226e-06
4.450000000000000178e+00 1.908037735475899923e-06
4.500000000000000000e+00 2.014286970617642754e-06
4.549999999999999822e+00 2.116341182323871157e-06
4.599999999999999645e+00 2.098549022539145001e-06
4.650000000000000355e+00 2.048158197015064073e-06
4.700000000000000178e+00 1.873116120265906023e-06
4.750000000000000000e+00 1.636353262593380235e-06
4.799999999999999822e+00 1.409006742354343610e-06
4.849999999999999645e+00 9.875889833326413076e-07
4.900000000000000355e+00 7.573981779750992438e-07
4.950000000000000178e+00 5.021115413929459618e-07
5.000000000000000000e+00 2.993125456775909598e-07
5.049999999999999822e+00 3.359999999999999382e-07
5.099999999999999645e+00 4.382236871735712353e-07
5.150000000000000355e+00 5.940134678607884315e-07
5.200000000000000178e+00 7.361331401315933146e-07
5.250000000000000000e+00 8.406878136383328173e-07
5.299999999999999822e+00 7.600000000000000291e-07
5.349999999999999645e+00 6.093143687785478559e-07
5.400000000000000355e+00 4.022437072223752996e-07
5.450000000000000178e+00 -3.328663395418647738e-08
5.500000000000000000e+00 -4.012779585275024815e-07
5.549999999999999822e+00 -6.904896813131967240e-07
5.599999999999999645e+00 -9.649145039846794593e-07
5.650000000000000355e+00 -1.178061118957756017e-06
5.700000000000000178e+00 -1.331636587061199545e-06
5.750000000000000000e+00 -1.377930332056015233e-06
5.799999999999999822e+00 -1.384199407599931083e-06
5.849999999999999645e+00 -1.312038109202625062e-06
5.900000000000000355e+00 -1.252000000000000253e-06
5.950000000000000178e+00 -1.094641493823434533e-06
6.000000000000000000e+00 -8.139410298049854063e-07
6.049999999999999822e+00 -5.389359887778882039e-07
6.099999999999999645e+00 -2.182567295640617817e-07
6.150000000000000355e+00 2.169239498072999728e-07
6.200000000000000178e+00 5.007833863058956941e-07
6.250000000000000000e+00 6.028498983992616080e-07
6.299999999999999822e+00 6.368327881006128177e-07
6.349999999999999645e+00 5.888633118135311929e-07
6.400000000000000355e+00 4.505374568224045571e-07
6.450000000000000178e+00 3.052867504494749818e-07
6.500000000000000000e+00 2.893648216352498916e-07
6.549999999999999822e+00 3.923111010409978445e-07
6.599999999999999645e+00 6.788372411705179561e-07
6.650000000000000355e+00 9.323389941432248536e-07
6.700000000000000178e+00 1.364146619685728665e-06
6.750000000000000000e+00 1.780543737176933203e-06
6.799999999999999822e+00 2.090003827747690713e-06
6.849999999999999645e+00 2.278126423181997390e-06
6.900000000000000355e+00 2.376000841750692453e-06
6.950000000000000178e+00 2.348000851788601675e-06
7.000000000000000000e+00 2.218292135855870845e-06
7.049999999999999822e+00 2.186296411742927450e-06
7.099999999999999645e+00 1.911674658512792079e-06
7.150000000000000355e+00 1.686929755502581642e-06
7.200000000000000178e+00 1.488773992249998954e-06
7.250000000000000000e+00 1.166102911410480866e-06
7.299999999999999822e+00 9.476560557501862573e-07
7.349999999999999645e+00 6.371342087817919348e-07
7.400000000000000355e+00 3.792888081660200665e-07
7.450000000000000178e+00 1.707512811079319872e-07
7.500000000000000000e+00 5.799999999999999658e-08
7.549999999999999822e+00 -3.492849839314595519e-08
7.599999999999999645e+00 6.161168720299745335e-08
7.650000000000000355e+00 6.029925372672533140e-08
7.700000000000000178e+00 8.560373823613079523e-08
7.750000000000000000e+00 -1.184736257569591019e-07
7.799999999999999822e+00 -2.362117693934829951e-07
7.849999999999999645e+00 -5.801689409129034762e-07
7.900000000000000355e+00 -9.088806302259940337e-07
7.950000000000000178e+00 -1.210660976491767433e-06
8.000000000000000000e+00 -1.375354499756335841e-06
8.050000000000000711e+00 -1.388919004117950674e-06
8.099999999999999645e+00 -1.296845403276735904e-06
8.150000000000000355e+00 -1.128428996437082141e-06
8.199999999999999289e+00 -7.564575335073343904e-07
8.250000000000000000e+00 -3.850194800266604768e-07
8.300000000000000711e+00 -1.128716084761797948e-07
8.349999999999999645e+00 2.736494107430161854e-07
8.400000000000000355e+00 3.953833582739668138e-07
8.449999999999999289e+00 4.920365840057017497e-07
8.500000000000000000e+00 5.211448934797307495e-07
8.550000000000000711e+00 5.592924101040527910e-07
8.599999999999999645e+00 5.613448138176748497e-07
8.650000000000000355e+00 6.143354132719356041e-07
8.699999999999999289e+00 6.779970501410755631e-07
8.750000000000000000e+00 6.486940727338274388e-07
8.800000000000000711e+00 5.267447199545525394e-07
8.849999999999999645e+00 4.944896358873458680e-07
8.900000000000000355e+00 4.697062912076014565e-07
8.949999999999999289e+00 4.704253394535630526e-07
9.000000000000000000e+00 6.260798671096204092e-07
9.050000000000000711e+00 8.680368655765721434e-07
9.099999999999999645e+00 1.162497311824848916e-06
9.150000000000000355e+00 1.394143464640565736e-06
9.199999999999999289e+00 1.662347737388299811e-06
9.250000000000000000e+00 1.818431191989403083e-06
9.300000000000000711e+00 1.750525635344995395e-06
9.349999999999999645e+00 1.719680202828421088e-06
9.400000000000000355e+00 1.671225897357984297e-06
9.449999999999999289e+00 1.449006556230854254e-06
9.500000000000000000e+00 1.231098696287182379e-06
9.550000000000000711e+00 1.023132444994292962e-06
9.599999999999999645e+00 9.596832810880890095e-07
9.650000000000000355e+00 8.960558018337918698e-07
9.699999999999999289e+00 8.406878136383326055e-07
9.750000000000000000e+00 8.382887330747087103e-07
9.800000000000000711e+00 8.009019915070756926e-07
9.849999999999999645e+00 7.922524850071471896e-07
9.900000000000000355e+00 6.524415682649290439e-07
9.949999999999999289e+00 5.590169943749474856e-07
1.000000000000000000e+01 4.537488291995913867e-07
1.005000000000000071e+01 3.887312696452396411e-07
1.009999999999999964e+01 2.039019372149269124e-07
1.015000000000000036e+01 1.636826197248809941e-07
1.019999999999999929e+01 5.599999999999999191e-08
1.025000000000000000e+01 -1.983229689168654783e-07
1.030000000000000071e+01 -4.846978440224384389e-07
1.034999999999999964e+01 -7.544693499407381108e-07
1.040000000000000036e+01 -1.105833622205438371e-06
1.044999999999999929e+01 -1.241413710251340571e-06
1.050000000000000000e+01 -1.419735186575299365e-06
1.055000000000000071e+01 -1.385297080051784305e-06
1.059999999999999964e+01 -1.248853874558588993e-06
1.065000000000000036e+01 -9.315127481682684654e-07
1.069999999999999929e+01 -5.573544653091066169e-07
1.075000000000000000e+01 -1.910497317454279939e-07
1.080000000000000071e+01 3.225523213371747410e-07
1.084999999999999964e+01 5.758680404398216112e-07
1.090000000000000036e+01 7.484437186589249136e-07
1.094999999999999929e+01 8.322908145594304124e-07
1.100000000000000000e+01 8.441161057579697324e-07
1.105000000000000071e+01 7.667541979017788950e-07
1.109999999999999964e+01 6.754346748576060573e-07
1.115000000000000036e+01 5.683520036034006393e-07
1.119999999999999929e+01 5.540577587219583611e-07
1.125000000000000000e+01 5.467174773134658977e-07
1.130000000000000071e+01 4.760168064259916672e-07
1.134999999999999964e+01 5.101921206761233031e-07
1.140000000000000036e+01 4.767095551800907575e-07
1.144999999999999929e+01 3.426076473168688413e-07
1.150000000000000000e+01 4.524422615096869779e-07
1.155000000000000071e+01 5.402369850352714518e-07
1.159999999999999964e+01 7.000457127931004353e-07
1.165000000000000036e+01 1.043842900057283402e-06
1.169999999999999929e+01 1.286076203029976102e-06
1.175000000000000000e+01 1.666019207572349818e-06
1.180000000000000071e+01 1.852674823059891269e-06
1.184999999999999964e+01 1.933494246177112771e-06
1.190000000000000036e+01 1.865168088939975349e-06
1.194999999999999929e+01 1.698829008464359688e-06
1.200000000000000000e+01 1.520032894380907913e-06
1.205000000000000071e+01 1.300885852025457402e-06
1.209999999999999964e+01 1.147999999999999851e-06
1.215000000000000036e+01 1.060354657649976867e-06
1.219999999999999929e+01 1.030069900540735000e-06
1.225000000000000000e+01 9.936699653305418050e-07
1.230000000000000071e+01 8.800363628850799956e-07
1.234999999999999964e+01 6.652818951391958664e-07
1.240000000000000036e+01 4.964876634922563343e-07
1.244999999999999929e+01 2.721323207559145829e-07
1.250000000000000000e+01 -8.590692637965809938e-08
1.255000000000000071e+01 -2.995062603686274140e-07
1.259999999999999964e+01 -5.491265792146650677e-07
1.265000000000000036e+01 -7.257823365169476834e-07
1.269999999999999929e+01 -8.333834651587466647e-07
1.275000000000000000e+01 -9.726684944008419081e-07
1.280000000000000071e+01 -1.074225302252744370e-06
1.284999999999999964e+01 -1.179847447766023534e-06
1.290000000000000036e+01 -1.236040452412460676e-06
1.294999999999999929e+01 -1.324299059880358024e-06
1.300000000000000000e+01 -1.381067702902359386e-06
1.305000000000000071e+01 -1.373225400289406447e-06
1.309999999999999964e+01 -1.199928331193159199e-06
1.315000000000000036e+01 -9.642074465590897376e-07
1.319999999999999929e+01 -5.860375414595893824e-07
1.325000000000000000e+01 -3.046309242345562862e-08
1.330000000000000071e+01 3.799052513456480434e-07
1.334999999999999964e+01 8.123693741150020008e-07
1.340000000000000036e+01 1.076001858734453921e-06
1.344999999999999929e+01 1.176061222896155137e-06
1.350000000000000000e+01 1.209206351289968876e-06
1.355000000000000071e+01 1.266025276208970471e-06
1.359999999999999964e+01 1.322546029444722197e-06
1.365000000000000036e+01 1.428404704556800360e-06
1.369999999999999929e+01 1.519706550620875653e-06
1.375000000000000000e+01 1.738332534355840668e-06
1.380000000000000071e+01 1.889694155147864384e-06
1.384999999999999964e+01 1.896105482297860114e-06
1.390000000000000036e+01 1.790403306520628768e-06
1.394999999999999929e+01 1.666346902658627118e-06
1.400000000000000000e+01 1.400965381442382337e-06
1.405000000000000071e+01 1.220104913521783844e-06
1.409999999999999964e+01 1.084149436194106807e-06
1.415000000000000036e+01 9.863427396194488654e-07
1.419999999999999929e+01 9.440084745382321745e-07
1.425000000000000000e+01 8.884413317715471089e-07
1.430000000000000071e+01 8.015310349574742877e-07
1.434999999999999964e+01 7.201777558353216479e-07
1.440000000000000036e+01 5.504688910374500586e-07
1.444999999999999929e+01 4.284763704103179503e-07
1.450000000000000000e+01 2.725949375905576143e-07
1.455000000000000071e+01 2.080865204668481199e-07
1.459999999999999964e+01 2.087869727736862002e-07
1.465000000000000036e+01 3.090954545120325368e-07
1.469999999999999929e+01 4.661072837877563378e-07
1.475000000000000000e+01 5.208070660042929357e-07
1.480000000000000071e+01 5.542309987721726263e-07
1.484999999999999964e+01 4.929137855649809319e-07
1.490000000000000036e+01 4.074947852427070717e-07
1.494999999999999929e+01 -5.946427498927401578e-08
1.500000000000000000e+01 -2.758550343930666666e-07
1.505000000000000071e+01 -6.491995070854565997e-07
1.509999999999999964e+01 -9.331602220412097782e-07
1.515000000000000036e+01 -1.135112329243233858e-06
1.519999999999999929e+01 -1.176085030939514932e-06
1.525000000000000000e+01 -1.140177179213827135e-06
1.530000000000000071e+01 -1.028960640646667266e-06
1.534999999999999964e+01 -9.385009323383754603e-07
1.540000000000000036e+01 -8.662794006554698745e-07
1.544999999999999929e+01 -7.305997536271141781e-07
1.550000000000000000e+01 -5.611559498036173200e-07
1.555000000000000071e+01 -3.373781261433527021e-07
1.559999999999999964e+01 1.032472759931224432e-07
1.565000000000000036e+01 4.118446308985950993e-07
1.569999999999999929e+01 7.717460722284240374e-07
1.575000000000000000e+01 1.168985885286901166e-06
1.580000000000000071e+01 1.372526138184624955e-06
1.584999999999999964e+01 1.402172599931976925e-06
1.590000000000000036e+01 1.436068243503768822e-06
1.594999999999999929e+01 1.336181125446696426e-06
1.600000000000000000e+01 1.212026402352688061e-06
1.605000000000000071e+01 1.242001610304914121e-06
1.610000000000000142e+01 1.242412169933955414e-06
1.614999999999999858e+01 1.210371843691020192e-06
1.619999999999999929e+01 1.282006240234422664e-06
1.625000000000000000e+01 1.396968145664030515e-06
1.630000000000000071e+01 1.446326380869822586e-06
1.635000000000000142e+01 1.490065770360489873e-06
1.639999999999999858e+01 1.554741136009464166e-06
1.644999999999999929e+01 1.502033288579184215e-06
1.650000000000000000e+01 1.421824180410503432e-06
1.655000000000000071e+01 1.285401104714011284e-06
1.660000000000000142e+01 1.093546523930280915e-06
1.664999999999999858e+01 8.871933272968186524e-07
1.669999999999999929e+01 7.328301303849344670e-07
1.675000000000000000e+01 5.622277118748238145e-07
1.680000000000000071e+01 5.441801172406062672e-07
1.685000000000000142e+01 4.475175974193640449e-07
1.689999999999999858e+01 3.060000000000000137e-07
1.694999999999999929e+01 1.263170613971050219e-07
1.700000000000000000e+01 4.565084884205330092e-08
1.705000000000000071e+01 -1.715925406304131837e-07
1.710000000000000142e+01 -2.788834882168537421e-07
1.714999999999999858e+01 -3.024235440570062394e-07
1.719999999999999929e+01 -2.737078734709690534e-07
1.725000000000000000e+01 -2.075379483371655528e-07
1.730000000000000071e+01 -1.556020565416794332e-07
1.735000000000000142e+01 -1.627882059609970389e-07
1.739999999999999858e+01 -1.730780170905594872e-07
1.744999999999999929e+01 -2.814604767991413470e-07
1.750000000000000000e+01 -4.753861588224882188e-07
1.755000000000000071e+01 -5.188178871241815890e-07
1.760000000000000142e+01 -6.855829636156370756e-07
1.764999999999999858e+01 -7.288154773329118357e-07
1.769999999999999929e+01 -6.962212292080730426e-07
1.775000000000000000e+01 -5.012783657809301232e-07
1.780000000000000071e+01 -3.406581864567472886e-07
1.785000000000000142e+01 -1.328006024082722212e-07
1.789999999999999858e+01 1.603121954188139642e-07
1.794999999999999929e+01 2.915475947422649714e-07
1.800000000000000000e+01 4.561578674099570326e-07
1.805000000000000071e+01 6.378871373526824901e-07
1.810000000000000142e+01 7.286425735571591695e-07
1.814999999999999858e+01 7.741756906542597335e-07
1.819999999999999929e+01 8.103554775529070718e-07
1.825000000000000000e+01 9.224879403005765655e-07
1.830000000000000071e+01 8.841108527780891378e-07
1.835000000000000142e+01 9.159672483227771365e-07
1.839999999999999858e+01 9.461035884087955973e-07
1.844999999999999929e+01 9.275731777062119436e-07
1.850000000000000000e+01 8.298915591810773990e-07
1.855000000000000071e+01 7.780231359027828209e-07
1.860000000000000142e+01 7.629469182059784839e-07
1.864999999999999858e+01 7.466029734738536960e-07
1.869999999999999929e+01 8.834500551813894329e-07
1.875000000000000000e+01 9.992076861193571419e-07
1.880000000000000071e+01 1.176244872464913297e-06
1.885000000000000142e+01 1.288001552794095199e-06
1.889999999999999858e+01 1.448863002495405062e-06
1.894999999999999929e+01 1.456549346915510492e-06
1.900000000000000000e+01 1.331538959249784781e-06
1.905000000000000071e+01 1.150391237796950331e-06
1.910000000000000142e+01 8.982694473263576273e-07
1.914999999999999858e+01 6.561950929411160170e-07
1.919999999999999929e+01 4.481115932443613443e-07
1.925000000000000000e+01 2.781150840928985101e-07
1.930000000000000071e+01 2.180091741188888557e-07
1.935000000000000142e+01 2.428662183178220042e-07
1.939999999999999858e+01 2.744667557282666228e-07
1.944999999999999929e+01 4.083968658057992650e-07
1.950000000000000000e+01 4.225683376685952998e-07
1.955000000000000071e+01 3.231903463904824090e-07
1.960000000000000142e+01 3.143055837874981032e-07
1.964999999999999858e+01 2.425283488584375888e-07
1.969999999999999929e+01 8.440379138403677303e-08
1.975000000000000000e+01 -8.287339742040264932e-08
1.980000000000000071e+01 -2.168132837258824516e-07
1.985000000000000142e+01 -2.233293531983648833e-07
1.989999999999999858e+01 -2.915475947422649714e-07
1.994999999999999929e+01 -3.585582240027413350e-07
2.000000000000000000e+01 -4.626229566288296089e-07
2.005000000000000071e+01 -6.664833081180652809e-07
2.010000000000000142e+01 -8.018603369664817547e-07
2.014999999999999858e+01 -8.260798992833561852e-07
2.019999999999999929e+01 -7.974459229314549353e-07
2.025000000000000000e+01 -5.136535797597443059e-07
2.030000000000000071e+01 -2.036663938896154789e-07
2.035000000000000142e+01 1.702938636592640422e-07
2.039999999999999858e+01 5.168713573027625512e-07
2.044999999999999929e+01 7.625903225192409952e-07
2.050000000000000000e+01 8.905750950930527825e-07
2.055000000000000071e+01 8.806565732452123410e-07
2.060000000000000142e+01 8.461512867094158711e-07
2.064999999999999858e+01 7.600657866263946447e-07
2.069999999999999929e+01 7.237927880270705907e-07
2.075000000000000000e+01 7.000457127931004353e-07
2.080000000000000071e+01 7.915806970865320773e-07
2.085000000000000142e+01 8.012415366167682648e-07
2.089999999999999858e+01 8.774257803370037916e-07
2.094999999999999929e+01 9.713701663114839938e-07
2.100000000000000000e+01 1.003246729374185467e-06
2.105000000000000071e+01 1.000097995198470402e-06
2.110000000000000142e+01 1.090016513636376084e-06
2.114999999999999858e+01 1.235763731463260031e-06
2.119999999999999929e+01 1.302038401891434256e-06
2.125000000000000000e+01 1.404885760480189225e-06
2.130000000000000071e+01 1.472599062881679430e-06
2.135000000000000142e+01 1.468491743252239013e-06
2.139999999999999858e+01 1.430357997146169185e-06
2.144999999999999929e+01 1.324122350842247346e-06
2.150000000000000000e+01 1.088117640698835475e-06
2.155000000000000071e+01 8.939999999999999320e-07
2.160000000000000142e+01 6.353896442341501942e-07
2.164999999999999858e+01 4.243819034784588556e-07
2.169999999999999929e+01 2.896135355952825486e-07
2.175000000000000000e+01 1.252996408614166600e-07
2.180000000000000071e+01 -9.433981132056607654e-08
2.185000000000000142e+01 4.322843063016402445e-08
2.189999999999999858e+01 1.309198227924251830e-07
2.194999999999999929e+01 1.305986217385160544e-07
2.200000000000000000e+01 9.651942809610922502e-08
2.205000000000000071e+01 1.680476123008000533e-07
2.210000000000000142e+01 8.170679286326198426e-08
2.214999999999999858e+01 1.172006825918688673e-07
2.219999999999999929e+01 -9.620810776644554576e-08
2.225000000000000000e+01 -2.706584563615184534e-07
2.230000000000000071e+01 -3.270535124410071099e-07
2.235000000000000142e+01 -5.915741711738268164e-07
2.239999999999999858e+01 -6.437918918408340428e-07
2.244999999999999929e+01 -7.499466647702354187e-07
2.250000000000000000e+01 -8.090339918693158006e-07
2.255000000000000071e+01 -7.818669963619131517e-07
2.260000000000000142e+01 -7.469672014218562185e-07
2.264999999999999858e+01 -6.149666657632752914e-07
2.269999999999999929e+01 -4.252058325093859759e-07
2.275000000000000000e+01 -1.589591142401089101e-07
2.280000000000000071e+01 1.717323498936644545e-07
2.285000000000000142e+01 3.894868418830089821e-07
2.289999999999999858e+01 6.140130291777204360e-07
2.294999999999999929e+01 8.710132031146255152e-07
2.300000000000000000e+01 1.015231993191703828e-06
2.305000000000000071e+01 1.144027971686007225e-06
2.310000000000000142e+01 1.247443786308625693e-06
2.314999999999999858e+01 1.292619046741923964e-06
2.319999999999999929e+01 1.236713386359183913e-06
2.325000000000000000e+01 1.256810248207739372e-06
2.330000000000000071e+01 1.238195461144968004e-06
2.335000000000000142e+01 1.231462545106427319e-06
2.339999999999999858e+01 1.098029143511227431e-06
2.344999999999999929e+01 1.118007155612163145e-06
2.350000000000000000e+01 1.121115515903691199e-06
2.355000000000000071e+01 1.088007352916330184e-06
2.360000000000000142e+01 1.062067794446286650e-06
2.364999999999999858e+01 1.111999999999999899e-06
2.369999999999999929e+01 1.192107377713937138e-06
2.375000000000000000e+01 1.130086722335945229e-06
2.380000000000000071e+01 1.102116146329414839e-06
2.385000000000000142e+01 1.044047891621835535e-06
2.389999999999999858e+01 9.481708706767995268e-07
2.394999999999999929e+01 8.640208330821658830e-07
2.400000000000000000e+01 7.760412360177776760e-07
2.405000000000000071e+01 6.466962192559966862e-07
2.410000000000000142e+01 5.635672098339292917e-07
2.414999999999999858e+01 4.879549159502341315e-07
2.419999999999999929e+01 3.814341358609635285e-07
2.425000000000000000e+01 2.711825953117198378e-07
2.430000000000000071e+01 1.732974321794757452e-07
2.435000000000000142e+01 9.881295461628499081e-08
2.439999999999999858e+01 -1.828332573685652237e-07
2.444999999999999929e+01 -4.304648650006176163e-07
2.450000000000000000e+01 -5.776781110618611441e-07
2.455000000000000071e+01 -6.693190569526614275e-07
2.460000000000000142e+01 -7.681926841619881100e-07
2.464999999999999858e+01 -8.563947687836493052e-07
2.469999999999999929e+01 -9.816007334960587712e-07
2.475000000000000000e+01 -9.830991811612907985e-07
2.480000000000000071e+01 -1.068905982769298765e-06
2.485000000000000142e+01 -1.074478478146491498e-06
2.489999999999999858e+01 -8.745856161634489606e-07
2.494999999999999929e+01 -6.571362111465172049e-07
2.500000000000000000e+01 -4.230933703096752531e-07
2.505000000000000071e+01 -6.365532185135819824e-08
2.510000000000000142e+01 3.090954545120325368e-07
2.514999999999999858e+01 6.095900261651268326e-07
2.519999999999999929e+01 8.024213357083672283e-07
2.525000000000000000e+01 1.048007633559985355e-06
2.530000000000000071e+01 1.084016605038871091e-06
2.535000000000000142e+01 1.114000000000000261e-06
2.539999999999999858e+01 1.164027491084295533e-06
2.544999999999999929e+01 1.269325805299805592e-06
2.550000000000000000e+01 1.258039745000133125e-06
2.555000000000000071e+01 1.338023916079230698e-06
2.560000000000000142e+01 1.356331817808607029e-06
2.564999999999999858e+01 1.300393786512377835e-06
2.569999999999999929e+01 1.208200314517423000e-06
2.575000000000000000e+01 1.172334423276907796e-06
2.580000000000000071e+01 1.115953404045168823e-06
2.585000000000000142e+01 1.096147800253232297e-06
2.589999999999999858e+01 1.064046991443517243e-06
2.594999999999999929e+01 1.114087967801465886e-06
2.600000000000000000e+01 1.177964345810177624e-06
2.605000000000000071e+01 1.285594026121777032e-06
2.610000000000000142e+01 1.280451482876254774e-06
2.614999999999999858e+01 1.230526716491763235e-06
2.619999999999999929e+01 1.100029090524427868e-06
2.625000000000000000e+01 8.665194746801713782e-07
2.630000000000000071e+01 6.540030580968255887e-07
2.635000000000000142e+01 4.672386970275471313e-07
2.639999999999999858e+01 3.198124450361492799e-07
2.644999999999999929e+01 2.701851217221259178e-07
2.650000000000000000e+01 2.280350850198275664e-07
2.655000000000000071e+01 1.779100896520486775e-07
2.660000000000000142e+01 1.126410227226297970e-07
2.664999999999999858e+01 -1.356023598614714221e-07
2.669999999999999929e+01 -1.887326150934172848e-07
2.675000000000000000e+01 -2.657592895836380803e-07
2.680000000000000071e+01 -2.928822288907266074e-07
2.685000000000000142e+01 -2.755721321178903930e-07
2.689999999999999858e+01 -2.193171219946130527e-07
2.694999999999999929e+01 -2.229708501127445624e-07
2.700000000000000000e+01 -1.464923206178398957e-07
2.705000000000000071e+01 -1.337011593068661484e-07
2.710000000000000142e+01 -1.925097400133302119e-07
2.714999999999999858e+01 -2.685218799278747363e-07
2.719999999999999929e+01 -2.979463038871266436e-07
2.725000000000000000e+01 -3.317468914699880240e-07
2.730000000000000071e+01 -4.252810835200644305e-07
2.735000000000000142e+01 -3.561404217440081214e-07
2.739999999999999858e+01 -3.438895171417704314e-07
2.744999999999999929e+01 -3.012640038238886732e-07
2.750000000000000000e+01 -1.592482338991550361e-07
2.755000000000000071e+01 -1.149086593777857676e-07
2.760000000000000142e+01 1.935975206452810184e-07
2.764999999999999858e+01 2.930255961515989755e-07
2.769999999999999929e+01 5.255244999046190363e-07
2.775000000000000000e+01 6.938040069068497311e-07
2.780000000000000071e+01 9.301053703747764989e-07
2.785000000000000142e+01 1.022862649626038573e-06
2.789999999999999858e+01 1.102188731570051798e-06
2.794999999999999929e+01 1.233435851595047471e-06
2.800000000000000000e+01 1.349425062758210546e-06
2.805000000000000071e+01 1.481750316348877755e-06
2.810000000000000142e+01 1.497123909367557924e-06
2.814999999999999858e+01 1.558011553230591414e-06
2.819999999999999929e+01 1.498001335112889552e-06
2.825000000000000000e+01 1.383216541254477622e-06
2.830000000000000071e+01 1.240466041453775642e-06
2.835000000000000142e+01 1.120401713672377368e-06
2.839999999999999858e+01 1.066067540074267677e-06
2.844999999999999929e+01 1.074476616776745019e-06
2.850000000000000000e+01 1.030700732511624887e-06
2.855000000000000071e+01 1.024382740971361878e-06
2.860000000000000142e+01 9.563012077792227630e-07
2.864999999999999858e+01 8.945725236111380198e-07
2.869999999999999929e+01 7.202777242147643476e-07
2.875000000000000000e+01 5.760555528766300746e-07
2.880000000000000071e+01 4.497999555357914980e-07
2.885000000000000142e+01 3.301514803843834955e-07
2.889999999999999858e+01 3.192491190277585770e-07
2.894999999999999929e+01 2.219999999999999762e-07
2.900000000000000000e+01 2.400000000000000315e-08
2.905000000000000071e+01 -7.823042886243180490e-08
2.910000000000000142e+01 -2.478790027412567959e-07
2.914999999999999858e+01 -2.829628950940387694e-07
2.919999999999999929e+01 -4.338202392696772079e-07
2.925000000000000000e+01 -4.562148616605996038e-07
2.930000000000000071e+01 -4.793078342777218272e-07
2.935000000000000142e+01 -4.679529890918530945e-07
2.939999999999999858e+01 -4.966769573877975151e-07
2.944999999999999929e+01 -4.017959681231259233e-07
2.950000000000000000e+01 -4.055268178554902537e-07
2.955000000000000071e+01 -3.647793853824526941e-07
2.960000000000000142e+01 -3.745343775943672029e-07
2.964999999999999858e+01 -3.054766766874354946e-07
2.969999999999999929e+01 -2.605379051117130574e-07
2.975000000000000000e+01 -1.926758936660214571e-07
2.980000000000000071e+01 -1.145425685062108345e-07
2.985000000000000142e+01 -5.161395160225576051e-08
2.989999999999999858e+01 7.011419257183240263e-08
2.994999999999999929e+01 1.762838619953624362e-07
3.000000000000000000e+01 2.971396977854019683e-07
3.005000000000000071e+01 4.488741471726790785e-07
3.010000000000000142e+01 5.612878049628373266e-07
3.014999999999999858e+01 6.809522743922660498e-07
3.019999999999999929e+01 8.764473743471423648e-07
3.025000000000000000e+01 9.561694410511140465e-07
3.030000000000000071e+01 1.140394668524892820e-06
3.035000000000000142e+01 1.346095093223357510e-06
3.039999999999999858e+01 1.408687332235226932e-06
3.044999999999999929e+01 1.482912000086316612e-06
3.050000000000000000e+01 1.458604812826284224e-06
3.055000000000000071e+01 1.414883740806996336e-06
3.060000000000000142e+01 1.352378645202592598e-06
3.064999999999999858e+01 1.190179818346790650e-06
3.069999999999999929e+01 1.166907022860004895e-06
3.075000000000000000e+01 1.074603182574851353e-06
3.080000000000000071e+01 9.041084005803728210e-07
3.085000000000000142e+01 8.741121209547436132e-07
3.089999999999999858e+01 7.982029817032758402e-07
3.094999999999999929e+01 7.340980860893181761e-07
3.100000000000000000e+01 6.200516107551047929e-07
3.105000000000000071e+01 5.579175566335943402e-07
3.110000000000000142e+01 5.131276644266999273e-07
3.114999999999999858e+01 5.539458457286235344e-07
3.119999999999999929e+01 4.873479249981475092e-07
3.125000000000000000e+01 4.927961038807023124e-07
3.130000000000000071e+01 3.852531635171864305e-07
3.135000000000000142e+01 3.235799746585069726e-07
3.139999999999999858e+01 1.583540337345405169e-07
3.144999999999999929e+01 8.209750300709504781e-08
3.150000000000000000e+01 -1.188276062201035864e-07
3.155000000000000071e+01 -2.004195599236760939e-07
3.160000000000000142e+01 -1.484048516727131696e-07
3.164999999999999858e+01 -1.660120477555770823e-07
3.169999999999999929e+01 -2.201090638751616601e-07
3.175000000000000000e+01 -3.258527274705553518e-07
3.180000000000000071e+01 -3.479367758659609888e-07
3.185000000000000142e+01 -4.035839441801419690e-07
3.189999999999999858e+01 -4.344467746456405672e-07
3.194999999999999929e+01 -3.682825002630453166e-07
3.200000000000000000e+01 -3.662840427864691581e-07
3.204999999999999716e+01 -2.510856427595970987e-07
3.210000000000000142e+01 -1.443468046061290404e-07
3.214999999999999858e+01 -7.823042886243179167e-08
3.220000000000000284e+01 -4.753945729601883422e-08
3.225000000000000000e+01 1.046900186264192115e-07
3.229999999999999716e+01 1.471054043874663568e-07
3.235000000000000142e+01 2.684771871127973056e-07
3.239999999999999858e+01 4.669646667575609420e-07
3.245000000000000284e+01 5.403184246349554427e-07
3.250000000000000000e+01 5.842773314103500820e-07
3.254999999999999716e+01 7.009251029888997800e-07
3.260000000000000142e+01 7.220249303175065343e-07
3.264999999999999858e+01 7.780102827083970865e-07
3.270000000000000284e+01 8.420000000000001546e-07
3.275000000000000000e+01 9.172567797514499494e-07
3.279999999999999716e+01 1.080266633752982260e-06
3.285000000000000142e+01 1.152043401960186530e-06
3.289999999999999858e+01 1.258025436944738420e-06
3.295000000000000284e+01 1.344148801286524003e-06
3.300000000000000000e+01 1.438200264219138599e-06
3.304999999999999716e+01 1.384052022143676519e-06
3.310000000000000142e+01 1.370210202852102417e-06
3.314999999999999858e+01 1.240362850137007301e-06
3.320000000000000284e+01 1.146342008302932504e-06
3.325000000000000000e+01 1.006643929103036931e-06
3.329999999999999716e+01 8.221970566719391189e-07
3.335000000000000142e+01 7.702596964660684168e-07
3.339999999999999858e+01 7.323004847738392635e-07
3.345000000000000284e+01 6.689693565478167395e-07
3.350000000000000000e+01 5.880850278658689815e-07
3.354999999999999716e+01 4.882130682396775156e-07
3.360000000000000142e+01 3.516930479836074112e-07
3.364999999999999858e+01 3.017614952242913006e-07
3.370000000000000284e+01 2.103806074713161179e-07
3.375000000000000000e+01 1.796218249545416401e-07
3.379999999999999716e+01 1.872431574183686755e-07
3.385000000000000142e+01 2.106086417980040844e-07
3.389999999999999858e+01 2.340939982143924805e-07
3.395000000000000284e+01 1.829644774266305435e-07
3.400000000000000000e+01 1.448033148791836218e-07
3.404999999999999716e+01 8.544003745317531041e-08
3.410000000000000142e+01 -1.203328716519305594e-07
3.414999999999999858e+01 -1.634870025414864785e-07
3.420000000000000284e+01 -2.745323296080081261e-07
3.425000000000000000e+01 -3.468832656672846464e-07
3.429999999999999716e+01 -3.915609786482815840e-07
3.435000000000000142e+01 -4.232115310338318566e-07
3.439999999999999858e+01 -4.557236004421978811e-07
3.445000000000000284e+01 -4.735271903491920887e-07
3.450000000000000000e+01 -4.540044052649710239e-07
3.454999999999999716e+01 -4.183252323252806397e-07
3.460000000000000142e+01 -3.508218921333159930e-07
3.464999999999999858e+01 -2.344781439708187189e-07
3.470000000000000284e+01 -6.082762530298218642e-08
3.475000000000000000e+01 1.340149245420076098e-07
3.479999999999999716e+01 3.817014540187134628e-07
3.485000000000000142e+01 5.547071299343464634e-07
3.489999999999999858e+01 7.960226127441355461e-07
3.495000000000000284e+01 9.220542283401773377e-07
3.500000000000000000e+01 1.064575032583424646e-06
3.504999999999999716e+01 1.124848434234586146e-06
3.510000000000000142e+01 1.198015024947516974e-06
3.514999999999999858e+01 1.228014657892974798e-06
3.520000000000000284e+01 1.242326849102119178e-06
3.525000000000000000e+01 1.354053174731332327e-06
3.529999999999999716e+01 1.487377557985866465e-06
3.535000000000000142e+01 1.534011733983804783e-06
3.539999999999999858e+01 1.664001201922642801e-06
3.545000000000000284e+01 1.725587436208318858e-06
3.550000000000000000e+01 1.642238715899731808e-06
3.554999999999999716e+01 1.522635872426497119e-06
3.560000000000000142e+01 1.338790498920574087e-06
3.564999999999999858e+01 1.006717438013268958e-06
3.570000000000000284e+01 6.407027391856538951e-07
3.575000000000000000e+01 3.518465574650404325e-07
3.579999999999999716e+01 1.768162888424027466e-07
3.585000000000000142e+01 -8.765842800324450076e-08
3.589999999999999858e+01 -2.514358765172544360e-07
3.595000000000000284e+01 -3.860051813123756818e-07
3.600000000000000000e+01 -4.514731442732778974e-07
3.604999999999999716e+01 -5.420332093147060232e-07
3.610000000000000142e+01 -6.509961597428973759e-07
3.614999999999999858e+01 -6.379623813360784117e-07
3.620000000000000284e+01 -6.183235399044742951e-07
3.625000000000000000e+01 -3.687817782917154357e-07
3.629999999999999716e+01 -1.948332620473208513e-07
3.635000000000000142e+01 1.503329637837290913e-07
3.639999999999999858e+01 3.421870833330796944e-07
3.645000000000000284e+01 4.078627220033721190e-07
3.650000000000000000e+01 5.160542607129602446e-07
3.654999999999999716e+01 4.349022878762538843e-07
3.660000000000000142e+01 4.268208054910163852e-07
3.664999999999999858e+01 2.585188581129044110e-07
3.670000000000000284e+01 1.741952927033334169e-07
3.675000000000000000e+01 1.828332573685651708e-07
3.679999999999999716e+01 1.640121946685672499e-07
3.685000000000000142e+01 1.500000000000000197e-07
3.689999999999999858e+01 7.399999999999998765e-08
3.695000000000000284e+01 9.818350166906864233e-08
3.700000000000000000e+01 7.717512552629896334e-08
3.704999999999999716e+01 1.140175425099137964e-07
3.710000000000000142e+01 9.570788891204317907e-08
3.714999999999999858e+01 1.157410903698422981e-07
3.720000000000000284e+01 3.200062499389660555e-07
3.725000000000000000e+01 5.934879948238210467e-07
3.729999999999999716e+01 7.922045190479539177e-07
3.735000000000000142e+01 9.740513333495314098e-07
3.739999999999999858e+01 1.166495606506942567e-06
3.745000000000000284e+01 1.137583403535758460e-06
3.750000000000000000e+01 1.240644993541665795e-06
3.754999999999999716e+01 1.268763177271471489e-06
3.760000000000000142e+01 1.248129800942193561e-06
3.764999999999999858e+01 1.151670091649514341e-06
3.770000000000000284e+01 1.206731121667126058e-06
3.775000000000000000e+01 1.104146729379750430e-06
3.779999999999999716e+01 1.076016728494496841e-06
3.785000000000000142e+01 1.116580494187499215e-06
3.789999999999999858e+01 1.074001862195778312e-06
3.795000000000000284e+01 9.160196504442466724e-07
3.800000000000000000e+01 8.699356298025733453e-07
3.804999999999999716e+01 7.908198277736843851e-07
3.810000000000000142e+01 6.464301973144509484e-07
3.814999999999999858e+01 4.830113870293328410e-07
3.820000000000000284e+01 4.173871104861768535e-07
3.825000000000000000e+01 3.671511950137163710e-07
3.829999999999999716e+01 2.714258646481576260e-07
3.835000000000000142e+01 1.783143292054791486e-07
3.839999999999999858e+01 1.258729518204765180e-07
3.845000000000000284e+01 -1.066208234820947101e-07
3.850000000000000000e+01 -1.091237829256298970e-07
3.854999999999999716e+01 -1.775049295090138956e-07
3.860000000000000142e+01 -2.882013185257833305e-07
3.864999999999999858e+01 -3.276217331008429828e-07
3.870000000000000284e+01 -3.701351104664349455e-07
3.875000000000000000e+01 -3.055552323230613373e-07
3.879999999999999716e+01 -3.100580590792634490e-07
3.885000000000000142e+01 -3.576870140220357108e-07
3.889999999999999858e+01 -2.631045419600353233e-07
3.895000000000000284e+01 -1.189285499785480580e-07
3.900000000000000000e+01 1.026255328853399908e-07
3.904999999999999716e+01 2.387383505011291786e-07
3.910000000000000142e+01 2.640000000000000346e-07
3.914999999999999858e+01 3.454851661070269469e-07
3.920000000000000284e+01 4.002099449039216556e-07
3.925000000000000000e+01 3.500685647126859940e-07
3.929999999999999716e+01 3.472981428110436056e-07
3.935000000000000142e+01 3.502056538664102731e-07
3.939999999999999858e+01 4.134005321718877675e-07
3.945000000000000284e+01 3.843019646059592683e-07
3.950000000000000000e+01 4.380182644593715933e-07
3.954999999999999716e+01 5.340037453052178636e-07
3.960000000000000142e+01 6.221575363201830756e-07
3.964999999999999858e+01 7.070219232810252841e-07
3.970000000000000284e+01 8.020623417166523340e-07
3.975000000000000000e+01 9.229561203004181893e-07
3.979999999999999716e+01 9.940080482571559253e-07
3.985000000000000142e+01 1.102045371116815520e-06
3.989999999999999858e+01 1.143999999999999974e-06
3.995000000000000284e+01 1.188814535577354229e-06
4.000000000000000000e+01 1.198135217744641667e-06
4.004999999999999716e+01 1.211204359305232958e-06
4.010000000000000142e+01 1.150062606991462752e-06
4.014999999999999858e+01 1.040030768775616644e-06
4.020000000000000284e+01 9.180196076337368308e-07
4.025000000000000000e+01 7.800102563428252399e-07
4.029999999999999716e+01 5.920844534354875359e-07
4.035000000000000142e+01 5.040158727659279978e-07
4.039999999999999858e+01 4.480401767698963404e-07
4.045000000000000284e+01 4.402908129861444650e-07
4.050000000000000000e+01 4.591862367275394970e-07
4.054999999999999716e+01 4.572657870429407403e-07
4.060000000000000142e+01 4.557060456039617508e-07
4.064999999999999858e+01 4.145986010589037573e-07
4.070000000000000284e+01 3.687655081484709494e-07
4.075000000000000000e+01 2.612967661491431380e-07
4.079999999999999716e+01 1.654690303349844185e-07
4.085000000000000142e+01 1.232396040240311485e-07
4.089999999999999858e+01 -8.459314393022645648e-08
4.095000000000000284e+01 -5.556977595779921255e-08
4.100000000000000000e+01 -1.164302366226230691e-07
4.104999999999999716e+01 -1.258729518204765180e-07
4.110000000000000142e+01 -1.266491215919005093e-07
4.114999999999999858e+01 -1.653239244634605035e-07
4.120000000000000284e+01 -1.552417469626002033e-07
4.125000000000000000e+01 -1.602248420189578444e-07
4.129999999999999716e+01 -1.995294464483876533e-07
4.135000000000000142e+01 -1.420422472365176104e-07
4.139999999999999858e+01 -3.104834939252005390e-08
4.145000000000000284e+01 1.181524439019354561e-07
4.150000000000000000e+01 2.702961338976197995e-07
4.154999999999999716e+01 4.218483139707921408e-07
4.160000000000000142e+01 4.868059161513959274e-07
4.164999999999999858e+01 5.550387373868601667e-07
4.170000000000000284e+01 4.931733974982835979e-07
4.175000000000000000e+01 4.040049504647189893e-07
4.179999999999999716e+01 2.433105012119287457e-07
4.185000000000000142e+01 1.403566884761820149e-07
4.189999999999999858e+01 9.234717104492155649e-08
4.195000000000000284e+01 1.256343901963152749e-07
4.200000000000000000e+01 2.107605276136876740e-07
4.204999999999999716e+01 4.080784238354191550e-07
4.210000000000000142e+01 5.546927077220323498e-07
4.214999999999999858e+01 7.809250924384488995e-07
4.220000000000000284e+01 9.385456834912194006e-07
4.225000000000000000e+01 1.064120293951769133e-06
4.229999999999999716e+01 1.096220780682431763e-06
4.235000000000000142e+01 1.142007005232454569e-06
4.239999999999999858e+01 1.172083614764748598e-06
4.245000000000000284e+01 1.137565822271397218e-06
4.250000000000000000e+01 1.124711518568206077e-06
4.254999999999999716e+01 1.131999999999999919e-06
4.260000000000000142e+01 1.052068438838462795e-06
4.264999999999999858e+01 9.293460066089485669e-07
4.270000000000000284e+01 7.807406739756805706e-07
4.275000000000000000e+01 6.675866984894171166e-07
4.279999999999999716e+01 6.092749789709076058e-07
4.285000000000000142e+01 4.929949289800048432e-07
4.289999999999999858e+01 4.644308344630015942e-07
4.295000000000000284e+01 5.327813810560573986e-07
4.300000000000000000e+01 5.440183820423719537e-07
4.304999999999999716e+01 5.771239035077303345e-07
4.310000000000000142e+01 5.801137819428185849e-07
4.314999999999999858e+01 5.425421642600692387e-07
4.320000000000000284e+01 4.200809445809223235e-07
4.325000000000000000e+01 3.238271143681455280e-07
4.329999999999999716e+01 1.204159457879229616e-07
4.335000000000000142e+01 -1.101453585041149139e-07
4.339999999999999858e+01 -1.418731828077455882e-07
4.345000000000000284e+01 -2.764706132665821137e-07
4.350000000000000000e+01 -3.275362575349483775e-07
4.354999999999999716e+01 -4.155237658666468457e-07
4.360000000000000142e+01 -3.564267105591274009e-07
4.364999999999999858e+01 -3.727733896082176000e-07
4.370000000000000284e+01 -2.865309756378880737e-07
4.375000000000000000e+01 -1.335215338437961658e-07
4.379999999999999716e+01 -7.247068372797376037e-08
4.385000000000000142e+01 4.118252056394800298e-08
4.389999999999999858e+01 9.832598842625482456e-08
4.395000000000000284e+01 2.879999999999999848e-07
4.400000000000000000e+01 3.682662080615054020e-07
4.404999999999999716e+01 3.505024964247758231e-07
4.410000000000000142e+01 5.023982484045898892e-07
4.414999999999999858e+01 5.449403637096448926e-07
4.420000000000000284e+01 5.637197885474662921e-07
4.425000000000000000e+01 5.127650534114040676e-07
4.429999999999999716e+01 4.460717431086617736e-07
4.435000000000000142e+01 4.056106507477337056e-07
4.439999999999999858e+01 3.867453942841466384e-07
4.445000000000000284e+01 4.263003635935583830e-07
4.450000000000000000e+01 4.180191383178525845e-07
4.454999999999999716e+01 6.123952971733208784e-07
4.460000000000000142e+01 7.763710453127422346e-07
4.464999999999999858e+01 9.947260929522255182e-07
4.470000000000000284e+01 1.100089087301569533e-06
4.475000000000000000e+01 1.266077406796282789e-06
4.479999999999999716e+01 1.318001517449809667e-06
4.485000000000000142e+01 1.356119463764162427e-06
4.489999999999999858e+01 1.214014826927579149e-06
4.495000000000000284e+01 1.084090402134434760e-06
4.500000000000000000e+01 9.748210092114345087e-07
4.504999999999999716e+01 9.701319497882749019e-07
4.510000000000000142e+01 8.771043267479643526e-07
4.514999999999999858e+01 8.764473743471423648e-07
4.520000000000000284e+01 7.907591289387687146e-07
4.525000000000000000e+01 7.760231955296181823e-07
4.529999999999999716e+01 6.295426911655794087e-07
4.535000000000000142e+01 5.837430941775670752e-07
4.539999999999999858e+01 4.951767361255979755e-07
4.545000000000000284e+01 4.195473751556550907e-07
4.550000000000000000e+01 3.794153397004396271e-07
4.554999999999999716e+01 2.883608850034970320e-07
4.560000000000000142e+01 2.087103255711130319e-07
4.564999999999999858e+01 1.442220510185595563e-07
4.570000000000000284e+01 5.946427498927402901e-08
4.575000000000000000e+01 -1.911334612253961022e-07
4.579999999999999716e+01 -2.782588722754406513e-07
4.585000000000000142e+01 -5.094035728182519150e-07
4.589999999999999858e+01 -5.606353538620267015e-07
4.595000000000000284e+01 -5.710131347000696759e-07
4.600000000000000000e+01 -5.551684429071955540e-07
4.604999999999999716e+01 -4.308317537043898529e-07
4.610000000000000142e+01 -2.811547616527239186e-07
4.614999999999999858e+01 -9.808159868191382878e-08
4.620000000000000284e+01 1.291200991325517848e-07
4.625000000000000000e+01 3.505024964247758231e-07
4.629999999999999716e+01 5.280151512977633935e-07
4.635000000000000142e+01 6.000033333240741634e-07
4.639999999999999858e+01 7.459999999999999302e-07
4.645000000000000284e+01 8.331170385966186550e-07
4.650000000000000000e+01 8.995754554232791352e-07
4.654999999999999716e+01 8.222432730037989400e-07
4.660000000000000142e+01 8.485304944431873123e-07
4.664999999999999858e+01 8.260871624713702711e-07
4.670000000000000284e+01 8.040945218069825670e-07
4.675000000000000000e+01 7.208023307398500638e-07
4.679999999999999716e+01 6.135796606798500873e-07
4.685000000000000142e+01 5.313605179160378999e-07
4.689999999999999858e+01 3.947302876648813413e-07
4.695000000000000284e+01 3.401470270338990001e-07
4.700000000000000000e+01 3.379999999999999826e-07
4.704999999999999716e+01 3.693995127230138133e-07
4.710000000000000142e+01 4.406222872256917389e-07
4.714999999999999858e+01 5.245493303779922910e-07
4.720000000000000284e+01 6.257060012497882774e-07
4.725000000000000000e+01 7.021823125086532648e-07
4.729999999999999716e+01 6.581094133956755029e-07
4.735000000000000142e+01 6.322024992041711731e-07
4.739999999999999858e+01 6.003332407921454010e-07
4.745000000000000284e+01 4.921991466875982642e-07
4.750000000000000000e+01 4.000799920015995594e-07
4.754999999999999716e+01 3.965047288494804310e-07
4.760000000000000142e+01 4.530298003443040600e-07
4.764999999999999858e+01 4.915648482143530686e-07
4.770000000000000284e+01 6.168306088384395138e-07
4.775000000000000000e+01 7.397972695272672498e-07
4.779999999999999716e+01 8.052726246433564104e-07
4.785000000000000142e+01 8.470655228493246836e-07
4.789999999999999858e+01 8.302337020381670655e-07
4.795000000000000284e+01 7.657675887630658229e-07
4.800000000000000000e+01 7.187767386330751849e-07
4.804999999999999716e+01 6.380282125423608364e-07
4.810000000000000142e+01 5.580573447236403202e-07
4.814999999999999858e+01 4.977750495956984074e-07
4.820000000000000284e+01 3.783384727991590166e-07
4.825000000000000000e+01 2.116034026191450538e-07
4.829999999999999716e+01 4.569463863518344625e-08
4.835000000000000142e+01 -1.765559401436270129e-07
4.839999999999999858e+01 -3.660874212534487018e-07
4.845000000000000284e+01 -4.645944468028002391e-07
4.850000000000000000e+01 -4.780041840821061353e-07
4.854999999999999716e+01 -3.755422745843668955e-07
4.860000000000000142e+01 -1.920520762709947870e-07
4.864999999999999858e+01 6.599999999999999543e-08
4.870000000000000284e+01 3.284935311387425104e-07
4.875000000000000000e+01 5.220153254455275186e-07
4.879999999999999716e+01 6.567800240567613354e-07
4.885000000000000142e+01 7.502452932208240402e-07
4.889999999999999858e+01 7.694985380103070068e-07
4.895000000000000284e+01 7.255894155788105642e-07
4.900000000000000000e+01 7.142800571204546058e-07
4.904999999999999716e+01 6.343153789716909918e-07
4.910000000000000142e+01 5.581755996100153502e-07
4.914999999999999858e+01 4.718304780321000049e-07
4.920000000000000284e+01 3.775341044197198910e-07
4.925000000000000000e+01 2.820070921094006660e-07
4.929999999999999716e+01 2.520396794157618068e-07
4.935000000000000142e+01 1.549322432549145211e-07
4.939999999999999858e+01 2.450550958458118369e-07
4.945000000000000284e+01 3.368857373056924325e-07
4.950000000000000000e+01 4.426511041441103651e-07
4.954999999999999716e+01 5.600035714171829654e-07
4.960000000000000142e+01 8.209750300709516163e-07
4.964999999999999858e+01 8.625218837803478150e-07
4.970000000000000284e+01 9.209581966625846707e-07
4.975000000000000000e+01 9.120548229136227993e-07
4.979999999999999716e+01 9.258596005874756736e-07
4.985000000000000142e+01 7.972578002127041545e-07
4.989999999999999858e+01 6.239390995922598640e-07
4.995000000000000284e+01 3.717472259479550393e-07
5.000000000000000000e+01 2.173384457476403641e-07
5.004999999999999716e+01 1.172006825918688938e-07
5.010000000000000142e+01 -9.176055797563570109e-08
5.014999999999999858e+01 -1.281405478371307949e-07
5.020000000000000284e+01 1.514331535694875434e-07
5.025000000000000000e+01 2.414953415699772837e-07
5.029999999999999716e+01 3.056599417653547213e-07
5.035000000000000142e+01 4.950474724710752203e-07
5.039999999999999858e+01 5.192494583531118231e-07
5.045000000000000284e+01 5.544366510251645099e-07
5.050000000000000000e+01 5.988154974614469087e-07
5.054999999999999716e+01 5.164261805911857317e-07
5.060000000000000142e+01 5.402999167129307444e-07
5.064999999999999858e+01 4.920162598939185666e-07
5.070000000000000284e+01 5.434740104181615543e-07
5.075000000000000000e+01 5.861672116384538979e-07
5.079999999999999716e+01 6.342554690343631122e-07
5.085000000000000142e+01 5.247475583554438962e-07
5.089999999999999858e+01 4.765920687548210153e-07
5.095000000000000284e+01 4.063988188959215051e-07
5.100000000000000000e+01 4.313420916163874751e-07
5.104999999999999716e+01 5.421328250530492783e-07
5.110000000000000142e+01 6.162629308988168639e-07
5.114999999999999858e+01 7.260247929650887510e-07
5.120000000000000284e+01 8.949860334105777858e-07
5.125000000000000000e+01 1.070315841235660573e-06
5.129999999999999716e+01 1.156062282059232388e-06
5.135000000000000142e+01 9.789892747114241573e-07
5.139999999999999858e+01 8.772069311171680451e-07
5.145000000000000284e+01 7.002856560004638012e-07
5.150000000000000000e+01 5.345390537650172087e-07
5.154999999999999716e+01 3.490444097819072971e-07
5.160000000000000142e+01 2.040392119177095775e-07
5.164999999999999858e+01 2.884441020371191523e-08
5.170000000000000284e+01 5.632051136131487203e-08
5.175000000000000000e+01 -5.047771785649585000e-08
5.179999999999999716e+01 4.204759208325720702e-08
5.185000000000000142e+01 8.508818954473057894e-08
5.189999999999999858e+01 8.944271909999159293e-08
5.195000000000000284e+01 1.859462287867113597e-07
5.200000000000000000e+01 2.343501653509124295e-07
5.204999999999999716e+01 2.650056603169071548e-07
5.210000000000000142e+01 3.032160945596391717e-07
5.214999999999999858e+01 3.049721298741903630e-07
5.220000000000000284e+01 4.124851512478963640e-07
5.225000000000000000e+01 3.968727755843174076e-07
5.229999999999999716e+01 2.574723286102799490e-07
5.235000000000000142e+01 2.637347151969190639e-07
5.239999999999999858e+01 2.061552812808830296e-07
5.245000000000000284e+01 1.404279174523356664e-07
5.250000000000000000e+01 1.271219886565656259e-07
5.254999999999999716e+01 9.963934965664919491e-08
5.260000000000000142e+01 1.237093367535369087e-07
5.264999999999999858e+01 2.432611765161058040e-07
5.270000000000000284e+01 3.708638564217332958e-07
5.275000000000000000e+01 4.893260671576776467e-07
5.279999999999999716e+01 6.621480197055640426e-07
5.285000000000000142e+01 6.921040384219703674e-07
5.289999999999999858e+01 6.385295607879089685e-07
5.295000000000000284e+01 6.140521150521345787e-07
5.300000000000000000e+01 4.394769618535197399e-07
5.304999999999999716e+01 3.476147292621530733e-07
5.310000000000000142e+01 1.900105260242179104e-07
5.314999999999999858e+01 1.749285568453590199e-07
5.320000000000000284e+01 1.528005235593124348e-07
5.325000000000000000e+01 2.422973379961076430e-07
5.329999999999999716e+01 3.646642291204334464e-07
5.335000000000000142e+01 4.871878487811451519e-07
5.339999999999999858e+01 6.365312246857965623e-07
5.345000000000000284e+01 7.221772635579161938e-07
5.350000000000000000e+01 8.290645330732704868e-07
5.354999999999999716e+01 8.580209787645054191e-07
5.360000000000000142e+01 9.340535316565106471e-07
5.364999999999999858e+01 9.555270796790638513e-07
5.370000000000000284e+01 1.014126224885245571e-06
5.375000000000000000e+01 9.960722865334623353e-07
5.379999999999999716e+01 1.004286811623054117e-06
5.385000000000000142e+01 8.765842800324451135e-07
5.389999999999999858e+01 7.402188865464053131e-07
5.395000000000000284e+01 5.480036496228834510e-07
5.400000000000000000e+01 3.683476618630828171e-07
5.404999999999999716e+01 2.236515146382872166e-07
5.410000000000000142e+01 2.155736533067062962e-07
5.414999999999999858e+01 2.973550066839299241e-07
5.420000000000000284e+01 3.494967811010567174e-07
5.425000000000000000e+01 4.973047355495420690e-07
5.429999999999999716e+01 5.954829972383761430e-07
5.435000000000000142e+01 6.933426281428251510e-07
5.439999999999999858e+01 6.846897107449477214e-07
5.445000000000000284e+01 6.480493808345162987e-07
5.450000000000000000e+01 5.346400658386912602e-07
5.454999999999999716e+01 4.047122434520606494e-07
5.460000000000000142e+01 3.512947480393067583e-07
5.464999999999999858e+01 2.653450583674020728e-07
5.470000000000000284e+01 1.639999999999999862e-07
5.475000000000000000e+01 6.578753681359411561e-08
5.479999999999999716e+01 -8.731551981177229049e-08
5.485000000000000142e+01 -6.800000000000000010e-08
5.489999999999999858e+01 -1.770197729068704778e-07
5.495000000000000284e+01 -1.918019812202157778e-07
5.500000000000000000e+01 -1.363084736911098789e-07
5.504999999999999716e+01 -1.080710765754100611e-08
5.510000000000000142e+01 1.761476653265662993e-07
5.514999999999999858e+01 3.232150986572254742e-07
5.520000000000000284e+01 5.043371887933707551e-07
5.525000000000000000e+01 6.465230080979331033e-07
5.529999999999999716e+01 7.009251029888999917e-07
5.535000000000000142e+01 6.980028653236317479e-07
5.539999999999999858e+01 6.767569726275451186e-07
5.545000000000000284e+01 5.539133506244455438e-07
5.550000000000000000e+01 4.887371481686245118e-07
5.554999999999999716e+01 4.008241509689754412e-07
5.560000000000000142e+01 3.100258053775523965e-07
5.564999999999999858e+01 2.360762588656470376e-07
5.570000000000000284e+01 2.184765433633551791e-07
5.575000000000000000e+01 3.003065100859453226e-07
5.579999999999999716e+01 3.456761490181236090e-07
5.585000000000000142e+01 4.954593827954013119e-07
5.589999999999999858e+01 6.271522941040717198e-07
5.595000000000000284e+01 7.920025252484994016e-07
5.600000000000000000e+01 9.021086409075128062e-07
5.604999999999999716e+01 9.796019599817062322e-07
5.610000000000000142e+01 9.540020964337552748e-07
5.614999999999999858e+01 9.624073981428032278e-07
5.620000000000000284e+01 9.340770846134700382e-07
5.625000000000000000e+01 8.920201791439473504e-07
5.629999999999999716e+01 7.743125983735509571e-07
5.635000000000000142e+01 6.680748461063326274e-07
5.639999999999999858e+01 6.080822312812635066e-07
5.645000000000000284e+01 4.647106626708709552e-07
5.650000000000000000e+01 3.108504463564432539e-07
5.654999999999999716e+01 2.020396000787964107e-07
5.660000000000000142e+01 1.572768260107000016e-07
5.664999999999999858e+01 2.074608396782390329e-07
5.670000000000000284e+01 1.620863967148384675e-07
5.675000000000000000e+01 2.089593261857436348e-07
5.679999999999999716e+01 3.187098994383450334e-07
5.685000000000000142e+01 3.506565271030898846e-07
5.689999999999999858e+01 3.420409332229111797e-07
5.695000000000000284e+01 2.700074073057996308e-07
5.700000000000000000e+01 3.398411393577887884e-07
5.704999999999999716e+01 2.051828452868318905e-07
5.710000000000000142e+01 1.100181803158005286e-07
5.714999999999999858e+01 -2.416609194718913920e-08
5.720000000000000284e+01 -7.496665925596526290e-08
5.725000000000000000e+01 -9.062008607367353057e-08
5.729999999999999716e+01 -8.504116650187720577e-08
5.735000000000000142e+01 4.967896939349687596e-08
5.739999999999999858e+01 1.176435293588219267e-07
5.745000000000000284e+01 3.465544690232691082e-07
5.750000000000000000e+01 4.380410939626555564e-07
5.754999999999999716e+01 6.529931086925803249e-07
5.760000000000000142e+01 7.800410245621699414e-07
5.764999999999999858e+01 8.747411045560851677e-07
5.770000000000000284e+01 9.400340419367800338e-07
5.775000000000000000e+01 9.501705110136811620e-07
5.779999999999999716e+01 9.003754772315825902e-07
5.785000000000000142e+01 8.065581194185575688e-07
5.789999999999999858e+01 6.094489314126328228e-07
5.795000000000000284e+01 5.861228540161184943e-07
5.800000000000000000e+01 4.522167621838005006e-07
5.804999999999999716e+01 3.060065358779122769e-07
5.810000000000000142e+01 2.061552812808830296e-07
5.814999999999999858e+01 2.324220299369231153e-07
5.820000000000000284e+01 1.003194896318756204e-07
5.825000000000000000e+01 3.052867504494749951e-08
5.829999999999999716e+01 8.590692637965811262e-08
5.835000000000000142e+01 2.560078123807943865e-07
5.839999999999999858e+01 3.861295119516248968e-07
5.845000000000000284e+01 4.763402145525821904e-07
5.850000000000000000e+01 5.440588203494177373e-07
5.854999999999999716e+01 6.080000000000000445e-07
5.860000000000000142e+01 5.463661775769068252e-07
5.864999999999999858e+01 5.075785653472770287e-07
5.870000000000000284e+01 4.666861900678013364e-07
5.875000000000000000e+01 2.885619517538651673e-07
5.879999999999999716e+01 3.173452378719429156e-07
5.885000000000000142e+01 2.871793864468688055e-07
5.889999999999999858e+01 3.255579825468882486e-07
5.895000000000000284e+01 4.109939172299269057e-07
5.900000000000000000e+01 5.530497265165222838e-07
5.904999999999999716e+01 6.258434308994543333e-07
5.910000000000000142e+01 6.904201619304002189e-07
5.914999999999999858e+01 7.447764765350742640e-07
5.920000000000000284e+01 8.307875781449793161e-07
5.925000000000000000e+01 9.145315740858814807e-07
5.929999999999999716e+01 9.432221371447980269e-07
5.935000000000000142e+01 9.262137982129179240e-07
5.939999999999999858e+01 8.808200724325031409e-07
5.945000000000000284e+01 8.219099707388880980e-07
5.950000000000000000e+01 6.287670474826110174e-07
5.954999999999999716e+01 4.108138264469685587e-07
5.960000000000000142e+01 2.012958022413780801e-07
5.964999999999999858e+01 -6.440496875241847011e-08
5.970000000000000284e+01 -1.227028932014237393e-07
5.975000000000000000e+01 -1.259999999999999901e-07
5.979999999999999716e+01 -1.146298390472567884e-07
5.985000000000000142e+01 2.340939982143925070e-08
5.989999999999999858e+01 1.751456536714514188e-07
5.995000000000000284e+01 4.221705816373281476e-07
6.000000000000000000e+01 5.803343863670323837e-07
6.004999999999999716e+01 7.900227844815617524e-07
6.010000000000000142e+01 7.963617268553279207e-07
6.014999999999999858e+01 8.201195034871442235e-07
6.020000000000000284e+01 7.640235598461607428e-07
6.025000000000000000e+01 7.105378244681982058e-07
6.029999999999999716e+01 5.689006943219528243e-07
6.035000000000000142e+01 4.282662723119811196e-07
6.039999999999999858e+01 2.240357114390471328e-07
6.045000000000000284e+01 7.334848328356899643e-08
6.050000000000000000e+01 -6.802940540677979738e-08
6.054999999999999716e+01 -1.444991349455075274e-07
6.060000000000000142e+01 -1.230447073221762047e-07
6.064999999999999858e+01 -7.641989269817120551e-08
6.070000000000000284e+01 8.000000000000000167e-08
6.075000000000000000e+01 2.149790687485644315e-07
6.079999999999999716e+01 4.532284192325101982e-07
6.085000000000000142e+01 6.802940540677978944e-07
6.089999999999999858e+01 8.465317477803181260e-07
6.095000000000000284e+01 8.979376370327730383e-07
6.100000000000000000e+01 9.942434309564231654e-07
6.104999999999999716e+01 9.762048965253146323e-07
6.110000000000000142e+01 8.909141372769880855e-07
6.114999999999999858e+01 7.622624220043907497e-07
6.120000000000000284e+01 6.042681523959374683e-07
6.125000000000000000e+01 3.638296304590927878e-07
6.129999999999999716e+01 2.313525448314757651e-07
6.135000000000000142e+01 1.481890684227416101e-07
6.139999999999999858e+01 2.163330765278393477e-08
6.145000000000000284e+01 9.303762679690406399e-08
6.150000000000000000e+01 1.892828571212934759e-07
6.154999999999999716e+01 3.527321930303498492e-07
6.160000000000000142e+01 4.992233968876058024e-07
6.164999999999999858e+01 5.721887800367987759e-07
6.170000000000000284e+01 6.791789160449549596e-07
6.175000000000000000e+01 6.825042124412126425e-07
6.179999999999999716e+01 6.741068164616049876e-07
6.185000000000000142e+01 6.899623178116323232e-07
6.189999999999999858e+01 7.025695695089561532e-07
6.195000000000000284e+01 6.677274893247992914e-07
6.200000000000000000e+01 5.620569366176348732e-07
6.204999999999999716e+01 4.722711085806540842e-07
6.210000000000000142e+01 2.741824210265858015e-07
6.214999999999999858e+01 1.647543626129517762e-07
6.220000000000000284e+01 7.823042886243179167e-08
6.225000000000000000e+01 8.944271909999160616e-09
6.229999999999999716e+01 9.633275663033834278e-08
6.235000000000000142e+01 2.014348529922267253e-07
6.239999999999999858e+01 3.880670045237033632e-07
6.245000000000000284e+01 5.156316514722501163e-07
6.250000000000000000e+01 7.000457127931005412e-07
6.254999999999999716e+01 7.480106951107050017e-07
6.260000000000000142e+01 7.795203653529522585e-07
6.264999999999999858e+01 7.542148235085279831e-07
6.270000000000000284e+01 6.574739538567287381e-07
6.275000000000000000e+01 4.865757906020396603e-07
6.279999999999999716e+01 3.399117532536937633e-07
6.285000000000000142e+01 1.681903683330290928e-07
6.289999999999999858e+01 7.334848328356899643e-08
6.295000000000000284e+01 5.047771785649584338e-08
6.300000000000000000e+01 2.778488797889960627e-08
6.304999999999999716e+01 5.993329625508679088e-08
6.310000000000000142e+01 1.533231880701676762e-07
6.314999999999999858e+01 2.083458662896866926e-07
6.320000000000000284e+01 3.047950130825634692e-07
6.325000000000000000e+01 4.262440615422107750e-07
6.329999999999999716e+01 4.967896939349687728e-07
6.335000000000000142e+01 5.925706708908230287e-07
6.339999999999999858e+01 6.664322921347674106e-07
6.345000000000000284e+01 7.326144961710763536e-07
6.350000000000000000e+01 7.562433470781742248e-07
6.354999999999999716e+01 6.024018592268787424e-07
6.360000000000000142e+01 5.500581787411219047e-07
6.364999999999999858e+01 4.495019466031265410e-07
6.370000000000000284e+01 3.800894631530845508e-07
6.375000000000000000e+01 2.809270367906940428e-07
6.379999999999999716e+01 1.929248558377069214e-07
6.385000000000000142e+01 2.343501653509124295e-07
6.389999999999999858e+01 3.124355933628561680e-07
6.395000000000000284e+01 4.084311447478019580e-07
6.400000000000000000e+01 4.562148616605996038e-07
6.404999999999999716e+01 5.411173625009642730e-07
6.409999999999999432e+01 6.067421198499408669e-07
6.415000000000000568e+01 6.554784512094962185e-07
6.420000000000000284e+01 6.007495318350235243e-07
6.425000000000000000e+01 5.204651765488253883e-07
6.429999999999999716e+01 4.421131076998283891e-07
6.434999999999999432e+01 4.219004621945796354e-07
6.440000000000000568e+01 3.062352037241962664e-07
6.445000000000000284e+01 2.438524143821422212e-07
6.450000000000000000e+01 2.922464713217252915e-07
6.454999999999999716e+01 3.220248437620923373e-07
6.459999999999999432e+01 3.577988261579403217e-07
6.465000000000000568e+01 4.028697059844534507e-07
6.470000000000000284e+01 4.565303932927138031e-07
6.475000000000000000e+01 4.366463099580712246e-07
6.479999999999999716e+01 5.281363460319693491e-07
6.484999999999999432e+01 5.939999999999999456e-07
6.490000000000000568e+01 6.991451923599275262e-07
6.495000000000000284e+01 8.660000000000000519e-07
6.500000000000000000e+01 8.646687226909504996e-07
6.504999999999999716e+01 9.600083332971645354e-07
6.509999999999999432e+01 8.126302972446941172e-07
6.515000000000000568e+01 6.840029239703583495e-07
6.520000000000000284e+01 5.740871014053529571e-07
6.525000000000000000e+01 2.641211843075068599e-07
6.529999999999999716e+01 1.513274595042155655e-07
6.534999999999999432e+01 1.027034566117421397e-07
6.540000000000000568e+01 1.102179658676388436e-07
6.545000000000000284e+01 2.397081558896150914e-07
6.550000000000000000e+01 4.032716206231228954e-07
6.554999999999999716e+01 3.959040287746514325e-07
6.559999999999999432e+01 5.475216890681135797e-07
6.565000000000000568e+01 5.410693116413090285e-07
6.570000000000000284e+01 5.718531279970407778e-07
6.575000000000000000e+01 6.101606345873191221e-07
6.579999999999999716e+01 4.862016042754281098e-07
6.584999999999999432e+01 4.572001749780942893e-07
6.590000000000000568e+01 5.269838707209169750e-07
6.595000000000000284e+01 4.094972527380372687e-07
6.600000000000000000e+01 3.728484946999250261e-07
6.604999999999999716e+01 3.244996147917590215e-07
6.609999999999999432e+01 2.588049458569136455e-07
6.615000000000000568e+01 1.967434878210711988e-07
6.620000000000000284e+01 1.430104891257980065e-07
6.625000000000000000e+01 1.613071604114336821e-07
6.629999999999999716e+01 2.376552124402071993e-07
6.634999999999999432e+01 2.915681738461864433e-07
6.640000000000000568e+01 4.599217324719500173e-07
6.645000000000000284e+01 6.195643630810280931e-07
6.650000000000000000e+01 7.623647421018367610e-07
6.654999999999999716e+01 7.752496372137171762e-07
6.659999999999999432e+01 7.542148235085280890e-07
6.665000000000000568e+01 7.631566025397409030e-07
6.670000000000000284e+01 6.991223068962969427e-07
6.675000000000000000e+01 5.400333323045903106e-07
6.679999999999999716e+01 4.880655693654286177e-07
6.684999999999999432e+01 4.124851512478964699e-07
6.690000000000000568e+01 2.888390555309306250e-07
6.695000000000000284e+01 2.761014306373655484e-07
6.700000000000000000e+01 2.760652096878561810e-07
6.704999999999999716e+01 2.661803899613944655e-07
6.709999999999999432e+01 2.792131802046601715e-07
6.715000000000000568e+01 4.638965401897280352e-07
6.720000000000000284e+01 5.189874757641073791e-07
6.725000000000000000e+01 5.680563352344555555e-07
6.729999999999999716e+01 6.802381935763384937e-07
6.734999999999999432e+01 7.066371062999734002e-07
6.740000000000000568e+01 7.561296185178834869e-07
6.745000000000000284e+01 7.260440757970551648e-07
6.750000000000000000e+01 7.225427323003117934e-07
6.754999999999999716e+01 7.367849075544368205e-07
6.759999999999999432e+01 4.987865274844539657e-07
6.765000000000000568e+01 4.525483399593904606e-07
6.770000000000000284e+01 2.687452325158532126e-07
6.775000000000000000e+01 1.452308507170566386e-07
6.779999999999999716e+01 2.236067977499789823e-08
6.784999999999999432e+01 -3.492849839314596180e-08
6.790000000000000568e+01 -7.488658090739622013e-08
6.795000000000000284e+01 9.002221947941478247e-08
6.800000000000000000e+01 1.468196172178636511e-07
6.804999999999999716e+01 2.143081892975627403e-07
6.809999999999999432e+01 3.056010471186248696e-07
6.815000000000000568e+01 3.801894264705424730e-07
6.820000000000000284e+01 4.061625290447162399e-07
6.825000000000000000e+01 4.267083312990267921e-07
6.829999999999999716e+01 4.360275220671282395e-07
6.834999999999999432e+01 4.540704791108975034e-07
6.840000000000000568e+01 3.929987277333095359e-07
6.845000000000000284e+01 3.841301862650213881e-07
6.850000000000000000e+01 3.327942307192238241e-07
6.854999999999999716e+01 3.232150986572254213e-07
6.859999999999999432e+01 3.263004750226392115e-07
6.865000000000000568e+01 3.392992779243717127e-07
6.870000000000000284e+01 4.400181814425399978e-07
6.875000000000000000e+01 5.265472438442726965e-07
6.879999999999999716e+01 6.169246307289085463e-07
6.884999999999999432e+01 7.220221603247369237e-07
6.890000000000000568e+01 8.130190649671137407e-07
6.895000000000000284e+01 9.214683933809124097e-07
6.900000000000000000e+01 8.810993133580346506e-07
6.904999999999999716e+01 9.083171252376561865e-07
6.909999999999999432e+01 8.641134184816250357e-07
6.915000000000000568e+01 7.880634492222056419e-07
6.920000000000000284e+01 6.943486156103430623e-07
6.925000000000000000e+01 5.792477880838217701e-07
6.929999999999999716e+01 4.341658669218482061e-07
6.934999999999999432e+01 3.150872894929276577e-07
6.940000000000000568e+01 1.848783383741859412e-07
6.945000000000000284e+01 6.092618484691127048e-08
6.950000000000000000e+01 1.843908891458577575e-08
6.954999999999999716e+01 2.408318915758458900e-08
6.959999999999999432e+01 8.609297300012354443e-08
6.965000000000000568e+01 1.643045951883269508e-07
6.970000000000000284e+01 2.527686689445509953e-07
6.975000000000000000e+01 3.160253154416589172e-07
6.979999999999999716e+01 3.462080299473136261e-07
6.984999999999999432e+01 3.847492690051535034e-07
6.990000000000000568e+01 3.693886841796862789e-07
6.995000000000000284e+01 2.880069443607219257e-07
7.000000000000000000e+01 3.302605032394881554e-07
7.004999999999999716e+01 3.866212617019399873e-07
7.009999999999999432e+01 3.645600087777045240e-07
7.015000000000000568e+01 3.629269899029280867e-07
7.020000000000000284e+01 3.434472302989209235e-07
7.025000000000000000e+01 4.192278616695220514e-07
7.029999999999999716e+01 4.397317364030028494e-07
7.034999999999999432e+01 4.268208054910163852e-07
7.040000000000000568e+01 5.321090113877043745e-07
7.045000000000000284e+01 6.188279243860929465e-07
7.050000000000000000e+01 6.607753022018905904e-07
7.054999999999999716e+01 6.955889590843144331e-07
7.059999999999999432e+01 8.082103686541022085e-07
7.065000000000000568e+01 8.481249907885040255e-07
7.070000000000000284e+01 7.604446067926314931e-07
7.075000000000000000e+01 7.100704190430693385e-07
7.079999999999999716e+01 5.875031914806931245e-07
7.084999999999999432e+01 4.987865274844540716e-07
7.090000000000000568e+01 3.493136126749142335e-07
7.095000000000000284e+01 2.260353954583220126e-07
7.100000000000000000e+01 1.660000000000000041e-07
7.104999999999999716e+01 2.144108206224676605e-07
7.109999999999999432e+01 3.388923132796021467e-07
7.115000000000000568e+01 5.346325841173543702e-07
7.120000000000000284e+01 7.009251029888998859e-07
7.125000000000000000e+01 7.584457792090347676e-07
7.129999999999999716e+01 7.560026454980167331e-07
7.134999999999999432e+01 9.021418957126423248e-07
7.140000000000000568e+01 8.567566749083428418e-07
7.145000000000000284e+01 7.927294620486864868e-07
7.150000000000000000e+01 7.692593840831582369e-07
7.154999999999999716e+01 6.232848465990490266e-07
7.159999999999999432e+01 5.727442710320200824e-07
7.165000000000000568e+01 3.466987164671943118e-07
7.170000000000000284e+01 2.360762588656470640e-07
7.175000000000000000e+01 1.041729331448433331e-07
7.179999999999999716e+01 -3.130495168499704892e-08
7.184999999999999432e+01 -7.696752561957542016e-08
7.190000000000000568e+01 -1.122853507809455855e-07
7.195000000000000284e+01 6.105735008989499901e-08
7.200000000000000000e+01 1.736663467687392824e-07
7.204999999999999716e+01 2.396330528120025655e-07
7.209999999999999432e+01 4.228001892147163917e-07
7.215000000000000568e+01 4.786021312113016449e-07
7.220000000000000284e+01 6.125520386057008168e-07
7.225000000000000000e+01 6.182070850451327101e-07
7.229999999999999716e+01 6.480030864124028224e-07
7.234999999999999432e+01 6.536206851071958798e-07
7.240000000000000568e+01 5.506142025048028651e-07
7.245000000000000284e+01 4.341151920861558519e-07
7.250000000000000000e+01 2.887836560472216069e-07
7.254999999999999716e+01 2.213052190979688720e-07
7.259999999999999432e+01 1.511687798455752442e-07
7.265000000000000568e+01 1.261427762497718063e-07
7.270000000000000284e+01 2.178072542409917073e-07
7.275000000000000000e+01 2.093513792646229442e-07
7.279999999999999716e+01 4.249517619683438271e-07
7.284999999999999432e+01 4.894772721996395944e-07
7.290000000000000568e+01 5.799999999999999526e-07
7.295000000000000284e+01 6.138794669965757774e-07
7.300000000000000000e+01 7.325353233803815276e-07
7.304999999999999716e+01 8.130854813609698162e-07
7.309999999999999432e+01 8.301710667085430379e-07
7.315000000000000568e+01 8.234002671847999743e-07
7.320000000000000284e+01 8.504610514303403903e-07
7.325000000000000000e+01 6.680119759405515538e-07
7.329999999999999716e+01 5.820309270133332041e-07
7.334999999999999432e+01 4.821493544535758717e-07
7.340000000000000568e+01 2.875691221254465505e-07
7.345000000000000284e+01 2.061552812808830561e-07
7.350000000000000000e+01 2.189155088156159278e-07
7.354999999999999716e+01 1.739540169125162726e-07
7.359999999999999432e+01 2.868449058289165518e-07
7.365000000000000568e+01 3.427068718307235476e-07
7.370000000000000284e+01 4.801499765698212854e-07
7.375000000000000000e+01 5.008991914547278069e-07
7.379999999999999716e+01 5.276741418716668352e-07
7.384999999999999432e+01 5.940134678607884315e-07
7.390000000000000568e+01 6.181585557120439241e-07
7.395000000000000284e+01 5.343032846614365551e-07
7.400000000000000000e+01 4.860041152089146239e-07
7.404999999999999716e+01 3.240061727807049056e-07
7.409999999999999432e+01 2.330407689654323054e-07
7.415000000000000568e+01 1.760113632695344007e-07
7.420000000000000284e+01 8.944271909999159293e-08
7.425000000000000000e+01 8.551023330572778169e-08
7.429999999999999716e+01 7.992496481075232693e-08
7.434999999999999432e+01 9.848857801796104958e-08
7.440000000000000568e+01 2.480725700274014389e-07
7.445000000000000284e+01 3.244996147917590215e-07
7.450000000000000000e+01 3.844216435113923053e-07
7.454999999999999716e+01 4.947928859634100154e-07
7.459999999999999432e+01 5.397480893898559687e-07
7.465000000000000568e+01 5.622277118748239204e-07
7.470000000000000284e+01 6.360786114938939591e-07
7.475000000000000000e+01 6.103965923889155338e-07
7.479999999999999716e+01 5.866856057549049983e-07
7.484999999999999432e+01 5.141400587388615678e-07
7.490000000000000568e+01 4.516015943284522247e-07
7.495000000000000284e+01 4.219004621945796354e-07
7.500000000000000000e+01 3.560337062695048032e-07
7.504999999999999716e+01 3.221552420805845106e-07
7.509999999999999432e+01 3.949936708353691883e-07
7.515000000000000568e+01 3.705401462729781071e-07
7.520000000000000284e+01 4.790699322645911551e-07
7.525000000000000000e+01 5.185903971343857982e-07
7.529999999999999716e+01 6.222603956544236554e-07
7.534999999999999432e+01 6.137263233722340613e-07
7.540000000000000568e+01 6.700268651330332824e-07
7.545000000000000284e+01 6.820469192071760434e-07
7.550000000000000000e+01 6.706713054842886311e-07
7.554999999999999716e+01 5.793271959782313390e-07
7.559999999999999432e+01 5.489335114565333515e-07
7.565000000000000568e+01 4.502177251064200252e-07
7.570000000000000284e+01 4.100780413531063479e-07
7.575000000000000000e+01 4.362247127341595248e-07
7.579999999999999716e+01 3.892968019390861201e-07
7.584999999999999432e+01 3.442847658552436446e-07
7.590000000000000568e+01 4.022039283746492864e-07
7.595000000000000284e+01 3.225027131668816675e-07
7.600000000000000000e+01 3.363628992620916444e-07
7.604999999999999716e+01 3.758989225842499534e-07
7.609999999999999432e+01 4.115580153514203775e-07
7.615000000000000568e+01 4.434636399976890798e-07
7.620000000000000284e+01 5.512640020897429153e-07
7.625000000000000000e+01 4.905547879697027031e-07
7.629999999999999716e+01 5.519999999999999666e-07
7.634999999999999432e+01 4.858188962977871488e-07
7.640000000000000568e+01 3.529589211225578942e-07
7.645000000000000284e+01 3.150745943423556993e-07
7.650000000000000000e+01 1.872431574183686755e-07
7.654999999999999716e+01 9.709788875150685219e-08
7.659999999999999432e+01 1.343726162579266063e-07
7.665000000000000568e+01 1.309809146402635020e-07
7.670000000000000284e+01 1.709502851708648166e-07
7.675000000000000000e+01 2.527686689445509953e-07
7.679999999999999716e+01 3.319578286469533080e-07
7.684999999999999432e+01 3.790514476954282945e-07
7.690000000000000568e+01 4.173871104861768535e-07
7.695000000000000284e+01 4.921544473028765963e-07
7.700000000000000000e+01 5.448853090330110256e-07
7.704999999999999716e+01 5.296678204308810387e-07
7.709999999999999432e+01 5.565177445508813026e-07
7.715000000000000568e+01 5.510716831774246970e-07
7.720000000000000284e+01 5.703753150338818488e-07
7.725000000000000000e+01 4.957822102496217010e-07
7.729999999999999716e+01 4.904936289086739421e-07
7.734999999999999432e+01 5.537508465004815835e-07
7.740000000000000568e+01 4.747125445993607359e-07
7.745000000000000284e+01 4.589814811078982035e-07
7.750000000000000000e+01 5.122538433237958292e-07
7.754999999999999716e+01 5.024937810560445165e-07
7.759999999999999432e+01 5.720559413204272122e-07
7.765000000000000568e+01 6.042118833654299022e-07
7.770000000000000284e+01 7.466029734738536960e-07
7.775000000000000000e+01 7.540000000000000019e-07
7.779999999999999716e+01 7.929110921156293824e-07
7.784999999999999432e+01 7.650464038213629386e-07
7.790000000000000568e+01 6.862914832634892051e-07
7.795000000000000284e+01 6.660750708441203744e-07
7.800000000000000000e+01 5.600321419347285483e-07
7.804999999999999716e+01 4.991592932120967925e-07
7.809999999999999432e+01 4.329064564083099411e-07
7.815000000000000568e+01 2.879999999999999848e-07
7.820000000000000284e+01 3.160569568922664737e-07
7.825000000000000000e+01 2.982415128716993752e-07
7.829999999999999716e+01 2.959594566828368246e-07
7.834999999999999432e+01 3.203061035946708488e-07
7.840000000000000568e+01 3.736361866843199144e-07
7.845000000000000284e+01 4.270550315825818378e-07
7.850000000000000000e+01 5.487148622007608401e-07
7.854999999999999716e+01 5.363021536410234497e-07
7.859999999999999432e+01 5.623557592841031446e-07
7.865000000000000568e+01 5.641276451300715872e-07
7.870000000000000284e+01 5.791200221024998679e-07
7.875000000000000000e+01 4.924063362711735185e-07
7.879999999999999716e+01 4.485398533017997593e-07
7.884999999999999432e+01 3.962473974677941138e-07
7.890000000000000568e+01 4.137487160100923547e-07
7.895000000000000284e+01 2.540314941104744032e-07
7.900000000000000000e+01 1.571750616351080162e-07
7.904999999999999716e+01 6.675327707311454848e-08
7.909999999999999432e+01 9.486832980505137573e-08
7.915000000000000568e+01 1.001798382909455561e-07
7.920000000000000284e+01 1.102905254316979009e-07
7.925000000000000000e+01 2.302433495239329983e-07
7.929999999999999716e+01 2.580000000000000074e-07
7.934999999999999432e+01 3.890089973252546979e-07
7.940000000000000568e+01 5.175480654006929533e-07
7.945000000000000284e+01 5.681725090146476685e-07
7.950000000000000000e+01 5.689006943219528243e-07
7.954999999999999716e+01 5.770025996475230681e-07
7.959999999999999432e+01 5.781695253124293922e-07
7.965000000000000568e+01 5.582436743931811941e-07
7.970000000000000284e+01 4.924063362711734126e-07
7.975000000000000000e+01 4.901999592003246079e-07
7.979999999999999716e+01 5.140350182623746453e-07
7.984999999999999432e+01 5.007833863058956941e-07
7.990000000000000568e+01 5.152591580942545830e-07
7.995000000000000284e+01 4.969064298235634482e-07
8.000000000000000000e+01 6.201838437108791271e-07
8.004999999999999716e+01 5.669744262310249694e-07
8.009999999999999432e+01 6.710767467287180612e-07
8.015000000000000568e+01 7.015098003591966583e-07
8.020000000000000284e+01 7.328847112609185715e-07
8.025000000000000000e+01 6.467920840579297208e-07
8.029999999999999716e+01 6.970796224248705064e-07
8.034999999999999432e+01 6.740089020183635939e-07
8.040000000000000568e+01 5.964830257433987504e-07
8.045000000000000284e+01 6.441987271021264970e-07
8.050000000000000000e+01 5.001439792699698994e-07
8.054999999999999716e+01 3.976329966187413783e-07
8.059999999999999432e+01 2.521983346495372498e-07
8.065000000000000568e+01 1.761135997020104900e-07
8.070000000000000284e+01 1.004987562112089033e-07
8.075000000000000000e+01 4.664761515876241766e-08
8.079999999999999716e+01 9.280086206496145876e-08
8.084999999999999432e+01 8.323460818673926383e-08
8.090000000000000568e+01 1.383618444514238220e-07
8.095000000000000284e+01 1.271219886565656259e-07
8.100000000000000000e+01 1.722904524342541926e-07
8.104999999999999716e+01 2.076342938919291567e-07
8.109999999999999432e+01 2.418677324489564857e-07
8.115000000000000568e+01 2.624271327435484708e-07
8.120000000000000284e+01 2.279999999999999770e-07
8.125000000000000000e+01 3.561404217440081743e-07
8.129999999999999716e+01 2.805779749018087129e-07
8.134999999999999432e+01 3.381478966369597615e-07
8.140000000000000568e+01 3.840052082980124918e-07
8.145000000000000284e+01 3.620220987729892401e-07
8.150000000000000000e+01 3.733630940518894002e-07
8.154999999999999716e+01 4.340138246646068340e-07
8.159999999999999432e+01 4.242640687119285469e-07
8.165000000000000568e+01 4.920162598939185666e-07
8.170000000000000284e+01 4.919227581643280704e-07
8.175000000000000000e+01 5.413353858745979835e-07
8.179999999999999716e+01 5.867674155915612450e-07
8.184999999999999432e+01 6.115815562948248595e-07
8.190000000000000568e+01 6.535472438928954704e-07
8.195000000000000284e+01 7.142716570045321341e-07
8.200000000000000000e+01 6.645900992341068164e-07
8.204999999999999716e+01 5.940303022573847946e-07
8.209999999999999432e+01 5.352121074863684949e-07
8.215000000000000568e+01 5.254369610143542565e-07
8.220000000000000284e+01 4.348838925506439134e-07
8.225000000000000000e+01 4.360045871318327932e-07
8.229999999999999716e+01 4.867730477337462071e-07
8.234999999999999432e+01 5.680563352344554497e-07
8.240000000000000568e+01 6.147324621329184584e-07
8.245000000000000284e+01 7.327891920600358620e-07
8.250000000000000000e+01 7.158910531638175963e-07
8.254999999999999716e+01 7.228001106806777567e-07
8.259999999999999432e+01 6.803557892749940207e-07
8.265000000000000568e+01 5.891010100144115893e-07
8.270000000000000284e+01 5.547071299343464634e-07
8.275000000000000000e+01 4.843222068003902775e-07
8.279999999999999716e+01 4.764199827882957798e-07
8.284999999999999432e+01 3.900461511154801203e-07
8.290000000000000568e+01 3.207553584899245623e-07
8.295000000000000284e+01 2.761811000050510117e-07
8.300000000000000000e+01 1.420563268566380921e-07
8.304999999999999716e+01 1.159482643250859696e-07
8.309999999999999432e+01 1.156027681329473914e-07
8.315000000000000568e+01 7.810249675906654358e-08
8.320000000000000284e+01 1.341342610968577103e-07
8.325000000000000000e+01 1.651302516197440777e-07
8.329999999999999716e+01 2.993125456775909598e-07
8.334999999999999432e+01 3.538417725481263688e-07
8.340000000000000568e+01 3.949936708353692941e-07
8.345000000000000284e+01 4.470078299090520544e-07
8.350000000000000000e+01 4.646202750634113008e-07
8.354999999999999716e+01 4.996158524306449550e-07
8.359999999999999432e+01 4.880000000000000287e-07
8.365000000000000568e+01 4.101219330881975635e-07
8.370000000000000284e+01 4.320416646574725825e-07
8.375000000000000000e+01 3.880824654632054331e-07
8.379999999999999716e+01 3.980050250939050446e-07
8.384999999999999432e+01 3.919999999999999632e-07
8.390000000000000568e+01 4.866210024238574914e-07
8.395000000000000284e+01 4.943359181771036115e-07
8.400000000000000000e+01 5.241412023491379279e-07
8.404999999999999716e+01 5.821683605281208185e-07
8.409999999999999432e+01 5.987520354871455439e-07
8.415000000000000568e+01 5.984814115743278107e-07
8.420000000000000284e+01 6.620755243927992730e-07
8.425000000000000000e+01 6.806496896348370396e-07
8.429999999999999716e+01 7.360108694849553335e-07
8.434999999999999432e+01 7.682603725300425644e-07
8.440000000000000568e+01 7.820076725966311334e-07
8.445000000000000284e+01 6.850547423381580579e-07
8.450000000000000000e+01 6.369081566442685441e-07
8.454999999999999716e+01 5.243891684617446574e-07
8.459999999999999432e+01 4.186884283091665104e-07
8.465000000000000568e+01 3.066528982416439286e-07
8.470000000000000284e+01 3.403762623920769143e-07
8.475000000000000000e+01 3.260061349115994605e-07
8.479999999999999716e+01 3.375203697556637507e-07
8.484999999999999432e+01 4.420904884749274893e-07
8.490000000000000568e+01 4.110960958218892948e-07
8.495000000000000284e+01 4.135698248180106474e-07
8.500000000000000000e+01 4.628477071348630364e-07
8.504999999999999716e+01 4.789404973480526429e-07
8.509999999999999432e+01 4.421628659215967813e-07
8.515000000000000568e+01 4.741307836451879135e-07
8.520000000000000284e+01 3.882782507429432766e-07
8.525000000000000000e+01 3.359345174286203154e-07
8.529999999999999716e+01 2.506471623617550792e-07
8.534999999999999432e+01 1.963670033381372317e-07
8.540000000000000568e+01 1.460136979875518345e-07
8.545000000000000284e+01 1.608228839437970210e-07
8.550000000000000000e+01 2.422065234464175278e-07
8.554999999999999716e+01 2.595149321330084947e-07
8.559999999999999432e+01 3.413209633175202407e-07
8.565000000000000568e+01 4.386570414344217035e-07
8.570000000000000284e+01 4.483614613233389245e-07
8.575000000000000000e+01 5.343032846614364492e-07
8.579999999999999716e+01 5.533064250485440651e-07
8.584999999999999432e+01 6.360283012571060409e-07
8.590000000000000568e+01 6.319810123729985718e-07
8.595000000000000284e+01 5.822198897323931285e-07
8.600000000000000000e+01 5.600321419347286542e-07
8.604999999999999716e+01 4.801041553663121056e-07
8.609999999999999432e+01 4.143911195959681759e-07
8.615000000000000568e+01 4.034352488318292207e-07
8.620000000000000284e+01 3.439185950192283467e-07
8.625000000000000000e+01 3.470619541234676845e-07
8.629999999999999716e+01 4.282289107475112681e-07
8.634999999999999432e+01 3.961615831955441139e-07
8.640000000000000568e+01 4.454570686384940427e-07
8.645000000000000284e+01 5.233813141486807726e-07
8.650000000000000000e+01 5.749330395793930747e-07
8.654999999999999716e+01 6.135601030054023226e-07
8.659999999999999432e+01 6.875405442590276407e-07
8.665000000000000568e+01 5.590169943749473797e-07
8.670000000000000284e+01 6.281560315717743809e-07
8.675000000000000000e+01 5.158798309684145717e-07
8.679999999999999716e+01 4.804039966528171635e-07
8.684999999999999432e+01 4.159278783635450831e-07
8.690000000000000568e+01 3.800842011975767796e-07
8.695000000000000284e+01 2.106466235191060500e-07
8.700000000000000000e+01 2.507109889893140844e-07
8.704999999999999716e+01 2.640681730159846745e-07
8.709999999999999432e+01 2.386797016924564665e-07
8.715000000000000568e+01 3.103868553917836436e-07
8.720000000000000284e+01 2.310411218809327141e-07
8.725000000000000000e+01 3.365352878971238530e-07
8.729999999999999716e+01 3.522782990761707074e-07
8.734999999999999432e+01 3.873241536491107624e-07
8.740000000000000568e+01 3.588035674293107404e-07
8.745000000000000284e+01 4.280747598258976746e-07
8.750000000000000000e+01 4.546339186642368979e-07
8.754999999999999716e+01 4.192230909670887007e-07
8.759999999999999432e+01 2.662705391138869260e-07
8.765000000000000568e+01 3.601999444752871982e-07
8.770000000000000284e+01 2.425283488584375359e-07
8.775000000000000000e+01 1.520526224699857040e-07
8.779999999999999716e+01 1.660120477555770823e-07
8.784999999999999432e+01 1.969568480657628829e-07
8.790000000000000568e+01 1.941648783894759924e-07
8.795000000000000284e+01 2.712710821300346193e-07
8.800000000000000000e+01 3.887415593938986592e-07
8.804999999999999716e+01 5.012943247235101585e-07
8.809999999999999432e+01 5.020956084253277269e-07
8.815000000000000568e+01 6.318259253940122532e-07
8.820000000000000284e+01 6.022690428703770411e-07
8.825000000000000000e+01 6.447945409198188557e-07
8.829999999999999716e+01 6.396561576347091911e-07
8.834999999999999432e+01 6.643643578639661190e-07
8.840000000000000568e+01 5.986551595033654794e-07
8.845000000000000284e+01 6.045593436545332825e-07
8.850000000000000000e+01 4.999399963995678883e-07
8.854999999999999716e+01 5.040991965873383790e-07
8.859999999999999432e+01 4.943278264471868178e-07
8.865000000000000568e+01 4.805996254680188618e-07
8.870000000000000284e+01 4.865757906020398721e-07
8.875000000000000000e+01 4.844130468928350556e-07
8.879999999999999716e+01 5.431942562288375600e-07
8.884999999999999432e+01 5.886696866664699965e-07
8.890000000000000568e+01 6.148333107436519905e-07
8.895000000000000284e+01 6.545746710651123435e-07
8.900000000000000000e+01 6.983695296904067729e-07
8.904999999999999716e+01 6.700029850679772191e-07
8.909999999999999432e+01 6.422522868779838533e-07
8.915000000000000568e+01 5.748912940721922644e-07
8.920000000000000284e+01 5.402369850352712400e-07
8.925000000000000000e+01 4.732229918336597748e-07
8.929999999999999716e+01 3.892968019390860143e-07
8.934999999999999432e+01 2.588744869623114929e-07
8.940000000000000568e+01 2.165917819308941435e-07
8.945000000000000284e+01 2.080865204668481199e-07
8.950000000000000000e+01 2.220810662798609991e-07
8.954999999999999716e+01 2.482015310186462200e-07
8.959999999999999432e+01 3.035061778613410790e-07
8.965000000000000568e+01 3.564828186603107592e-07
8.970000000000000284e+01 4.690927413635815512e-07
8.975000000000000000e+01 5.419372657420782851e-07
8.979999999999999716e+01 5.815290190523598528e-07
8.984999999999999432e+01 7.100450689921027828e-07
8.990000000000000568e+01 6.163245898063778800e-07
8.995000000000000284e+01 6.108387675974732809e-07
9.000000000000000000e+01 5.780864987179686965e-07
