-10.00000000	-0.00000006	0.00000001
-9.95000000	0.00000009	0.00000001
-9.90000000	0.00000003	0.00000003
-9.85000000	-0.00000004	-0.00000003
-9.80000000	0.00000015	0.00000004
-9.75000000	0.00000011	-0.00000003
-9.70000000	0.00000005	-0.00000004
-9.65000000	-0.00000005	0.00000005
-9.60000000	0.00000005	0.00000001
-9.55000000	-0.00000004	-0.00000001
-9.50000000	-0.00000001	0.00000004
-9.45000000	0.00000008	0.00000004
-9.40000000	0.00000008	0.00000004
-9.35000000	0.00000014	-0.00000001
-9.30000000	-0.00000003	0.00000003
-9.25000000	0.00000007	0.00000002
-9.20000000	-0.00000004	0.00000001
-9.15000000	0.00000030	-0.00000007
-9.10000000	0.00000008	-0.00000003
-9.05000000	0.00000005	0.00000002
-9.00000000	0.00000012	0.00000001
-8.95000000	0.00000013	-0.00000001
-8.90000000	0.00000005	-0.00000001
-8.85000000	0.00000024	-0.00000005
-8.80000000	0.00000000	0.00000006
-8.75000000	0.00000009	-0.00000005
-8.70000000	0.00000012	0.00000002
-8.65000000	0.00000008	0.00000001
-8.60000000	0.00000002	0.00000001
-8.55000000	0.00000019	-0.00000006
-8.50000000	-0.00000004	0.00000010
-8.45000000	0.00000017	-0.00000012
-8.40000000	-0.00000000	0.00000010
-8.35000000	-0.00000001	0.00000006
-8.30000000	0.00000001	0.00000007
-8.25000000	0.00000009	-0.00000004
-8.20000000	-0.00000008	0.00000006
-8.15000000	-0.00000005	0.00000008
-8.10000000	-0.00000003	0.00000011
-8.05000000	-0.00000001	0.00000000
-8.00000000	0.00000011	-0.00000006
-7.95000000	0.00000006	-0.00000004
-7.90000000	0.00000008	-0.00000006
-7.85000000	0.00000002	0.00000015
-7.80000000	0.00000012	-0.00000010
-7.75000000	0.00000012	-0.00000011
-7.70000000	0.00000005	0.00000007
-7.65000000	0.00000010	-0.00000007
-7.60000000	0.00000011	0.00000004
-7.55000000	0.00000018	-0.00000001
-7.50000000	0.00000010	0.00000003
-7.45000000	0.00000013	0.00000009
-7.40000000	0.00000013	0.00000005
-7.35000000	0.00000012	0.00000007
-7.30000000	0.00000015	-0.00000012
-7.25000000	0.00000010	0.00000007
-7.20000000	0.00000003	0.00000004
-7.15000000	-0.00000000	-0.00000009
-7.10000000	-0.00000005	-0.00000008
-7.05000000	-0.00000013	-0.00000000
-7.00000000	-0.00000026	0.00000021
-6.95000000	-0.00000024	0.00000008
-6.90000000	-0.00000027	0.00000001
-6.85000000	-0.00000017	-0.00000016
-6.80000000	-0.00000020	0.00000003
-6.75000000	-0.00000015	0.00000011
-6.70000000	0.00000003	0.00000004
-6.65000000	0.00000008	0.00000003
-6.60000000	0.00000020	0.00000004
-6.55000000	0.00000036	-0.00000004
-6.50000000	0.00000038	-0.00000005
-6.45000000	0.00000046	0.00000012
-6.40000000	0.00000047	0.00000002
-6.35000000	0.00000052	0.00000016
-6.30000000	0.00000048	0.00000010
-6.25000000	0.00000039	0.00000004
-6.20000000	0.00000035	0.00000005
-6.15000000	0.00000031	-0.00000001
-6.10000000	0.00000025	-0.00000001
-6.05000000	0.00000011	0.00000001
-6.00000000	0.00000003	-0.00000010
-5.95000000	-0.00000008	0.00000002
-5.90000000	-0.00000017	-0.00000006
-5.85000000	-0.00000032	-0.00000010
-5.80000000	-0.00000030	0.00000015
-5.75000000	-0.00000047	-0.00000010
-5.70000000	-0.00000052	-0.00000001
-5.65000000	-0.00000049	0.00000003
-5.60000000	-0.00000054	0.00000010
-5.55000000	-0.00000056	0.00000009
-5.50000000	-0.00000053	-0.00000006
-5.45000000	-0.00000049	-0.00000003
-5.40000000	-0.00000042	-0.00000010
-5.35000000	-0.00000016	-0.00000000
-5.30000000	-0.00000004	-0.00000007
-5.25000000	0.00000023	0.00000008
-5.20000000	0.00000036	0.00000005
-5.15000000	0.00000051	-0.00000003
-5.10000000	0.00000057	-0.00000006
-5.05000000	0.00000059	-0.00000011
-5.00000000	0.00000069	-0.00000005
-4.95000000	0.00000064	-0.00000004
-4.90000000	0.00000056	0.00000000
-4.85000000	0.00000056	0.00000005
-4.80000000	0.00000060	0.00000011
-4.75000000	0.00000047	0.00000006
-4.70000000	0.00000024	-0.00000005
-4.65000000	0.00000023	-0.00000006
-4.60000000	0.00000019	0.00000001
-4.55000000	0.00000023	0.00000011
-4.50000000	-0.00000000	-0.00000001
-4.45000000	-0.00000004	0.00000002
-4.40000000	-0.00000014	-0.00000006
-4.35000000	-0.00000013	0.00000009
-4.30000000	-0.00000030	0.00000002
-4.25000000	-0.00000028	0.00000004
-4.20000000	-0.00000044	0.00000004
-4.15000000	-0.00000046	-0.00000003
-4.10000000	-0.00000039	-0.00000001
-4.05000000	-0.00000060	-0.00000005
-4.00000000	-0.00000039	0.00000013
-3.95000000	-0.00000047	-0.00000003
-3.90000000	-0.00000033	0.00000003
-3.85000000	-0.00000050	-0.00000003
-3.80000000	-0.00000034	-0.00000004
-3.75000000	-0.00000034	0.00000005
-3.70000000	-0.00000026	-0.00000003
-3.65000000	-0.00000015	-0.00000004
-3.60000000	-0.00000010	0.00000005
-3.55000000	-0.00000002	-0.00000001
-3.50000000	0.00000016	0.00000001
-3.45000000	0.00000012	-0.00000007
-3.40000000	0.00000029	-0.00000005
-3.35000000	0.00000051	-0.00000003
-3.30000000	0.00000060	-0.00000001
-3.25000000	0.00000078	-0.00000000
-3.20000000	0.00000106	-0.00000001
-3.15000000	0.00000108	0.00000003
-3.10000000	0.00000107	0.00000002
-3.05000000	0.00000137	0.00000004
-3.00000000	0.00000105	0.00000005
-2.95000000	0.00000096	0.00000008
-2.90000000	0.00000093	0.00000007
-2.85000000	0.00000070	0.00000002
-2.80000000	0.00000038	0.00000015
-2.75000000	0.00000009	0.00000008
-2.70000000	-0.00000020	0.00000008
-2.65000000	-0.00000037	0.00000003
-2.60000000	-0.00000066	0.00000011
-2.55000000	-0.00000089	-0.00000001
-2.50000000	-0.00000126	-0.00000002
-2.45000000	-0.00000123	-0.00000001
-2.40000000	-0.00000159	-0.00000004
-2.35000000	-0.00000157	-0.00000001
-2.30000000	-0.00000159	-0.00000002
-2.25000000	-0.00000147	-0.00000004
-2.20000000	-0.00000127	-0.00000016
-2.15000000	-0.00000112	-0.00000011
-2.10000000	-0.00000094	-0.00000000
-2.05000000	-0.00000058	-0.00000001
-2.00000000	-0.00000014	-0.00000004
-1.95000000	0.00000028	-0.00000012
-1.90000000	0.00000070	-0.00000004
-1.85000000	0.00000103	-0.00000002
-1.80000000	0.00000131	0.00000003
-1.75000000	0.00000160	-0.00000008
-1.70000000	0.00000175	0.00000006
-1.65000000	0.00000182	0.00000014
-1.60000000	0.00000194	0.00000007
-1.55000000	0.00000172	0.00000017
-1.50000000	0.00000165	0.00000014
-1.45000000	0.00000139	0.00000013
-1.40000000	0.00000116	0.00000008
-1.35000000	0.00000086	0.00000002
-1.30000000	0.00000051	-0.00000001
-1.25000000	0.00000017	0.00000005
-1.20000000	-0.00000007	-0.00000002
-1.15000000	-0.00000026	-0.00000014
-1.10000000	-0.00000065	-0.00000001
-1.05000000	-0.00000099	0.00000001
-1.00000000	-0.00000123	0.00000000
-0.95000000	-0.00000140	0.00000005
-0.90000000	-0.00000138	-0.00000011
-0.85000000	-0.00000163	-0.00000001
-0.80000000	-0.00000161	-0.00000008
-0.75000000	-0.00000151	0.00000001
-0.70000000	-0.00000142	-0.00000001
-0.65000000	-0.00000117	-0.00000005
-0.60000000	-0.00000084	-0.00000001
-0.55000000	-0.00000065	-0.00000001
-0.50000000	-0.00000032	-0.00000013
-0.45000000	-0.00000006	-0.00000005
-0.40000000	0.00000018	-0.00000008
-0.35000000	0.00000045	-0.00000007
-0.30000000	0.00000070	0.00000000
-0.25000000	0.00000089	0.00000003
-0.20000000	0.00000115	-0.00000001
-0.15000000	0.00000136	-0.00000008
-0.10000000	0.00000151	-0.00000007
-0.05000000	0.00000163	0.00000002
0.00000000	0.00000161	0.00000008
0.05000000	0.00000158	0.00000016
0.10000000	0.00000150	0.00000016
0.15000000	0.00000135	0.00000011
0.20000000	0.00000117	0.00000003
0.25000000	0.00000089	0.00000026
0.30000000	0.00000060	0.00000007
0.35000000	0.00000031	0.00000009
0.40000000	-0.00000006	0.00000014
0.45000000	-0.00000032	-0.00000008
0.50000000	-0.00000064	0.00000006
0.55000000	-0.00000102	0.00000008
0.60000000	-0.00000117	0.00000013
0.65000000	-0.00000127	0.00000004
0.70000000	-0.00000159	-0.00000001
0.75000000	-0.00000154	0.00000001
0.80000000	-0.00000150	-0.00000001
0.85000000	-0.00000148	-0.00000014
0.90000000	-0.00000142	0.00000000
0.95000000	-0.00000112	0.00000012
1.00000000	-0.00000095	0.00000001
1.05000000	-0.00000074	-0.00000002
1.10000000	-0.00000045	-0.00000003
1.15000000	-0.00000016	-0.00000020
1.20000000	0.00000019	-0.00000008
1.25000000	0.00000045	-0.00000018
1.30000000	0.00000082	-0.00000005
1.35000000	0.00000111	0.00000001
1.40000000	0.00000135	-0.00000002
1.45000000	0.00000176	-0.00000005
1.50000000	0.00000188	0.00000005
1.55000000	0.00000190	-0.00000008
1.60000000	0.00000193	0.00000013
1.65000000	0.00000173	0.00000001
1.70000000	0.00000146	-0.00000007
1.75000000	0.00000126	0.00000015
1.80000000	0.00000085	-0.00000002
1.85000000	0.00000054	0.00000005
1.90000000	0.00000019	0.00000010
1.95000000	-0.00000005	0.00000011
2.00000000	-0.00000035	0.00000010
2.05000000	-0.00000066	0.00000003
2.10000000	-0.00000089	0.00000014
2.15000000	-0.00000109	0.00000008
2.20000000	-0.00000132	-0.00000005
2.25000000	-0.00000138	-0.00000004
2.30000000	-0.00000146	0.00000003
2.35000000	-0.00000163	-0.00000005
2.40000000	-0.00000164	-0.00000005
2.45000000	-0.00000162	-0.00000010
2.50000000	-0.00000147	0.00000000
2.55000000	-0.00000124	0.00000001
2.60000000	-0.00000111	0.00000000
2.65000000	-0.00000096	-0.00000019
2.70000000	-0.00000056	-0.00000017
2.75000000	-0.00000006	-0.00000005
2.80000000	0.00000032	-0.00000003
2.85000000	0.00000075	-0.00000005
2.90000000	0.00000122	0.00000005
2.95000000	0.00000129	-0.00000012
3.00000000	0.00000172	0.00000001
3.05000000	0.00000184	0.00000002
3.10000000	0.00000193	0.00000008
3.15000000	0.00000191	0.00000015
3.20000000	0.00000160	-0.00000005
3.25000000	0.00000161	0.00000002
3.30000000	0.00000138	-0.00000008
3.35000000	0.00000127	0.00000004
3.40000000	0.00000092	0.00000005
3.45000000	0.00000064	0.00000010
3.50000000	0.00000034	0.00000003
3.55000000	0.00000000	0.00000004
3.60000000	-0.00000036	0.00000005
3.65000000	-0.00000079	0.00000000
3.70000000	-0.00000098	0.00000003
3.75000000	-0.00000133	0.00000000
3.80000000	-0.00000135	-0.00000000
3.85000000	-0.00000172	-0.00000002
3.90000000	-0.00000166	0.00000005
3.95000000	-0.00000184	-0.00000002
4.00000000	-0.00000175	0.00000000
4.05000000	-0.00000175	-0.00000008
4.10000000	-0.00000144	-0.00000008
4.15000000	-0.00000105	-0.00000009
4.20000000	-0.00000069	-0.00000002
4.25000000	-0.00000057	-0.00000012
4.30000000	0.00000021	-0.00000008
4.35000000	0.00000069	-0.00000002
4.40000000	0.00000093	-0.00000007
4.45000000	0.00000105	0.00000002
4.50000000	0.00000110	0.00000001
4.55000000	0.00000135	-0.00000005
4.60000000	0.00000132	-0.00000002
4.65000000	0.00000140	0.00000003
4.70000000	0.00000141	0.00000003
4.75000000	0.00000131	0.00000004
4.80000000	0.00000116	0.00000005
4.85000000	0.00000111	0.00000007
4.90000000	0.00000097	0.00000009
4.95000000	0.00000100	0.00000004
5.00000000	0.00000072	0.00000009
5.05000000	0.00000045	0.00000008
5.10000000	0.00000029	0.00000005
5.15000000	-0.00000007	0.00000004
5.20000000	-0.00000047	0.00000014
5.25000000	-0.00000052	-0.00000007
5.30000000	-0.00000077	0.00000006
5.35000000	-0.00000097	0.00000005
5.40000000	-0.00000093	-0.00000005
5.45000000	-0.00000103	0.00000006
5.50000000	-0.00000083	-0.00000007
5.55000000	-0.00000090	-0.00000007
5.60000000	-0.00000087	-0.00000005
5.65000000	-0.00000084	-0.00000003
5.70000000	-0.00000065	-0.00000001
5.75000000	-0.00000053	-0.00000001
5.80000000	-0.00000023	-0.00000014
5.85000000	-0.00000009	-0.00000010
5.90000000	-0.00000007	-0.00000007
5.95000000	0.00000008	-0.00000012
6.00000000	0.00000011	-0.00000004
6.05000000	0.00000014	0.00000001
6.10000000	0.00000035	-0.00000007
6.15000000	0.00000037	0.00000003
6.20000000	0.00000054	-0.00000004
6.25000000	0.00000061	0.00000004
6.30000000	0.00000064	0.00000019
6.35000000	0.00000088	0.00000002
6.40000000	0.00000100	0.00000001
6.45000000	0.00000109	-0.00000001
6.50000000	0.00000104	-0.00000004
6.55000000	0.00000093	0.00000001
6.60000000	0.00000074	0.00000010
6.65000000	0.00000058	0.00000012
6.70000000	0.00000049	0.00000002
6.75000000	0.00000041	-0.00000002
6.80000000	0.00000001	0.00000007
6.85000000	-0.00000017	0.00000007
6.90000000	-0.00000034	0.00000004
6.95000000	-0.00000057	0.00000011
7.00000000	-0.00000064	0.00000006
7.05000000	-0.00000061	-0.00000011
7.10000000	-0.00000086	0.00000006
7.15000000	-0.00000085	-0.00000003
7.20000000	-0.00000083	-0.00000007
7.25000000	-0.00000083	-0.00000010
7.30000000	-0.00000084	-0.00000006
7.35000000	-0.00000073	-0.00000009
7.40000000	-0.00000050	-0.00000014
7.45000000	-0.00000031	0.00000003
7.50000000	-0.00000008	-0.00000007
7.55000000	0.00000015	-0.00000003
7.60000000	0.00000044	-0.00000002
7.65000000	0.00000064	0.00000003
7.70000000	0.00000080	0.00000001
7.75000000	0.00000099	-0.00000001
7.80000000	0.00000106	-0.00000004
7.85000000	0.00000102	0.00000005
7.90000000	0.00000095	-0.00000001
7.95000000	0.00000077	0.00000010
8.00000000	0.00000053	0.00000002
8.05000000	0.00000025	0.00000012
8.10000000	-0.00000006	0.00000008
8.15000000	-0.00000027	-0.00000001
8.20000000	-0.00000047	-0.00000008
8.25000000	-0.00000061	0.00000012
8.30000000	-0.00000070	0.00000005
8.35000000	-0.00000063	-0.00000001
8.40000000	-0.00000063	0.00000002
8.45000000	-0.00000057	-0.00000013
8.50000000	-0.00000047	-0.00000006
8.55000000	-0.00000039	-0.00000016
8.60000000	-0.00000015	0.00000002
8.65000000	-0.00000009	-0.00000003
8.70000000	0.00000008	-0.00000012
8.75000000	0.00000034	-0.00000006
8.80000000	0.00000048	0.00000003
8.85000000	0.00000062	-0.00000012
8.90000000	0.00000075	0.00000015
8.95000000	0.00000088	-0.00000002
9.00000000	0.00000092	-0.00000009
9.05000000	0.00000095	0.00000009
9.10000000	0.00000084	-0.00000005
9.15000000	0.00000079	0.00000018
9.20000000	0.00000063	-0.00000001
9.25000000	0.00000033	-0.00000002
9.30000000	0.00000011	-0.00000001
9.35000000	-0.00000013	0.00000004
9.40000000	-0.00000034	0.00000001
9.45000000	-0.00000063	0.00000006
9.50000000	-0.00000071	-0.00000000
9.55000000	-0.00000087	0.00000002
9.60000000	-0.00000093	-0.00000011
9.65000000	-0.00000093	-0.00000007
9.70000000	-0.00000086	0.00000004
9.75000000	-0.00000075	-0.00000006
9.80000000	-0.00000059	-0.00000002
9.85000000	-0.00000049	-0.00000003
9.90000000	-0.00000036	-0.00000007
9.95000000	-0.00000014	-0.00000003
10.00000000	0.00000006	0.00000004
10.05000000	0.00000018	0.00000002
10.10000000	0.00000035	-0.00000004
10.15000000	0.00000051	0.00000011
10.20000000	0.00000059	0.00000004
10.25000000	0.00000059	-0.00000011
10.30000000	0.00000077	-0.00000008
10.35000000	0.00000082	-0.00000006
10.40000000	0.00000091	0.00000008
10.45000000	0.00000088	0.00000012
10.50000000	0.00000087	0.00000006
10.55000000	0.00000066	-0.00000007
10.60000000	0.00000054	-0.00000002
10.65000000	0.00000045	-0.00000002
10.70000000	0.00000029	0.00000003
10.75000000	0.00000022	0.00000004
10.80000000	0.00000008	-0.00000002
10.85000000	-0.00000005	-0.00000005
10.90000000	-0.00000014	0.00000002
10.95000000	-0.00000017	0.00000008
11.00000000	-0.00000035	0.00000002
11.05000000	-0.00000047	0.00000003
11.10000000	-0.00000053	0.00000004
11.15000000	-0.00000088	-0.00000008
11.20000000	-0.00000077	0.00000009
11.25000000	-0.00000083	0.00000001
11.30000000	-0.00000081	0.00000006
11.35000000	-0.00000084	0.00000006
11.40000000	-0.00000097	-0.00000010
11.45000000	-0.00000055	0.00000001
11.50000000	-0.00000045	-0.00000003
11.55000000	-0.00000028	-0.00000004
11.60000000	-0.00000020	-0.00000009
11.65000000	0.00000009	-0.00000010
11.70000000	0.00000021	-0.00000003
11.75000000	0.00000070	0.00000002
11.80000000	0.00000082	-0.00000007
11.85000000	0.00000085	0.00000001
11.90000000	0.00000101	-0.00000005
11.95000000	0.00000101	0.00000002
12.00000000	0.00000104	-0.00000001
12.05000000	0.00000092	0.00000003
12.10000000	0.00000095	0.00000005
12.15000000	0.00000089	-0.00000002
12.20000000	0.00000059	0.00000003
12.25000000	0.00000068	0.00000008
12.30000000	0.00000060	0.00000006
12.35000000	0.00000043	0.00000008
12.40000000	0.00000025	0.00000007
12.45000000	0.00000014	0.00000003
12.50000000	-0.00000005	0.00000007
12.55000000	-0.00000033	0.00000008
12.60000000	-0.00000067	0.00000004
12.65000000	-0.00000094	0.00000007
12.70000000	-0.00000121	0.00000003
12.75000000	-0.00000129	0.00000008
12.80000000	-0.00000143	0.00000001
12.85000000	-0.00000138	-0.00000000
12.90000000	-0.00000123	0.00000000
12.95000000	-0.00000096	-0.00000001
13.00000000	-0.00000081	-0.00000006
13.05000000	-0.00000044	-0.00000002
13.10000000	-0.00000033	0.00000002
13.15000000	-0.00000001	-0.00000004
13.20000000	0.00000019	0.00000000
13.25000000	0.00000038	-0.00000001
13.30000000	0.00000049	-0.00000003
13.35000000	0.00000059	-0.00000002
13.40000000	0.00000073	-0.00000001
13.45000000	0.00000082	0.00000008
13.50000000	0.00000098	-0.00000003
13.55000000	0.00000105	-0.00000005
13.60000000	0.00000114	-0.00000001
13.65000000	0.00000128	0.00000004
13.70000000	0.00000126	0.00000003
13.75000000	0.00000130	0.00000001
13.80000000	0.00000114	0.00000016
13.85000000	0.00000101	0.00000001
13.90000000	0.00000078	0.00000012
13.95000000	0.00000060	-0.00000003
14.00000000	0.00000007	0.00000006
14.05000000	-0.00000025	0.00000003
14.10000000	-0.00000061	0.00000002
14.15000000	-0.00000093	-0.00000001
14.20000000	-0.00000108	-0.00000008
14.25000000	-0.00000116	-0.00000018
14.30000000	-0.00000139	-0.00000002
14.35000000	-0.00000161	0.00000013
14.40000000	-0.00000143	0.00000000
14.45000000	-0.00000119	-0.00000014
14.50000000	-0.00000121	0.00000010
14.55000000	-0.00000095	-0.00000003
14.60000000	-0.00000077	-0.00000003
14.65000000	-0.00000049	-0.00000012
14.70000000	-0.00000036	-0.00000008
14.75000000	0.00000000	-0.00000015
14.80000000	0.00000018	-0.00000014
14.85000000	0.00000034	-0.00000006
14.90000000	0.00000062	-0.00000009
14.95000000	0.00000082	-0.00000001
15.00000000	0.00000097	0.00000006
15.05000000	0.00000123	-0.00000006
15.10000000	0.00000135	0.00000003
15.15000000	0.00000149	0.00000001
15.20000000	0.00000147	0.00000011
15.25000000	0.00000146	0.00000020
15.30000000	0.00000144	0.00000006
15.35000000	0.00000134	0.00000006
15.40000000	0.00000110	0.00000004
15.45000000	0.00000085	0.00000006
15.50000000	0.00000050	0.00000014
15.55000000	0.00000016	0.00000010
15.60000000	-0.00000012	0.00000021
15.65000000	-0.00000041	0.00000003
15.70000000	-0.00000063	-0.00000000
15.75000000	-0.00000081	0.00000001
15.80000000	-0.00000095	0.00000012
15.85000000	-0.00000109	0.00000002
15.90000000	-0.00000120	-0.00000009
15.95000000	-0.00000128	0.00000009
16.00000000	-0.00000133	0.00000005
16.05000000	-0.00000141	-0.00000002
16.10000000	-0.00000137	-0.00000008
16.15000000	-0.00000135	0.00000005
16.20000000	-0.00000111	0.00000000
16.25000000	-0.00000090	-0.00000001
16.30000000	-0.00000060	-0.00000010
16.35000000	-0.00000023	0.00000001
16.40000000	0.00000011	-0.00000014
16.45000000	0.00000048	0.00000014
16.50000000	0.00000074	-0.00000001
16.55000000	0.00000101	0.00000006
16.60000000	0.00000119	0.00000012
16.65000000	0.00000140	-0.00000006
16.70000000	0.00000141	-0.00000009
16.75000000	0.00000152	0.00000000
16.80000000	0.00000157	-0.00000007
16.85000000	0.00000163	0.00000020
16.90000000	0.00000151	0.00000005
16.95000000	0.00000141	0.00000006
17.00000000	0.00000120	-0.00000003
17.05000000	0.00000095	0.00000013
17.10000000	0.00000052	-0.00000002
17.15000000	0.00000025	-0.00000007
17.20000000	-0.00000004	0.00000006
17.25000000	-0.00000033	0.00000016
17.30000000	-0.00000070	-0.00000007
17.35000000	-0.00000084	0.00000005
17.40000000	-0.00000097	-0.00000005
17.45000000	-0.00000100	0.00000003
17.50000000	-0.00000110	-0.00000005
17.55000000	-0.00000116	-0.00000011
17.60000000	-0.00000122	-0.00000010
17.65000000	-0.00000123	0.00000001
17.70000000	-0.00000119	-0.00000014
17.75000000	-0.00000113	-0.00000002
17.80000000	-0.00000092	-0.00000000
17.85000000	-0.00000090	-0.00000010
17.90000000	-0.00000064	-0.00000012
17.95000000	-0.00000041	-0.00000011
18.00000000	-0.00000008	-0.00000003
18.05000000	0.00000007	-0.00000021
18.10000000	0.00000025	-0.00000020
18.15000000	0.00000074	0.00000010
18.20000000	0.00000088	-0.00000003
18.25000000	0.00000099	-0.00000004
18.30000000	0.00000110	-0.00000003
18.35000000	0.00000130	0.00000004
18.40000000	0.00000119	0.00000001
18.45000000	0.00000127	-0.00000005
18.50000000	0.00000130	0.00000004
18.55000000	0.00000127	0.00000003
18.60000000	0.00000097	-0.00000010
18.65000000	0.00000109	0.00000006
18.70000000	0.00000087	0.00000011
18.75000000	0.00000062	0.00000010
18.80000000	0.00000037	0.00000011
18.85000000	0.00000025	0.00000015
18.90000000	-0.00000017	0.00000005
18.95000000	-0.00000047	0.00000004
19.00000000	-0.00000052	0.00000012
19.05000000	-0.00000094	-0.00000001
19.10000000	-0.00000113	-0.00000002
19.15000000	-0.00000112	0.00000002
19.20000000	-0.00000127	-0.00000003
19.25000000	-0.00000134	-0.00000004
19.30000000	-0.00000136	-0.00000003
19.35000000	-0.00000121	0.00000003
19.40000000	-0.00000128	-0.00000007
19.45000000	-0.00000107	-0.00000002
19.50000000	-0.00000085	-0.00000007
19.55000000	-0.00000075	-0.00000006
19.60000000	-0.00000045	-0.00000003
19.65000000	-0.00000016	-0.00000005
19.70000000	-0.00000009	-0.00000017
19.75000000	0.00000038	-0.00000009
19.80000000	0.00000071	-0.00000001
19.85000000	0.00000077	-0.00000005
19.90000000	0.00000108	0.00000002
19.95000000	0.00000123	0.00000002
20.00000000	0.00000123	-0.00000001
20.05000000	0.00000147	-0.00000003
20.10000000	0.00000158	0.00000008
20.15000000	0.00000171	0.00000005
20.20000000	0.00000163	0.00000005
20.25000000	0.00000133	0.00000011
20.30000000	0.00000130	0.00000008
20.35000000	0.00000100	0.00000010
20.40000000	0.00000066	0.00000011
20.45000000	0.00000027	0.00000014
20.50000000	-0.00000014	0.00000009
20.55000000	-0.00000033	0.00000004
20.60000000	-0.00000068	0.00000004
20.65000000	-0.00000096	0.00000003
20.70000000	-0.00000124	0.00000001
20.75000000	-0.00000133	0.00000001
20.80000000	-0.00000147	-0.00000002
20.85000000	-0.00000145	0.00000003
20.90000000	-0.00000142	-0.00000002
20.95000000	-0.00000128	-0.00000007
21.00000000	-0.00000128	0.00000002
21.05000000	-0.00000087	-0.00000013
21.10000000	-0.00000090	-0.00000000
21.15000000	-0.00000053	-0.00000004
21.20000000	-0.00000043	-0.00000003
21.25000000	0.00000006	-0.00000010
21.30000000	0.00000019	-0.00000001
21.35000000	0.00000047	-0.00000004
21.40000000	0.00000067	0.00000001
21.45000000	0.00000086	0.00000004
21.50000000	0.00000107	0.00000003
21.55000000	0.00000123	-0.00000001
21.60000000	0.00000122	0.00000012
21.65000000	0.00000127	0.00000008
21.70000000	0.00000135	0.00000003
21.75000000	0.00000133	-0.00000006
21.80000000	0.00000119	-0.00000000
21.85000000	0.00000105	0.00000004
21.90000000	0.00000078	0.00000009
21.95000000	0.00000061	0.00000012
22.00000000	0.00000046	0.00000003
22.05000000	0.00000026	0.00000003
22.10000000	-0.00000004	0.00000010
22.15000000	-0.00000041	0.00000018
22.20000000	-0.00000053	0.00000004
22.25000000	-0.00000081	0.00000006
22.30000000	-0.00000088	-0.00000010
22.35000000	-0.00000096	-0.00000007
22.40000000	-0.00000103	-0.00000016
22.45000000	-0.00000109	-0.00000005
22.50000000	-0.00000106	-0.00000006
22.55000000	-0.00000086	-0.00000020
22.60000000	-0.00000089	0.00000006
22.65000000	-0.00000080	-0.00000002
22.70000000	-0.00000069	0.00000006
22.75000000	-0.00000056	0.00000005
22.80000000	-0.00000033	-0.00000007
22.85000000	-0.00000010	-0.00000010
22.90000000	0.00000011	-0.00000008
22.95000000	0.00000023	0.00000006
23.00000000	0.00000046	0.00000001
23.05000000	0.00000068	0.00000007
23.10000000	0.00000084	0.00000017
23.15000000	0.00000113	-0.00000015
23.20000000	0.00000111	-0.00000002
23.25000000	0.00000122	0.00000001
23.30000000	0.00000117	0.00000014
23.35000000	0.00000108	0.00000003
23.40000000	0.00000102	0.00000009
23.45000000	0.00000091	0.00000014
23.50000000	0.00000075	0.00000000
23.55000000	0.00000053	-0.00000007
23.60000000	0.00000034	0.00000011
23.65000000	0.00000012	0.00000018
23.70000000	-0.00000010	0.00000003
23.75000000	-0.00000031	-0.00000002
23.80000000	-0.00000060	0.00000024
23.85000000	-0.00000071	0.00000018
23.90000000	-0.00000089	0.00000004
23.95000000	-0.00000102	0.00000008
24.00000000	-0.00000113	0.00000000
24.05000000	-0.00000109	-0.00000001
24.10000000	-0.00000103	-0.00000007
24.15000000	-0.00000105	0.00000004
24.20000000	-0.00000076	0.00000019
24.25000000	-0.00000065	0.00000011
24.30000000	-0.00000043	-0.00000011
24.35000000	-0.00000023	-0.00000002
24.40000000	0.00000003	-0.00000006
24.45000000	0.00000027	-0.00000002
24.50000000	0.00000038	-0.00000014
24.55000000	0.00000061	0.00000004
24.60000000	0.00000081	0.00000007
24.65000000	0.00000080	0.00000000
24.70000000	0.00000091	0.00000009
24.75000000	0.00000092	0.00000004
24.80000000	0.00000096	0.00000005
24.85000000	0.00000094	-0.00000004
24.90000000	0.00000091	-0.00000002
24.95000000	0.00000077	-0.00000005
25.00000000	0.00000087	0.00000006
25.05000000	0.00000064	0.00000008
25.10000000	0.00000051	0.00000008
25.15000000	0.00000034	0.00000007
25.20000000	0.00000013	-0.00000008
25.25000000	-0.00000006	-0.00000007
25.30000000	-0.00000016	0.00000014
25.35000000	-0.00000037	0.00000007
25.40000000	-0.00000053	0.00000016
25.45000000	-0.00000073	-0.00000001
25.50000000	-0.00000082	0.00000006
25.55000000	-0.00000098	-0.00000004
25.60000000	-0.00000083	-0.00000004
25.65000000	-0.00000083	0.00000001
25.70000000	-0.00000081	-0.00000009
25.75000000	-0.00000086	-0.00000011
25.80000000	-0.00000068	-0.00000000
25.85000000	-0.00000051	-0.00000002
25.90000000	-0.00000043	0.00000007
25.95000000	-0.00000028	0.00000001
26.00000000	-0.00000006	-0.00000005
26.05000000	0.00000019	-0.00000009
26.10000000	0.00000033	-0.00000002
26.15000000	0.00000048	-0.00000007
26.20000000	0.00000062	-0.00000004
26.25000000	0.00000096	0.00000001
26.30000000	0.00000080	-0.00000002
26.35000000	0.00000105	0.00000006
26.40000000	0.00000110	0.00000011
26.45000000	0.00000095	0.00000000
26.50000000	0.00000076	-0.00000002
26.55000000	0.00000078	-0.00000003
26.60000000	0.00000067	0.00000000
26.65000000	0.00000055	0.00000005
26.70000000	0.00000031	0.00000001
26.75000000	0.00000019	-0.00000000
26.80000000	-0.00000005	0.00000003
26.85000000	0.00000004	0.00000007
26.90000000	-0.00000021	0.00000004
26.95000000	-0.00000041	0.00000004
27.00000000	-0.00000051	0.00000002
27.05000000	-0.00000076	-0.00000001
27.10000000	-0.00000079	0.00000002
27.15000000	-0.00000080	-0.00000004
27.20000000	-0.00000073	-0.00000002
27.25000000	-0.00000078	0.00000000
27.30000000	-0.00000052	-0.00000001
27.35000000	-0.00000073	0.00000005
27.40000000	-0.00000060	-0.00000005
27.45000000	-0.00000068	-0.00000004
27.50000000	-0.00000045	-0.00000005
27.55000000	-0.00000021	0.00000001
27.60000000	0.00000008	0.00000002
27.65000000	-0.00000002	-0.00000004
27.70000000	0.00000026	-0.00000003
27.75000000	0.00000019	0.00000001
27.80000000	0.00000059	-0.00000000
27.85000000	0.00000081	-0.00000000
27.90000000	0.00000097	0.00000001
27.95000000	0.00000093	0.00000005
28.00000000	0.00000105	-0.00000002
28.05000000	0.00000100	0.00000001
28.10000000	0.00000091	0.00000004
28.15000000	0.00000081	0.00000006
28.20000000	0.00000063	0.00000008
28.25000000	0.00000050	0.00000012
28.30000000	0.00000033	0.00000011
28.35000000	0.00000036	0.00000005
28.40000000	0.00000017	0.00000007
28.45000000	-0.00000004	0.00000011
28.50000000	-0.00000011	0.00000000
28.55000000	-0.00000023	0.00000001
28.60000000	-0.00000033	-0.00000001
28.65000000	-0.00000054	0.00000000
28.70000000	-0.00000065	0.00000002
28.75000000	-0.00000081	0.00000002
28.80000000	-0.00000079	-0.00000003
28.85000000	-0.00000090	0.00000003
28.90000000	-0.00000070	-0.00000005
28.95000000	-0.00000073	0.00000002
29.00000000	-0.00000055	-0.00000006
29.05000000	-0.00000053	-0.00000005
29.10000000	-0.00000035	-0.00000007
29.15000000	-0.00000020	-0.00000011
29.20000000	-0.00000020	-0.00000009
29.25000000	-0.00000012	-0.00000000
29.30000000	0.00000014	0.00000001
29.35000000	0.00000038	-0.00000015
29.40000000	0.00000046	-0.00000005
29.45000000	0.00000068	-0.00000001
29.50000000	0.00000076	0.00000005
29.55000000	0.00000087	0.00000008
29.60000000	0.00000105	0.00000005
29.65000000	0.00000096	0.00000004
29.70000000	0.00000107	0.00000010
29.75000000	0.00000094	0.00000004
29.80000000	0.00000089	-0.00000001
29.85000000	0.00000070	0.00000017
29.90000000	0.00000043	0.00000018
29.95000000	0.00000036	0.00000007
30.00000000	0.00000020	0.00000004
30.05000000	0.00000008	-0.00000010
30.10000000	-0.00000016	-0.00000005
30.15000000	-0.00000031	0.00000002
30.20000000	-0.00000054	-0.00000006
30.25000000	-0.00000069	0.00000003
30.30000000	-0.00000076	0.00000004
30.35000000	-0.00000090	-0.00000009
30.40000000	-0.00000090	-0.00000006
30.45000000	-0.00000091	0.00000011
30.50000000	-0.00000079	-0.00000010
30.55000000	-0.00000070	-0.00000010
30.60000000	-0.00000051	-0.00000020
30.65000000	-0.00000029	0.00000008
30.70000000	-0.00000021	0.00000004
30.75000000	-0.00000003	-0.00000008
30.80000000	0.00000009	0.00000001
30.85000000	0.00000017	-0.00000021
30.90000000	0.00000028	0.00000006
30.95000000	0.00000037	-0.00000016
31.00000000	0.00000046	0.00000005
31.05000000	0.00000054	-0.00000004
31.10000000	0.00000064	0.00000004
31.15000000	0.00000079	0.00000008
31.20000000	0.00000083	0.00000001
31.25000000	0.00000078	-0.00000013
31.30000000	0.00000073	-0.00000002
31.35000000	0.00000063	0.00000011
31.40000000	0.00000056	0.00000023
31.45000000	0.00000029	-0.00000013
31.50000000	0.00000021	-0.00000001
31.55000000	0.00000003	-0.00000010
31.60000000	0.00000003	0.00000001
31.65000000	-0.00000001	0.00000018
31.70000000	-0.00000013	0.00000007
31.75000000	-0.00000019	-0.00000006
31.80000000	-0.00000024	0.00000008
31.85000000	-0.00000027	-0.00000002
31.90000000	-0.00000040	0.00000002
31.95000000	-0.00000054	-0.00000017
32.00000000	-0.00000053	-0.00000005
32.05000000	-0.00000052	-0.00000004
32.10000000	-0.00000060	-0.00000004
32.15000000	-0.00000059	-0.00000002
32.20000000	-0.00000051	0.00000003
32.25000000	-0.00000035	0.00000003
32.30000000	-0.00000027	-0.00000003
32.35000000	-0.00000006	0.00000001
32.40000000	-0.00000011	-0.00000012
32.45000000	0.00000016	-0.00000006
32.50000000	0.00000023	0.00000001
32.55000000	0.00000027	-0.00000001
32.60000000	0.00000030	-0.00000001
32.65000000	0.00000052	0.00000003
32.70000000	0.00000050	0.00000000
32.75000000	0.00000050	-0.00000006
32.80000000	0.00000064	0.00000004
32.85000000	0.00000070	0.00000010
32.90000000	0.00000065	0.00000006
32.95000000	0.00000068	0.00000013
33.00000000	0.00000050	0.00000001
33.05000000	0.00000050	0.00000005
33.10000000	0.00000024	-0.00000002
33.15000000	0.00000022	0.00000004
33.20000000	0.00000017	0.00000011
33.25000000	0.00000001	0.00000005
33.30000000	-0.00000015	0.00000006
33.35000000	-0.00000003	0.00000007
33.40000000	-0.00000022	0.00000005
33.45000000	-0.00000019	0.00000005
33.50000000	-0.00000015	0.00000005
33.55000000	-0.00000019	0.00000004
33.60000000	-0.00000049	-0.00000004
33.65000000	-0.00000025	-0.00000002
33.70000000	-0.00000050	-0.00000004
33.75000000	-0.00000037	0.00000000
33.80000000	-0.00000025	0.00000003
33.85000000	-0.00000031	-0.00000004
33.90000000	-0.00000041	-0.00000008
33.95000000	-0.00000021	-0.00000008
34.00000000	-0.00000014	-0.00000005
34.05000000	0.00000004	-0.00000001
34.10000000	0.00000001	-0.00000002
34.15000000	0.00000023	0.00000003
34.20000000	0.00000027	0.00000001
34.25000000	0.00000037	-0.00000002
34.30000000	0.00000019	0.00000007
34.35000000	0.00000035	-0.00000000
34.40000000	0.00000039	0.00000005
34.45000000	0.00000039	0.00000007
34.50000000	0.00000052	0.00000003
34.55000000	0.00000050	0.00000007
34.60000000	0.00000049	0.00000009
34.65000000	0.00000044	0.00000004
34.70000000	0.00000052	0.00000001
34.75000000	0.00000037	0.00000004
34.80000000	0.00000014	0.00000009
34.85000000	0.00000006	0.00000003
34.90000000	-0.00000004	-0.00000002
34.95000000	-0.00000027	0.00000005
35.00000000	-0.00000022	-0.00000000
35.05000000	-0.00000032	0.00000005
35.10000000	-0.00000043	0.00000003
35.15000000	-0.00000020	-0.00000002
35.20000000	-0.00000031	0.00000002
35.25000000	-0.00000019	-0.00000001
35.30000000	-0.00000022	-0.00000001
35.35000000	-0.00000023	-0.00000001
35.40000000	-0.00000030	0.00000000
35.45000000	-0.00000026	-0.00000000
35.50000000	-0.00000015	-0.00000006
35.55000000	-0.00000028	-0.00000004
35.60000000	-0.00000015	-0.00000004
35.65000000	-0.00000005	-0.00000009
35.70000000	0.00000010	-0.00000018
35.75000000	-0.00000004	-0.00000000
35.80000000	0.00000017	-0.00000006
35.85000000	0.00000026	0.00000001
35.90000000	0.00000045	-0.00000013
35.95000000	0.00000041	0.00000011
36.00000000	0.00000052	0.00000007
36.05000000	0.00000054	-0.00000007
36.10000000	0.00000054	0.00000003
36.15000000	0.00000045	0.00000006
36.20000000	0.00000042	0.00000005
36.25000000	0.00000037	-0.00000008
36.30000000	0.00000024	0.00000011
36.35000000	0.00000017	0.00000015
36.40000000	0.00000014	0.00000003
36.45000000	0.00000012	-0.00000004
36.50000000	0.00000001	0.00000011
36.55000000	-0.00000004	0.00000004
36.60000000	-0.00000000	-0.00000014
36.65000000	-0.00000011	0.00000002
36.70000000	-0.00000025	0.00000019
36.75000000	-0.00000021	0.00000006
36.80000000	-0.00000013	-0.00000009
36.85000000	-0.00000022	-0.00000013
36.90000000	-0.00000024	0.00000005
36.95000000	-0.00000023	-0.00000008
37.00000000	-0.00000020	0.00000005
37.05000000	-0.00000021	-0.00000021
37.10000000	-0.00000017	-0.00000015
37.15000000	-0.00000017	0.00000003
37.20000000	-0.00000013	-0.00000004
37.25000000	-0.00000011	-0.00000007
37.30000000	-0.00000005	0.00000007
37.35000000	0.00000004	0.00000004
37.40000000	0.00000012	-0.00000002
37.45000000	0.00000022	0.00000008
37.50000000	0.00000023	0.00000006
37.55000000	0.00000031	0.00000004
37.60000000	0.00000040	0.00000011
37.65000000	0.00000040	0.00000005
37.70000000	0.00000036	-0.00000013
37.75000000	0.00000043	0.00000008
37.80000000	0.00000034	-0.00000011
37.85000000	0.00000028	0.00000005
37.90000000	0.00000027	0.00000003
37.95000000	0.00000026	0.00000019
38.00000000	0.00000017	0.00000001
38.05000000	0.00000016	0.00000019
38.10000000	0.00000002	-0.00000000
38.15000000	-0.00000007	-0.00000014
38.20000000	-0.00000009	0.00000008
38.25000000	-0.00000029	-0.00000006
38.30000000	-0.00000039	-0.00000023
38.35000000	-0.00000020	0.00000005
38.40000000	-0.00000027	-0.00000018
38.45000000	-0.00000015	0.00000005
38.50000000	-0.00000008	0.00000005
38.55000000	-0.00000006	-0.00000001
38.60000000	0.00000001	0.00000004
38.65000000	-0.00000012	0.00000000
38.70000000	-0.00000006	-0.00000002
38.75000000	0.00000004	0.00000004
38.80000000	0.00000004	0.00000009
38.85000000	0.00000007	0.00000011
38.90000000	0.00000009	0.00000006
38.95000000	0.00000006	-0.00000004
39.00000000	0.00000010	-0.00000003
39.05000000	0.00000006	-0.00000004
39.10000000	0.00000012	-0.00000006
39.15000000	0.00000023	0.00000011
39.20000000	0.00000018	0.00000006
39.25000000	0.00000009	0.00000002
39.30000000	0.00000017	0.00000004
39.35000000	0.00000024	0.00000007
39.40000000	0.00000010	0.00000002
39.45000000	0.00000029	0.00000013
39.50000000	0.00000008	0.00000001
39.55000000	0.00000020	0.00000006
39.60000000	0.00000018	0.00000003
39.65000000	0.00000013	0.00000002
39.70000000	0.00000007	-0.00000002
39.75000000	0.00000009	-0.00000004
39.80000000	-0.00000006	-0.00000008
39.85000000	-0.00000017	-0.00000012
39.90000000	0.00000002	0.00000001
39.95000000	-0.00000013	-0.00000001
40.00000000	-0.00000029	-0.00000002
40.05000000	-0.00000009	-0.00000008
40.10000000	-0.00000010	0.00000000
40.15000000	-0.00000026	-0.00000008
40.20000000	-0.00000022	-0.00000006
40.25000000	0.00000003	-0.00000003
40.30000000	0.00000003	0.00000001
40.35000000	0.00000011	-0.00000003
40.40000000	0.00000009	0.00000002
40.45000000	-0.00000003	-0.00000002
40.50000000	0.00000015	-0.00000001
40.55000000	0.00000024	-0.00000002
40.60000000	0.00000004	0.00000000
40.65000000	0.00000016	0.00000008
40.70000000	0.00000022	0.00000004
40.75000000	0.00000029	-0.00000001
40.80000000	-0.00000003	0.00000009
40.85000000	0.00000004	0.00000002
40.90000000	-0.00000004	0.00000008
40.95000000	0.00000014	0.00000002
41.00000000	0.00000036	0.00000002
41.05000000	0.00000011	0.00000002
41.10000000	0.00000010	0.00000004
41.15000000	0.00000007	-0.00000000
41.20000000	-0.00000002	0.00000005
41.25000000	0.00000007	-0.00000003
41.30000000	-0.00000010	0.00000004
41.35000000	-0.00000024	-0.00000002
41.40000000	-0.00000020	-0.00000008
41.45000000	-0.00000031	-0.00000000
41.50000000	-0.00000035	0.00000005
41.55000000	-0.00000011	-0.00000008
41.60000000	0.00000000	-0.00000000
41.65000000	-0.00000000	-0.00000002
41.70000000	-0.00000009	0.00000005
41.75000000	0.00000002	0.00000001
41.80000000	0.00000009	-0.00000007
41.85000000	0.00000022	-0.00000003
41.90000000	0.00000020	-0.00000004
41.95000000	0.00000020	0.00000005
42.00000000	0.00000030	-0.00000004
42.05000000	0.00000029	0.00000008
42.10000000	0.00000042	-0.00000003
42.15000000	0.00000047	0.00000000
42.20000000	0.00000040	0.00000000
42.25000000	0.00000035	0.00000001
42.30000000	0.00000023	0.00000008
42.35000000	0.00000016	0.00000011
42.40000000	0.00000011	0.00000001
42.45000000	-0.00000007	0.00000013
42.50000000	-0.00000013	0.00000003
42.55000000	-0.00000012	-0.00000003
42.60000000	-0.00000023	-0.00000007
42.65000000	-0.00000023	0.00000009
42.70000000	-0.00000027	-0.00000000
42.75000000	-0.00000024	-0.00000006
42.80000000	-0.00000022	-0.00000004
42.85000000	-0.00000017	0.00000005
42.90000000	-0.00000022	-0.00000014
42.95000000	-0.00000019	-0.00000010
43.00000000	-0.00000018	-0.00000000
43.05000000	-0.00000016	-0.00000008
43.10000000	-0.00000008	0.00000003
43.15000000	-0.00000003	-0.00000003
43.20000000	0.00000006	-0.00000004
43.25000000	0.00000012	0.00000021
43.30000000	0.00000023	-0.00000001
43.35000000	0.00000031	-0.00000020
43.40000000	0.00000030	-0.00000002
43.45000000	0.00000024	-0.00000004
43.50000000	0.00000014	0.00000009
43.55000000	0.00000016	-0.00000001
43.60000000	0.00000014	0.00000008
43.65000000	0.00000014	-0.00000016
43.70000000	0.00000013	-0.00000000
43.75000000	0.00000021	-0.00000007
43.80000000	0.00000024	0.00000010
43.85000000	0.00000020	-0.00000002
43.90000000	0.00000026	-0.00000000
43.95000000	0.00000017	-0.00000010
44.00000000	0.00000026	-0.00000010
44.05000000	0.00000011	-0.00000006
44.10000000	0.00000007	0.00000002
44.15000000	-0.00000004	-0.00000002
44.20000000	-0.00000007	0.00000008
44.25000000	-0.00000023	-0.00000009
44.30000000	-0.00000018	-0.00000008
44.35000000	-0.00000020	0.00000012
44.40000000	-0.00000016	0.00000002
44.45000000	-0.00000021	-0.00000006
44.50000000	-0.00000015	-0.00000003
44.55000000	-0.00000012	-0.00000002
44.60000000	-0.00000017	-0.00000006
44.65000000	-0.00000013	0.00000003
44.70000000	0.00000001	0.00000009
44.75000000	-0.00000011	-0.00000006
44.80000000	-0.00000014	-0.00000008
44.85000000	-0.00000004	-0.00000007
44.90000000	0.00000005	-0.00000006
44.95000000	0.00000008	-0.00000009
45.00000000	0.00000007	-0.00000020
45.05000000	0.00000021	0.00000004
45.10000000	0.00000027	0.00000006
45.15000000	0.00000027	0.00000001
45.20000000	0.00000050	0.00000022
45.25000000	0.00000041	0.00000018
45.30000000	0.00000036	0.00000000
45.35000000	0.00000028	-0.00000002
45.40000000	0.00000034	0.00000000
45.45000000	0.00000029	0.00000008
45.50000000	0.00000028	0.00000002
45.55000000	0.00000020	0.00000004
45.60000000	0.00000033	0.00000007
45.65000000	0.00000031	0.00000008
45.70000000	0.00000020	0.00000006
45.75000000	0.00000019	0.00000011
45.80000000	0.00000020	0.00000003
45.85000000	0.00000012	0.00000015
45.90000000	-0.00000008	0.00000000
45.95000000	-0.00000001	0.00000003
46.00000000	-0.00000026	-0.00000001
46.05000000	-0.00000015	0.00000000
46.10000000	-0.00000020	0.00000003
46.15000000	-0.00000041	0.00000000
46.20000000	-0.00000035	-0.00000003
46.25000000	-0.00000022	-0.00000001
46.30000000	-0.00000027	-0.00000002
46.35000000	-0.00000000	0.00000008
46.40000000	-0.00000011	-0.00000006
46.45000000	-0.00000009	-0.00000003
46.50000000	-0.00000021	-0.00000005
46.55000000	-0.00000004	-0.00000001
46.60000000	-0.00000007	-0.00000003
46.65000000	0.00000027	0.00000001
46.70000000	0.00000014	0.00000000
46.75000000	0.00000016	-0.00000009
46.80000000	0.00000038	-0.00000006
46.85000000	0.00000016	0.00000001
46.90000000	0.00000028	-0.00000002
46.95000000	0.00000032	0.00000006
47.00000000	0.00000030	0.00000002
47.05000000	0.00000037	0.00000007
47.10000000	0.00000041	0.00000007
47.15000000	0.00000026	-0.00000002
47.20000000	0.00000032	0.00000004
47.25000000	0.00000014	0.00000005
47.30000000	0.00000019	0.00000005
47.35000000	0.00000026	0.00000000
47.40000000	0.00000009	0.00000003
47.45000000	0.00000001	0.00000004
47.50000000	-0.00000005	-0.00000002
47.55000000	-0.00000006	-0.00000001
47.60000000	-0.00000002	-0.00000001
47.65000000	-0.00000026	0.00000000
47.70000000	-0.00000030	-0.00000004
47.75000000	-0.00000017	-0.00000003
47.80000000	-0.00000029	-0.00000004
47.85000000	-0.00000026	0.00000001
47.90000000	-0.00000006	-0.00000006
47.95000000	-0.00000027	-0.00000004
48.00000000	-0.00000002	-0.00000008
48.05000000	-0.00000022	-0.00000001
48.10000000	-0.00000015	-0.00000004
48.15000000	-0.00000012	-0.00000003
48.20000000	0.00000007	-0.00000006
48.25000000	0.00000001	0.00000007
48.30000000	0.00000015	-0.00000000
48.35000000	0.00000022	-0.00000002
48.40000000	0.00000033	0.00000001
48.45000000	0.00000022	0.00000004
48.50000000	0.00000043	-0.00000004
48.55000000	0.00000043	-0.00000010
48.60000000	0.00000022	0.00000010
48.65000000	0.00000017	0.00000009
48.70000000	0.00000028	0.00000004
48.75000000	0.00000014	0.00000007
48.80000000	0.00000026	-0.00000009
48.85000000	0.00000011	0.00000001
48.90000000	0.00000014	-0.00000001
48.95000000	0.00000009	0.00000002
49.00000000	-0.00000001	0.00000004
49.05000000	0.00000013	-0.00000008
49.10000000	-0.00000002	0.00000015
49.15000000	-0.00000013	0.00000005
49.20000000	-0.00000015	0.00000012
49.25000000	-0.00000026	0.00000003
49.30000000	-0.00000020	-0.00000006
49.35000000	-0.00000034	0.00000007
49.40000000	-0.00000027	0.00000006
49.45000000	-0.00000022	0.00000011
49.50000000	-0.00000008	0.00000003
49.55000000	-0.00000001	0.00000001
49.60000000	0.00000006	0.00000001
49.65000000	0.00000007	-0.00000002
49.70000000	0.00000010	-0.00000003
49.75000000	0.00000013	-0.00000031
49.80000000	0.00000012	0.00000003
49.85000000	0.00000015	0.00000005
49.90000000	0.00000019	0.00000010
49.95000000	0.00000023	0.00000001
50.00000000	0.00000031	0.00000016
50.05000000	0.00000037	-0.00000008
50.10000000	0.00000038	0.00000004
50.15000000	0.00000033	-0.00000007
50.20000000	0.00000036	0.00000009
50.25000000	0.00000033	0.00000006
50.30000000	0.00000028	-0.00000007
50.35000000	0.00000019	0.00000018
50.40000000	0.00000015	0.00000008
50.45000000	-0.00000004	0.00000010
50.50000000	-0.00000008	0.00000014
50.55000000	-0.00000010	0.00000015
50.60000000	-0.00000021	-0.00000014
50.65000000	-0.00000020	-0.00000014
50.70000000	-0.00000007	0.00000016
50.75000000	-0.00000020	-0.00000010
50.80000000	-0.00000022	-0.00000022
50.85000000	-0.00000024	-0.00000012
50.90000000	-0.00000017	0.00000007
50.95000000	-0.00000021	-0.00000006
51.00000000	-0.00000023	-0.00000007
51.05000000	-0.00000019	0.00000005
51.10000000	-0.00000014	-0.00000003
51.15000000	-0.00000010	-0.00000002
51.20000000	-0.00000004	-0.00000011
51.25000000	0.00000001	0.00000010
51.30000000	-0.00000001	-0.00000015
51.35000000	0.00000006	-0.00000004
51.40000000	0.00000010	-0.00000008
51.45000000	0.00000016	0.00000007
51.50000000	0.00000018	0.00000005
51.55000000	0.00000012	-0.00000010
51.60000000	0.00000029	0.00000005
51.65000000	0.00000036	0.00000014
51.70000000	0.00000030	0.00000004
51.75000000	0.00000029	0.00000005
51.80000000	0.00000041	0.00000003
51.85000000	0.00000038	-0.00000004
51.90000000	0.00000036	-0.00000000
51.95000000	0.00000031	0.00000009
52.00000000	0.00000025	0.00000009
52.05000000	0.00000008	-0.00000003
52.10000000	0.00000005	-0.00000000
52.15000000	-0.00000004	-0.00000003
52.20000000	-0.00000005	-0.00000000
52.25000000	-0.00000005	0.00000012
52.30000000	-0.00000023	0.00000001
52.35000000	-0.00000031	-0.00000005
52.40000000	-0.00000024	0.00000001
52.45000000	-0.00000020	0.00000003
52.50000000	-0.00000038	-0.00000006
52.55000000	-0.00000021	0.00000002
52.60000000	-0.00000020	-0.00000005
52.65000000	-0.00000017	-0.00000002
52.70000000	-0.00000023	-0.00000003
52.75000000	0.00000003	0.00000003
52.80000000	-0.00000006	-0.00000010
52.85000000	0.00000008	0.00000005
52.90000000	0.00000012	-0.00000005
52.95000000	0.00000017	0.00000003
53.00000000	0.00000021	-0.00000004
53.05000000	0.00000036	-0.00000000
53.10000000	0.00000028	-0.00000007
53.15000000	0.00000045	-0.00000002
53.20000000	0.00000037	0.00000003
53.25000000	0.00000038	0.00000000
53.30000000	0.00000049	0.00000002
53.35000000	0.00000028	0.00000001
53.40000000	0.00000022	0.00000004
53.45000000	0.00000017	0.00000006
53.50000000	0.00000021	0.00000005
53.55000000	0.00000022	0.00000008
53.60000000	0.00000020	0.00000011
53.65000000	0.00000020	0.00000007
53.70000000	0.00000008	-0.00000001
53.75000000	0.00000000	0.00000001
53.80000000	-0.00000017	0.00000000
53.85000000	-0.00000016	-0.00000001
53.90000000	-0.00000009	-0.00000006
53.95000000	-0.00000019	0.00000003
54.00000000	-0.00000039	-0.00000002
54.05000000	-0.00000028	-0.00000001
54.10000000	-0.00000040	0.00000008
54.15000000	-0.00000024	-0.00000004
54.20000000	-0.00000027	0.00000003
54.25000000	-0.00000009	-0.00000011
54.30000000	-0.00000017	-0.00000003
54.35000000	0.00000011	-0.00000009
54.40000000	0.00000007	0.00000002
54.45000000	0.00000025	0.00000005
54.50000000	0.00000015	0.00000007
54.55000000	0.00000050	-0.00000008
54.60000000	0.00000033	-0.00000004
54.65000000	0.00000024	0.00000016
54.70000000	0.00000022	0.00000009
54.75000000	0.00000041	-0.00000005
54.80000000	0.00000023	0.00000007
54.85000000	0.00000025	0.00000010
54.90000000	0.00000024	0.00000008
54.95000000	0.00000022	0.00000001
55.00000000	0.00000012	0.00000010
55.05000000	0.00000009	0.00000004
55.10000000	0.00000003	0.00000010
55.15000000	-0.00000011	0.00000013
55.20000000	-0.00000010	0.00000004
55.25000000	-0.00000020	0.00000007
55.30000000	-0.00000021	0.00000009
55.35000000	-0.00000018	0.00000001
55.40000000	-0.00000025	0.00000007
55.45000000	-0.00000016	0.00000001
55.50000000	-0.00000020	0.00000003
55.55000000	-0.00000025	0.00000007
55.60000000	-0.00000025	-0.00000004
55.65000000	-0.00000022	0.00000005
55.70000000	-0.00000017	-0.00000007
55.75000000	-0.00000011	-0.00000002
55.80000000	-0.00000011	-0.00000004
55.85000000	-0.00000006	-0.00000003
55.90000000	0.00000002	-0.00000012
55.95000000	0.00000009	-0.00000012
56.00000000	0.00000001	0.00000012
56.05000000	0.00000023	-0.00000004
56.10000000	0.00000014	0.00000005
56.15000000	0.00000025	0.00000003
56.20000000	0.00000024	-0.00000008
56.25000000	0.00000033	-0.00000013
56.30000000	0.00000031	0.00000003
56.35000000	0.00000033	-0.00000008
56.40000000	0.00000037	0.00000004
56.45000000	0.00000037	0.00000014
56.50000000	0.00000033	0.00000002
56.55000000	0.00000022	-0.00000008
56.60000000	0.00000018	-0.00000004
56.65000000	0.00000008	0.00000004
56.70000000	0.00000004	0.00000002
56.75000000	-0.00000004	-0.00000002
56.80000000	-0.00000014	-0.00000009
56.85000000	-0.00000021	-0.00000006
56.90000000	-0.00000027	-0.00000013
56.95000000	-0.00000028	0.00000027
57.00000000	-0.00000033	-0.00000014
57.05000000	-0.00000030	0.00000009
57.10000000	-0.00000028	0.00000008
57.15000000	-0.00000031	-0.00000023
57.20000000	-0.00000024	-0.00000003
57.25000000	-0.00000015	-0.00000004
57.30000000	-0.00000008	0.00000002
57.35000000	0.00000005	-0.00000005
57.40000000	0.00000014	-0.00000004
57.45000000	0.00000023	-0.00000004
57.50000000	0.00000026	-0.00000018
57.55000000	0.00000033	-0.00000004
57.60000000	0.00000050	-0.00000001
57.65000000	0.00000056	-0.00000004
57.70000000	0.00000056	-0.00000000
57.75000000	0.00000055	-0.00000001
57.80000000	0.00000055	0.00000013
57.85000000	0.00000042	-0.00000009
57.90000000	0.00000034	-0.00000006
57.95000000	0.00000029	0.00000001
58.00000000	0.00000028	0.00000004
58.05000000	0.00000018	0.00000011
58.10000000	0.00000010	0.00000002
58.15000000	0.00000015	0.00000007
58.20000000	0.00000001	0.00000005
58.25000000	-0.00000007	0.00000002
58.30000000	-0.00000016	-0.00000011
58.35000000	-0.00000023	0.00000005
58.40000000	-0.00000042	-0.00000006
58.45000000	-0.00000043	0.00000002
58.50000000	-0.00000042	0.00000003
58.55000000	-0.00000045	0.00000005
58.60000000	-0.00000038	0.00000008
58.65000000	-0.00000053	-0.00000015
58.70000000	-0.00000037	0.00000008
58.75000000	-0.00000042	-0.00000012
58.80000000	-0.00000022	-0.00000003
58.85000000	0.00000001	-0.00000003
58.90000000	0.00000004	0.00000001
58.95000000	0.00000013	-0.00000007
59.00000000	0.00000018	-0.00000002
59.05000000	0.00000015	-0.00000006
59.10000000	0.00000038	0.00000007
59.15000000	0.00000036	-0.00000005
59.20000000	0.00000037	-0.00000009
59.25000000	0.00000046	-0.00000001
59.30000000	0.00000033	-0.00000011
59.35000000	0.00000052	0.00000005
59.40000000	0.00000050	0.00000003
59.45000000	0.00000027	-0.00000005
59.50000000	0.00000045	0.00000014
59.55000000	0.00000023	0.00000002
59.60000000	0.00000011	0.00000003
59.65000000	-0.00000002	-0.00000004
59.70000000	0.00000006	0.00000004
59.75000000	-0.00000004	-0.00000003
59.80000000	-0.00000000	0.00000005
59.85000000	-0.00000020	0.00000001
59.90000000	-0.00000031	-0.00000001
59.95000000	-0.00000010	0.00000005
60.00000000	-0.00000036	-0.00000002
60.05000000	-0.00000022	0.00000002
60.10000000	-0.00000042	0.00000004
60.15000000	-0.00000043	0.00000003
60.20000000	-0.00000044	-0.00000005
60.25000000	-0.00000053	-0.00000003
60.30000000	-0.00000037	0.00000002
60.35000000	-0.00000040	0.00000003
60.40000000	-0.00000008	-0.00000004
60.45000000	0.00000007	0.00000000
60.50000000	-0.00000003	0.00000000
60.55000000	0.00000021	0.00000001
60.60000000	0.00000019	-0.00000001
60.65000000	0.00000037	0.00000004
60.70000000	0.00000037	0.00000003
60.75000000	0.00000041	-0.00000002
60.80000000	0.00000033	0.00000001
60.85000000	0.00000049	-0.00000002
60.90000000	0.00000037	0.00000004
60.95000000	0.00000056	0.00000003
61.00000000	0.00000064	-0.00000001
61.05000000	0.00000057	0.00000005
61.10000000	0.00000050	0.00000004
61.15000000	0.00000015	0.00000015
61.20000000	0.00000028	-0.00000001
61.25000000	0.00000017	-0.00000003
61.30000000	0.00000011	0.00000002
61.35000000	-0.00000006	0.00000014
61.40000000	-0.00000023	0.00000004
61.45000000	-0.00000021	0.00000001
61.50000000	-0.00000034	0.00000003
61.55000000	-0.00000039	0.00000002
61.60000000	-0.00000028	-0.00000008
61.65000000	-0.00000034	0.00000003
61.70000000	-0.00000027	-0.00000005
61.75000000	-0.00000030	-0.00000001
61.80000000	-0.00000044	0.00000000
61.85000000	-0.00000039	0.00000002
61.90000000	-0.00000027	-0.00000002
61.95000000	-0.00000029	0.00000003
62.00000000	-0.00000029	0.00000018
62.05000000	-0.00000011	0.00000002
62.10000000	-0.00000000	0.00000005
62.15000000	0.00000017	0.00000002
62.20000000	0.00000027	-0.00000000
62.25000000	0.00000049	-0.00000002
62.30000000	0.00000046	0.00000003
62.35000000	0.00000065	-0.00000008
62.40000000	0.00000051	0.00000001
62.45000000	0.00000053	0.00000008
62.50000000	0.00000050	-0.00000001
62.55000000	0.00000053	0.00000006
62.60000000	0.00000051	-0.00000001
62.65000000	0.00000047	0.00000003
62.70000000	0.00000043	-0.00000001
62.75000000	0.00000030	0.00000012
62.80000000	0.00000026	0.00000003
62.85000000	0.00000009	0.00000015
62.90000000	0.00000001	0.00000006
62.95000000	-0.00000012	0.00000013
63.00000000	-0.00000010	0.00000012
63.05000000	-0.00000033	0.00000007
63.10000000	-0.00000033	0.00000001
63.15000000	-0.00000039	0.00000004
63.20000000	-0.00000053	0.00000013
63.25000000	-0.00000046	-0.00000009
63.30000000	-0.00000047	-0.00000005
63.35000000	-0.00000047	-0.00000014
63.40000000	-0.00000050	0.00000001
63.45000000	-0.00000046	0.00000001
63.50000000	-0.00000038	0.00000008
63.55000000	-0.00000031	-0.00000012
63.60000000	-0.00000033	-0.00000009
63.65000000	-0.00000019	-0.00000005
63.70000000	-0.00000012	-0.00000012
63.75000000	0.00000000	-0.00000003
63.80000000	0.00000013	0.00000004
63.85000000	0.00000026	0.00000002
63.90000000	0.00000039	0.00000028
63.95000000	0.00000046	-0.00000002
64.00000000	0.00000049	-0.00000001
64.05000000	0.00000055	-0.00000003
64.10000000	0.00000057	-0.00000019
64.15000000	0.00000054	-0.00000012
64.20000000	0.00000053	-0.00000010
64.25000000	0.00000047	0.00000002
64.30000000	0.00000048	0.00000017
64.35000000	0.00000034	0.00000001
64.40000000	0.00000034	0.00000024
64.45000000	0.00000017	-0.00000004
64.50000000	0.00000014	-0.00000014
64.55000000	-0.00000001	-0.00000001
64.60000000	-0.00000011	0.00000012
64.65000000	-0.00000026	0.00000002
64.70000000	-0.00000036	0.00000003
64.75000000	-0.00000037	-0.00000003
64.80000000	-0.00000052	-0.00000002
64.85000000	-0.00000058	-0.00000011
64.90000000	-0.00000048	0.00000000
64.95000000	-0.00000050	-0.00000005
65.00000000	-0.00000047	-0.00000005
65.05000000	-0.00000040	0.00000004
65.10000000	-0.00000035	-0.00000003
65.15000000	-0.00000024	0.00000004
65.20000000	-0.00000007	0.00000013
65.25000000	-0.00000003	0.00000014
65.30000000	0.00000005	0.00000003
65.35000000	0.00000011	0.00000005
65.40000000	0.00000018	0.00000001
65.45000000	0.00000027	-0.00000005
65.50000000	0.00000051	0.00000000
65.55000000	0.00000040	-0.00000008
65.60000000	0.00000057	-0.00000010
65.65000000	0.00000067	0.00000002
65.70000000	0.00000080	0.00000006
65.75000000	0.00000078	0.00000005
65.80000000	0.00000076	0.00000017
65.85000000	0.00000079	0.00000008
65.90000000	0.00000048	-0.00000002
65.95000000	0.00000048	-0.00000001
66.00000000	0.00000048	0.00000008
66.05000000	0.00000043	0.00000006
66.10000000	0.00000018	0.00000009
66.15000000	0.00000010	0.00000003
66.20000000	0.00000005	0.00000014
66.25000000	-0.00000009	0.00000004
66.30000000	-0.00000034	-0.00000006
66.35000000	-0.00000048	-0.00000008
66.40000000	-0.00000044	-0.00000000
66.45000000	-0.00000065	0.00000000
66.50000000	-0.00000051	0.00000002
66.55000000	-0.00000051	0.00000007
66.60000000	-0.00000059	-0.00000000
66.65000000	-0.00000033	0.00000000
66.70000000	-0.00000042	-0.00000001
66.75000000	-0.00000021	0.00000004
66.80000000	-0.00000031	-0.00000008
66.85000000	-0.00000007	-0.00000001
66.90000000	-0.00000008	-0.00000003
66.95000000	0.00000004	-0.00000000
67.00000000	0.00000015	-0.00000001
67.05000000	0.00000026	-0.00000001
67.10000000	0.00000016	0.00000000
67.15000000	0.00000039	-0.00000001
67.20000000	0.00000042	-0.00000002
67.25000000	0.00000043	0.00000004
67.30000000	0.00000043	0.00000004
67.35000000	0.00000062	0.00000010
67.40000000	0.00000044	0.00000003
67.45000000	0.00000048	0.00000006
67.50000000	0.00000039	0.00000009
67.55000000	0.00000042	0.00000003
67.60000000	0.00000033	-0.00000002
67.65000000	0.00000017	-0.00000002
67.70000000	0.00000010	0.00000000
67.75000000	0.00000001	0.00000004
67.80000000	-0.00000005	-0.00000004
67.85000000	-0.00000030	0.00000010
67.90000000	-0.00000024	0.00000004
67.95000000	-0.00000032	-0.00000001
68.00000000	-0.00000061	0.00000010
68.05000000	-0.00000060	-0.00000002
68.10000000	-0.00000046	-0.00000004
68.15000000	-0.00000063	-0.00000003
68.20000000	-0.00000055	-0.00000007
68.25000000	-0.00000057	0.00000001
68.30000000	-0.00000051	-0.00000003
68.35000000	-0.00000035	-0.00000006
68.40000000	-0.00000023	-0.00000004
68.45000000	-0.00000011	-0.00000001
68.50000000	-0.00000002	-0.00000007
68.55000000	0.00000006	-0.00000004
68.60000000	0.00000013	-0.00000004
68.65000000	0.00000029	-0.00000002
68.70000000	0.00000028	0.00000008
68.75000000	0.00000047	0.00000006
68.80000000	0.00000061	-0.00000005
68.85000000	0.00000059	0.00000010
68.90000000	0.00000066	0.00000001
68.95000000	0.00000070	-0.00000004
69.00000000	0.00000063	0.00000002
69.05000000	0.00000069	-0.00000002
69.10000000	0.00000054	-0.00000003
69.15000000	0.00000040	0.00000009
69.20000000	0.00000027	0.00000008
69.25000000	0.00000028	0.00000007
69.30000000	0.00000014	-0.00000002
69.35000000	0.00000000	0.00000003
69.40000000	0.00000002	0.00000001
69.45000000	-0.00000022	0.00000004
69.50000000	-0.00000020	0.00000002
69.55000000	-0.00000038	0.00000008
69.60000000	-0.00000039	0.00000013
69.65000000	-0.00000039	0.00000001
69.70000000	-0.00000041	-0.00000005
69.75000000	-0.00000046	0.00000003
69.80000000	-0.00000047	0.00000010
69.85000000	-0.00000037	-0.00000012
69.90000000	-0.00000041	0.00000000
69.95000000	-0.00000027	-0.00000006
70.00000000	-0.00000016	0.00000000
70.05000000	-0.00000007	-0.00000012
70.10000000	-0.00000006	0.00000007
70.15000000	0.00000008	0.00000005
70.20000000	0.00000016	0.00000009
70.25000000	0.00000034	0.00000009
70.30000000	0.00000033	0.00000007
70.35000000	0.00000045	-0.00000008
70.40000000	0.00000041	0.00000001
70.45000000	0.00000053	0.00000004
70.50000000	0.00000043	0.00000012
70.55000000	0.00000049	0.00000001
70.60000000	0.00000062	-0.00000002
70.65000000	0.00000046	0.00000002
70.70000000	0.00000045	0.00000006
70.75000000	0.00000032	0.00000008
70.80000000	0.00000029	-0.00000010
70.85000000	0.00000011	0.00000007
70.90000000	0.00000008	0.00000011
70.95000000	-0.00000001	0.00000014
71.00000000	-0.00000005	0.00000018
71.05000000	-0.00000013	0.00000005
71.10000000	-0.00000023	0.00000014
71.15000000	-0.00000035	-0.00000004
71.20000000	-0.00000035	0.00000006
71.25000000	-0.00000048	-0.00000008
71.30000000	-0.00000038	-0.00000002
71.35000000	-0.00000046	-0.00000003
71.40000000	-0.00000048	0.00000001
71.45000000	-0.00000044	0.00000000
71.50000000	-0.00000035	0.00000002
71.55000000	-0.00000037	-0.00000009
71.60000000	-0.00000026	0.00000003
71.65000000	-0.00000011	0.00000005
71.70000000	-0.00000006	0.00000007
71.75000000	0.00000015	0.00000007
71.80000000	0.00000020	0.00000007
71.85000000	0.00000025	0.00000004
71.90000000	0.00000030	0.00000005
71.95000000	0.00000035	-0.00000006
72.00000000	0.00000036	-0.00000002
72.05000000	0.00000045	0.00000007
72.10000000	0.00000035	-0.00000002
72.15000000	0.00000044	0.00000006
72.20000000	0.00000055	0.00000026
72.25000000	0.00000046	0.00000003
72.30000000	0.00000034	0.00000006
72.35000000	0.00000037	0.00000015
72.40000000	0.00000032	0.00000015
72.45000000	0.00000010	-0.00000004
72.50000000	0.00000013	0.00000005
72.55000000	0.00000003	-0.00000002
72.60000000	0.00000003	0.00000013
72.65000000	-0.00000020	-0.00000004
72.70000000	-0.00000012	0.00000013
72.75000000	-0.00000020	0.00000003
72.80000000	-0.00000020	0.00000008
72.85000000	-0.00000028	0.00000003
72.90000000	-0.00000038	-0.00000004
72.95000000	-0.00000027	-0.00000002
73.00000000	-0.00000025	0.00000006
73.05000000	-0.00000030	-0.00000007
73.10000000	-0.00000013	0.00000006
73.15000000	-0.00000014	-0.00000008
73.20000000	-0.00000007	0.00000003
73.25000000	0.00000007	-0.00000003
73.30000000	0.00000007	-0.00000005
73.35000000	0.00000015	-0.00000003
73.40000000	0.00000024	0.00000003
73.45000000	0.00000038	-0.00000000
73.50000000	0.00000025	-0.00000005
73.55000000	0.00000045	0.00000007
73.60000000	0.00000045	0.00000001
73.65000000	0.00000054	-0.00000000
73.70000000	0.00000056	0.00000007
73.75000000	0.00000066	0.00000008
73.80000000	0.00000049	-0.00000004
73.85000000	0.00000043	0.00000000
73.90000000	0.00000030	0.00000001
73.95000000	0.00000033	0.00000003
74.00000000	0.00000034	0.00000001
74.05000000	0.00000014	0.00000008
74.10000000	0.00000008	-0.00000001
74.15000000	0.00000012	0.00000010
74.20000000	-0.00000008	-0.00000004
74.25000000	-0.00000009	0.00000004
74.30000000	-0.00000004	-0.00000001
74.35000000	-0.00000006	0.00000001
74.40000000	-0.00000029	0.00000001
74.45000000	-0.00000038	-0.00000001
74.50000000	-0.00000030	0.00000002
74.55000000	-0.00000030	-0.00000000
74.60000000	-0.00000031	-0.00000001
74.65000000	-0.00000013	-0.00000008
74.70000000	-0.00000036	-0.00000004
74.75000000	-0.00000021	0.00000001
74.80000000	-0.00000037	-0.00000004
74.85000000	-0.00000005	-0.00000006
74.90000000	-0.00000009	0.00000000
74.95000000	0.00000021	-0.00000002
75.00000000	0.00000019	-0.00000001
75.05000000	0.00000022	0.00000002
75.10000000	0.00000024	0.00000003
75.15000000	0.00000052	-0.00000008
75.20000000	0.00000024	0.00000010
75.25000000	0.00000047	0.00000002
75.30000000	0.00000035	0.00000008
75.35000000	0.00000047	0.00000001
75.40000000	0.00000038	0.00000004
75.45000000	0.00000039	-0.00000001
75.50000000	0.00000027	0.00000007
75.55000000	0.00000022	0.00000003
75.60000000	0.00000022	-0.00000005
75.65000000	0.00000026	-0.00000009
75.70000000	0.00000026	-0.00000008
75.75000000	-0.00000001	0.00000006
75.80000000	-0.00000009	0.00000001
75.85000000	-0.00000026	0.00000008
75.90000000	-0.00000019	-0.00000010
75.95000000	-0.00000016	-0.00000017
76.00000000	-0.00000043	0.00000003
76.05000000	-0.00000043	0.00000009
76.10000000	-0.00000037	0.00000001
76.15000000	-0.00000039	0.00000008
76.20000000	-0.00000026	-0.00000010
76.25000000	-0.00000025	-0.00000010
76.30000000	-0.00000023	-0.00000001
76.35000000	-0.00000022	-0.00000003
76.40000000	-0.00000019	-0.00000009
76.45000000	-0.00000015	-0.00000000
76.50000000	-0.00000008	-0.00000000
76.55000000	0.00000005	-0.00000009
76.60000000	0.00000008	0.00000001
76.65000000	0.00000024	0.00000003
76.70000000	0.00000027	-0.00000007
76.75000000	0.00000038	-0.00000001
76.80000000	0.00000042	-0.00000005
76.85000000	0.00000046	-0.00000003
76.90000000	0.00000048	0.00000015
76.95000000	0.00000050	-0.00000006
77.00000000	0.00000047	-0.00000002
77.05000000	0.00000045	-0.00000010
77.10000000	0.00000032	-0.00000016
77.15000000	0.00000035	-0.00000004
77.20000000	0.00000025	0.00000006
77.25000000	0.00000019	0.00000016
77.30000000	0.00000018	0.00000007
77.35000000	0.00000010	-0.00000001
77.40000000	0.00000002	-0.00000004
77.45000000	-0.00000008	0.00000003
77.50000000	-0.00000019	0.00000008
77.55000000	-0.00000021	0.00000013
77.60000000	-0.00000023	-0.00000004
77.65000000	-0.00000030	-0.00000002
77.70000000	-0.00000032	0.00000001
77.75000000	-0.00000033	-0.00000005
77.80000000	-0.00000026	0.00000003
77.85000000	-0.00000025	0.00000018
77.90000000	-0.00000018	0.00000008
77.95000000	-0.00000015	0.00000006
78.00000000	-0.00000007	0.00000005
78.05000000	0.00000004	0.00000005
78.10000000	0.00000003	-0.00000014
78.15000000	0.00000011	-0.00000007
78.20000000	0.00000024	-0.00000002
78.25000000	0.00000024	-0.00000009
78.30000000	0.00000030	0.00000008
78.35000000	0.00000041	0.00000008
78.40000000	0.00000046	0.00000008
78.45000000	0.00000040	0.00000011
78.50000000	0.00000041	-0.00000002
78.55000000	0.00000041	0.00000007
78.60000000	0.00000045	0.00000006
78.65000000	0.00000038	0.00000000
78.70000000	0.00000040	0.00000015
78.75000000	0.00000027	-0.00000005
78.80000000	0.00000023	0.00000011
78.85000000	0.00000015	0.00000007
78.90000000	0.00000009	0.00000005
78.95000000	0.00000005	0.00000004
79.00000000	-0.00000004	0.00000000
79.05000000	-0.00000019	-0.00000002
79.10000000	-0.00000019	0.00000005
79.15000000	-0.00000029	-0.00000013
79.20000000	-0.00000023	0.00000007
79.25000000	-0.00000039	-0.00000019
79.30000000	-0.00000033	-0.00000005
79.35000000	-0.00000032	0.00000001
79.40000000	-0.00000033	-0.00000010
79.45000000	-0.00000026	0.00000000
79.50000000	-0.00000020	0.00000000
79.55000000	-0.00000026	-0.00000006
79.60000000	-0.00000015	-0.00000002
79.65000000	-0.00000002	0.00000007
79.70000000	-0.00000017	-0.00000007
79.75000000	0.00000001	-0.00000004
79.80000000	0.00000012	-0.00000008
79.85000000	0.00000013	-0.00000002
79.90000000	0.00000029	0.00000003
79.95000000	0.00000027	-0.00000000
80.00000000	0.00000050	0.00000018
80.05000000	0.00000030	0.00000004
80.10000000	0.00000025	-0.00000001
80.15000000	0.00000024	-0.00000001
80.20000000	0.00000031	0.00000005
80.25000000	0.00000047	0.00000011
80.30000000	0.00000034	0.00000008
80.35000000	0.00000030	0.00000002
80.40000000	0.00000020	0.00000004
80.45000000	0.00000006	-0.00000008
80.50000000	-0.00000004	-0.00000002
80.55000000	-0.00000007	0.00000000
80.60000000	-0.00000006	0.00000006
80.65000000	-0.00000006	-0.00000002
80.70000000	-0.00000014	0.00000005
80.75000000	-0.00000013	0.00000005
80.80000000	-0.00000030	-0.00000005
80.85000000	-0.00000028	0.00000001
80.90000000	-0.00000010	-0.00000002
80.95000000	-0.00000017	0.00000002
81.00000000	-0.00000025	-0.00000000
81.05000000	-0.00000023	-0.00000001
81.10000000	-0.00000016	-0.00000005
81.15000000	-0.00000024	-0.00000005
81.20000000	-0.00000011	-0.00000006
81.25000000	-0.00000005	-0.00000007
81.30000000	0.00000008	0.00000005
81.35000000	0.00000008	0.00000004
81.40000000	0.00000001	-0.00000002
81.45000000	0.00000010	0.00000004
81.50000000	0.00000028	-0.00000003
81.55000000	0.00000031	-0.00000001
81.60000000	0.00000032	-0.00000001
81.65000000	0.00000024	0.00000002
81.70000000	0.00000038	0.00000002
81.75000000	0.00000044	-0.00000001
81.80000000	0.00000041	-0.00000004
81.85000000	0.00000029	0.00000004
81.90000000	0.00000034	-0.00000002
81.95000000	0.00000024	-0.00000001
82.00000000	0.00000019	0.00000002
82.05000000	0.00000020	-0.00000003
82.10000000	-0.00000003	0.00000007
82.15000000	-0.00000002	-0.00000005
82.20000000	0.00000005	-0.00000003
82.25000000	-0.00000001	0.00000002
82.30000000	0.00000002	0.00000002
82.35000000	-0.00000010	0.00000003
82.40000000	-0.00000012	0.00000001
82.45000000	-0.00000028	0.00000011
82.50000000	-0.00000006	-0.00000004
82.55000000	-0.00000009	-0.00000007
82.60000000	-0.00000020	-0.00000001
82.65000000	-0.00000013	0.00000006
82.70000000	-0.00000011	0.00000000
82.75000000	-0.00000006	-0.00000010
82.80000000	-0.00000018	0.00000001
82.85000000	-0.00000008	0.00000007
82.90000000	0.00000003	-0.00000009
82.95000000	0.00000005	-0.00000000
83.00000000	0.00000013	-0.00000007
83.05000000	0.00000019	-0.00000009
83.10000000	0.00000024	-0.00000010
83.15000000	0.00000019	-0.00000003
83.20000000	0.00000027	-0.00000009
83.25000000	0.00000022	0.00000001
83.30000000	0.00000027	0.00000002
83.35000000	0.00000022	0.00000006
83.40000000	0.00000022	-0.00000001
83.45000000	0.00000021	0.00000001
83.50000000	0.00000017	0.00000005
83.55000000	0.00000014	-0.00000002
83.60000000	0.00000012	-0.00000006
83.65000000	0.00000006	0.00000013
83.70000000	0.00000002	0.00000008
83.75000000	0.00000001	-0.00000003
83.80000000	-0.00000005	0.00000009
83.85000000	-0.00000017	-0.00000004
83.90000000	-0.00000012	-0.00000008
83.95000000	-0.00000026	0.00000008
84.00000000	-0.00000023	-0.00000001
84.05000000	-0.00000021	-0.00000000
84.10000000	-0.00000016	-0.00000008
84.15000000	-0.00000021	-0.00000008
84.20000000	-0.00000022	0.00000008
84.25000000	-0.00000018	-0.00000004
84.30000000	-0.00000015	0.00000011
84.35000000	-0.00000012	0.00000000
84.40000000	-0.00000012	-0.00000001
84.45000000	-0.00000010	0.00000001
84.50000000	-0.00000005	0.00000008
84.55000000	-0.00000001	-0.00000001
84.60000000	0.00000000	-0.00000012
84.65000000	0.00000003	0.00000001
84.70000000	0.00000012	0.00000001
84.75000000	0.00000008	0.00000001
84.80000000	0.00000024	0.00000011
84.85000000	0.00000024	0.00000007
84.90000000	0.00000025	0.00000002
84.95000000	0.00000027	0.00000002
85.00000000	0.00000024	-0.00000002
85.05000000	0.00000028	0.00000005
85.10000000	0.00000022	0.00000001
85.15000000	0.00000016	0.00000009
85.20000000	0.00000018	0.00000010
85.25000000	0.00000018	0.00000014
85.30000000	0.00000013	0.00000005
85.35000000	0.00000004	-0.00000009
85.40000000	0.00000013	-0.00000004
85.45000000	-0.00000001	0.00000001
85.50000000	0.00000005	0.00000011
85.55000000	0.00000000	-0.00000006
85.60000000	-0.00000014	-0.00000003
85.65000000	-0.00000014	0.00000002
85.70000000	-0.00000028	-0.00000009
85.75000000	-0.00000016	0.00000001
85.80000000	-0.00000014	0.00000005
85.85000000	-0.00000017	-0.00000009
85.90000000	-0.00000008	0.00000005
85.95000000	-0.00000004	-0.00000010
86.00000000	0.00000006	0.00000009
86.05000000	-0.00000016	-0.00000015
86.10000000	0.00000014	0.00000004
86.15000000	0.00000014	-0.00000000
86.20000000	0.00000023	0.00000006
86.25000000	0.00000014	-0.00000001
86.30000000	0.00000006	-0.00000011
86.35000000	0.00000019	-0.00000001
86.40000000	0.00000023	0.00000005
86.45000000	0.00000020	-0.00000006
86.50000000	0.00000027	-0.00000003
86.55000000	0.00000028	0.00000001
86.60000000	0.00000029	0.00000005
86.65000000	0.00000010	-0.00000013
86.70000000	0.00000019	0.00000001
86.75000000	0.00000024	0.00000000
86.80000000	0.00000000	-0.00000003
86.85000000	0.00000018	0.00000011
86.90000000	0.00000006	0.00000004
86.95000000	0.00000015	0.00000006
87.00000000	0.00000008	-0.00000001
87.05000000	0.00000003	0.00000001
87.10000000	0.00000007	0.00000004
87.15000000	-0.00000015	-0.00000005
87.20000000	-0.00000005	0.00000003
87.25000000	-0.00000021	0.00000001
87.30000000	-0.00000019	-0.00000005
87.35000000	-0.00000013	0.00000003
87.40000000	-0.00000014	0.00000001
87.45000000	-0.00000032	-0.00000008
87.50000000	-0.00000019	-0.00000002
87.55000000	-0.00000012	0.00000001
87.60000000	-0.00000005	-0.00000000
87.65000000	-0.00000012	-0.00000001
87.70000000	0.00000013	0.00000003
87.75000000	0.00000009	0.00000003
87.80000000	0.00000017	0.00000001
87.85000000	0.00000012	0.00000004
87.90000000	0.00000011	-0.00000010
87.95000000	0.00000007	-0.00000003
88.00000000	0.00000003	-0.00000000
88.05000000	0.00000012	-0.00000003
88.10000000	0.00000021	0.00000006
88.15000000	0.00000004	0.00000002
88.20000000	0.00000021	0.00000003
88.25000000	0.00000028	-0.00000002
88.30000000	0.00000025	0.00000003
88.35000000	0.00000001	-0.00000001
88.40000000	0.00000014	-0.00000004
88.45000000	0.00000004	0.00000002
88.50000000	0.00000006	-0.00000002
88.55000000	-0.00000012	0.00000004
88.60000000	0.00000000	0.00000005
88.65000000	-0.00000003	-0.00000007
88.70000000	-0.00000022	0.00000002
88.75000000	-0.00000003	-0.00000006
88.80000000	-0.00000013	0.00000003
88.85000000	-0.00000008	0.00000001
88.90000000	-0.00000019	0.00000001
88.95000000	-0.00000020	-0.00000008
89.00000000	-0.00000016	-0.00000005
89.05000000	-0.00000001	-0.00000005
89.10000000	-0.00000019	0.00000003
89.15000000	-0.00000014	-0.00000001
89.20000000	0.00000007	-0.00000011
89.25000000	-0.00000022	0.00000014
89.30000000	0.00000016	-0.00000009
89.35000000	0.00000012	-0.00000003
89.40000000	0.00000012	-0.00000003
89.45000000	0.00000021	-0.00000007
89.50000000	0.00000023	-0.00000004
89.55000000	0.00000030	-0.00000013
89.60000000	0.00000038	-0.00000014
89.65000000	0.00000033	-0.00000004
89.70000000	0.00000018	0.00000012
89.75000000	0.00000019	-0.00000002
89.80000000	0.00000033	-0.00000011
89.85000000	0.00000028	0.00000002
89.90000000	0.00000019	-0.00000007
89.95000000	0.00000028	-0.00000013
90.00000000	0.00000018	0.00000003
90.05000000	0.00000009	0.00000015
90.10000000	0.00000015	-0.00000001
90.15000000	0.00000001	0.00000012
90.20000000	0.00000004	-0.00000001
90.25000000	0.00000006	-0.00000003
90.30000000	0.00000012	-0.00000012
90.35000000	0.00000001	0.00000006
90.40000000	-0.00000002	0.00000004
90.45000000	-0.00000005	0.00000009
90.50000000	-0.00000005	0.00000008
90.55000000	-0.00000006	0.00000002
90.60000000	0.00000008	-0.00000011
90.65000000	-0.00000005	0.00000002
90.70000000	-0.00000001	-0.00000009
90.75000000	-0.00000003	0.00000016
90.80000000	0.00000004	-0.00000009
90.85000000	-0.00000009	0.00000002
90.90000000	0.00000005	0.00000003
90.95000000	0.00000009	-0.00000001
91.00000000	0.00000008	0.00000004
91.05000000	0.00000011	-0.00000004
91.10000000	0.00000016	-0.00000004
91.15000000	0.00000024	-0.00000010
91.20000000	0.00000016	-0.00000000
91.25000000	0.00000013	-0.00000013
91.30000000	0.00000013	-0.00000004
91.35000000	0.00000015	-0.00000003
91.40000000	0.00000012	-0.00000009
91.45000000	0.00000013	0.00000004
91.50000000	0.00000012	0.00000007
91.55000000	0.00000009	0.00000002
91.60000000	0.00000002	0.00000003
91.65000000	0.00000001	0.00000006
91.70000000	0.00000004	0.00000013
91.75000000	0.00000011	0.00000005
91.80000000	-0.00000007	-0.00000007
91.85000000	-0.00000003	-0.00000005
91.90000000	-0.00000007	0.00000002
91.95000000	-0.00000007	0.00000001
92.00000000	-0.00000014	-0.00000012
92.05000000	-0.00000001	0.00000006
92.10000000	-0.00000019	-0.00000010
92.15000000	-0.00000013	-0.00000018
92.20000000	0.00000002	0.00000017
92.25000000	-0.00000015	-0.00000010
92.30000000	-0.00000009	-0.00000003
92.35000000	-0.00000011	0.00000001
92.40000000	-0.00000016	-0.00000009
92.45000000	-0.00000007	0.00000004
92.50000000	-0.00000017	-0.00000009
92.55000000	-0.00000015	-0.00000017
92.60000000	0.00000000	0.00000003
92.65000000	0.00000001	0.00000005
92.70000000	-0.00000000	-0.00000004
92.75000000	0.00000006	-0.00000002
92.80000000	0.00000014	0.00000004
92.85000000	0.00000007	-0.00000000
92.90000000	0.00000011	0.00000001
92.95000000	0.00000015	0.00000004
93.00000000	0.00000002	-0.00000010
93.05000000	0.00000013	0.00000006
93.10000000	0.00000010	-0.00000000
93.15000000	0.00000001	-0.00000006
93.20000000	0.00000027	0.00000013
93.25000000	0.00000006	-0.00000004
93.30000000	0.00000000	-0.00000002
93.35000000	-0.00000001	-0.00000012
93.40000000	0.00000004	0.00000000
93.45000000	0.00000005	-0.00000000
93.50000000	0.00000013	-0.00000004
93.55000000	0.00000005	0.00000003
93.60000000	-0.00000009	-0.00000002
93.65000000	-0.00000002	0.00000005
93.70000000	-0.00000007	-0.00000010
93.75000000	0.00000004	0.00000001
93.80000000	0.00000002	-0.00000000
93.85000000	-0.00000006	-0.00000005
93.90000000	-0.00000008	-0.00000002
93.95000000	0.00000003	-0.00000001
94.00000000	0.00000012	0.00000000
94.05000000	-0.00000005	-0.00000003
94.10000000	-0.00000002	-0.00000006
94.15000000	0.00000020	0.00000000
94.20000000	0.00000005	0.00000000
94.25000000	0.00000007	0.00000007
94.30000000	0.00000005	-0.00000001
94.35000000	0.00000018	0.00000003
94.40000000	0.00000021	0.00000006
94.45000000	0.00000012	0.00000000
94.50000000	0.00000027	0.00000001
94.55000000	0.00000011	0.00000006
94.60000000	0.00000041	0.00000005
94.65000000	0.00000031	-0.00000001
94.70000000	0.00000028	0.00000005
94.75000000	0.00000016	0.00000005
94.80000000	-0.00000003	0.00000007
94.85000000	0.00000005	0.00000001
94.90000000	0.00000034	-0.00000001
94.95000000	0.00000007	-0.00000001
95.00000000	0.00000006	0.00000002
95.05000000	0.00000027	-0.00000007
95.10000000	0.00000014	0.00000005
95.15000000	-0.00000002	0.00000002
95.20000000	0.00000000	0.00000000
95.25000000	-0.00000005	0.00000003
95.30000000	-0.00000015	0.00000003
95.35000000	-0.00000004	0.00000004
95.40000000	0.00000007	0.00000001
95.45000000	-0.00000006	0.00000001
95.50000000	-0.00000010	0.00000001
95.55000000	-0.00000009	0.00000007
95.60000000	-0.00000006	-0.00000002
95.65000000	-0.00000003	-0.00000000
95.70000000	0.00000003	-0.00000004
95.75000000	-0.00000017	0.00000011
95.80000000	-0.00000006	-0.00000000
95.85000000	-0.00000001	0.00000003
95.90000000	0.00000009	-0.00000005
95.95000000	0.00000009	-0.00000006
96.00000000	0.00000000	0.00000002
96.05000000	0.00000000	0.00000005
96.10000000	0.00000015	-0.00000003
96.15000000	0.00000001	0.00000001
96.20000000	0.00000008	0.00000006
96.25000000	0.00000001	0.00000006
96.30000000	0.00000016	-0.00000007
96.35000000	-0.00000006	0.00000013
96.40000000	0.00000008	-0.00000004
96.45000000	0.00000002	0.00000005
96.50000000	0.00000011	0.00000003
96.55000000	0.00000008	-0.00000003
96.60000000	0.00000003	0.00000005
96.65000000	0.00000008	-0.00000004
96.70000000	-0.00000002	0.00000004
96.75000000	-0.00000006	0.00000011
96.80000000	-0.00000001	-0.00000001
96.85000000	-0.00000010	0.00000013
96.90000000	0.00000007	-0.00000023
96.95000000	-0.00000002	0.00000008
97.00000000	-0.00000010	0.00000008
97.05000000	-0.00000001	-0.00000013
97.10000000	0.00000003	-0.00000016
97.15000000	-0.00000005	-0.00000004
97.20000000	-0.00000008	0.00000007
97.25000000	0.00000000	-0.00000003
97.30000000	-0.00000002	0.00000009
97.35000000	0.00000001	0.00000016
97.40000000	0.00000006	0.00000002
97.45000000	0.00000010	-0.00000012
97.50000000	0.00000013	-0.00000011
97.55000000	0.00000017	0.00000012
97.60000000	0.00000016	-0.00000010
97.65000000	0.00000014	-0.00000010
97.70000000	0.00000014	-0.00000002
97.75000000	0.00000012	-0.00000014
97.80000000	0.00000019	-0.00000005
97.85000000	0.00000011	0.00000008
97.90000000	0.00000011	-0.00000006
97.95000000	0.00000011	0.00000012
98.00000000	0.00000010	0.00000006
98.05000000	0.00000010	-0.00000004
98.10000000	0.00000006	0.00000002
98.15000000	0.00000010	-0.00000013
98.20000000	0.00000006	0.00000005
98.25000000	0.00000011	-0.00000005
98.30000000	0.00000012	0.00000007
98.35000000	0.00000013	-0.00000011
98.40000000	0.00000012	0.00000007
98.45000000	0.00000008	0.00000015
98.50000000	0.00000007	-0.00000001
98.55000000	0.00000011	-0.00000001
98.60000000	0.00000010	0.00000005
98.65000000	0.00000005	-0.00000007
98.70000000	0.00000009	0.00000005
98.75000000	0.00000008	-0.00000006
98.80000000	0.00000009	0.00000005
98.85000000	0.00000011	0.00000003
98.90000000	0.00000012	-0.00000008
98.95000000	0.00000012	-0.00000002
99.00000000	0.00000014	0.00000004
99.05000000	0.00000007	0.00000006
99.10000000	0.00000012	0.00000000
99.15000000	0.00000004	-0.00000005
99.20000000	0.00000008	0.00000005
99.25000000	0.00000006	0.00000011
99.30000000	0.00000014	0.00000010
99.35000000	-0.00000005	-0.00000009
99.40000000	0.00000003	-0.00000001
99.45000000	-0.00000007	-0.00000008
99.50000000	0.00000004	0.00000009
99.55000000	0.00000006	0.00000009
99.60000000	0.00000005	0.00000003
99.65000000	-0.00000001	0.00000001
99.70000000	0.00000002	0.00000008
99.75000000	0.00000001	-0.00000000
99.80000000	0.00000007	0.00000005
99.85000000	-0.00000010	-0.00000010
99.90000000	-0.00000003	-0.00000006
99.95000000	0.00000008	0.00000003
100.00000000	0.00000008	0.00000004
