-10.00000000	0.00000008	0.00000004
-9.95000000	0.00000017	-0.00000001
-9.90000000	0.00000002	-0.00000003
-9.85000000	0.00000003	-0.00000001
-9.80000000	-0.00000011	-0.00000001
-9.75000000	0.00000012	0.00000005
-9.70000000	-0.00000006	-0.00000003
-9.65000000	-0.00000018	-0.00000008
-9.60000000	-0.00000008	0.00000007
-9.55000000	-0.00000008	0.00000005
-9.50000000	0.00000020	-0.00000001
-9.45000000	0.00000021	0.00000001
-9.40000000	0.00000021	0.00000001
-9.35000000	0.00000008	0.00000004
-9.30000000	0.00000012	-0.00000007
-9.25000000	0.00000012	0.00000002
-9.20000000	0.00000002	0.00000001
-9.15000000	0.00000017	0.00000003
-9.10000000	0.00000014	0.00000004
-9.05000000	0.00000017	0.00000000
-9.00000000	0.00000003	0.00000006
-8.95000000	0.00000017	-0.00000008
-8.90000000	-0.00000003	0.00000002
-8.85000000	0.00000009	-0.00000009
-8.80000000	0.00000022	-0.00000004
-8.75000000	0.00000020	-0.00000010
-8.70000000	0.00000001	-0.00000002
-8.65000000	0.00000004	0.00000000
-8.60000000	0.00000010	-0.00000008
-8.55000000	0.00000023	-0.00000022
-8.50000000	-0.00000011	0.00000005
-8.45000000	0.00000004	-0.00000009
-8.40000000	-0.00000011	0.00000002
-8.35000000	0.00000004	-0.00000003
-8.30000000	-0.00000016	0.00000010
-8.25000000	0.00000009	-0.00000006
-8.20000000	-0.00000007	0.00000003
-8.15000000	-0.00000002	0.00000003
-8.10000000	0.00000002	-0.00000003
-8.05000000	0.00000016	-0.00000001
-8.00000000	0.00000016	-0.00000001
-7.95000000	0.00000005	0.00000007
-7.90000000	0.00000003	0.00000009
-7.85000000	0.00000007	-0.00000001
-7.80000000	0.00000023	-0.00000009
-7.75000000	0.00000018	0.00000003
-7.70000000	0.00000013	-0.00000012
-7.65000000	-0.00000014	0.00000008
-7.60000000	-0.00000013	0.00000014
-7.55000000	-0.00000015	0.00000003
-7.50000000	-0.00000012	-0.00000002
-7.45000000	-0.00000023	-0.00000001
-7.40000000	-0.00000011	-0.00000005
-7.35000000	-0.00000013	-0.00000022
-7.30000000	-0.00000020	-0.00000015
-7.25000000	-0.00000036	0.00000013
-7.20000000	-0.00000019	0.00000004
-7.15000000	-0.00000015	-0.00000002
-7.10000000	-0.00000015	0.00000008
-7.05000000	0.00000004	-0.00000012
-7.00000000	-0.00000006	0.00000018
-6.95000000	0.00000005	0.00000010
-6.90000000	0.00000020	-0.00000002
-6.85000000	0.00000023	0.00000001
-6.80000000	0.00000022	0.00000024
-6.75000000	0.00000037	0.00000003
-6.70000000	0.00000031	0.00000016
-6.65000000	0.00000041	-0.00000010
-6.60000000	0.00000034	-0.00000011
-6.55000000	0.00000027	0.00000004
-6.50000000	0.00000032	0.00000000
-6.45000000	0.00000019	0.00000000
-6.40000000	0.00000012	-0.00000002
-6.35000000	0.00000003	-0.00000001
-6.30000000	-0.00000010	0.00000014
-6.25000000	-0.00000011	0.00000000
-6.20000000	-0.00000024	0.00000003
-6.15000000	-0.00000023	-0.00000010
-6.10000000	-0.00000025	-0.00000006
-6.05000000	-0.00000035	-0.00000007
-6.00000000	-0.00000021	-0.00000016
-5.95000000	-0.00000020	0.00000015
-5.90000000	-0.00000016	0.00000008
-5.85000000	-0.00000007	0.00000004
-5.80000000	0.00000003	0.00000004
-5.75000000	0.00000014	0.00000001
-5.70000000	0.00000024	0.00000003
-5.65000000	0.00000032	0.00000020
-5.60000000	0.00000042	0.00000009
-5.55000000	0.00000040	0.00000009
-5.50000000	0.00000045	0.00000015
-5.45000000	0.00000036	-0.00000002
-5.40000000	0.00000032	0.00000003
-5.35000000	0.00000023	-0.00000002
-5.30000000	0.00000016	0.00000005
-5.25000000	0.00000005	-0.00000000
-5.20000000	-0.00000006	-0.00000003
-5.15000000	-0.00000019	-0.00000004
-5.10000000	-0.00000020	0.00000002
-5.05000000	-0.00000026	0.00000005
-5.00000000	-0.00000020	0.00000020
-4.95000000	-0.00000038	-0.00000008
-4.90000000	-0.00000034	-0.00000003
-4.85000000	-0.00000044	-0.00000019
-4.80000000	-0.00000020	0.00000002
-4.75000000	-0.00000019	-0.00000001
-4.70000000	-0.00000008	0.00000001
-4.65000000	0.00000003	0.00000003
-4.60000000	-0.00000003	0.00000004
-4.55000000	0.00000011	0.00000014
-4.50000000	0.00000013	0.00000010
-4.45000000	0.00000015	0.00000002
-4.40000000	0.00000007	-0.00000006
-4.35000000	0.00000023	0.00000004
-4.30000000	0.00000025	0.00000012
-4.25000000	0.00000008	-0.00000008
-4.20000000	0.00000014	0.00000008
-4.15000000	0.00000000	-0.00000004
-4.10000000	-0.00000003	-0.00000001
-4.05000000	-0.00000005	-0.00000003
-4.00000000	-0.00000002	-0.00000004
-3.95000000	-0.00000000	-0.00000008
-3.90000000	-0.00000015	-0.00000004
-3.85000000	-0.00000014	-0.00000003
-3.80000000	-0.00000011	0.00000000
-3.75000000	-0.00000022	-0.00000004
-3.70000000	-0.00000019	-0.00000007
-3.65000000	-0.00000012	0.00000005
-3.60000000	-0.00000006	0.00000001
-3.55000000	0.00000009	-0.00000004
-3.50000000	-0.00000009	-0.00000003
-3.45000000	0.00000007	0.00000003
-3.40000000	0.00000016	0.00000002
-3.35000000	0.00000009	0.00000001
-3.30000000	0.00000022	0.00000010
-3.25000000	0.00000024	-0.00000001
-3.20000000	0.00000032	0.00000005
-3.15000000	0.00000024	0.00000004
-3.10000000	0.00000019	-0.00000004
-3.05000000	0.00000027	0.00000002
-3.00000000	0.00000023	-0.00000003
-2.95000000	0.00000006	0.00000004
-2.90000000	0.00000024	-0.00000003
-2.85000000	-0.00000021	-0.00000001
-2.80000000	0.00000000	0.00000003
-2.75000000	-0.00000022	-0.00000011
-2.70000000	-0.00000009	0.00000003
-2.65000000	-0.00000009	-0.00000004
-2.60000000	0.00000006	-0.00000002
-2.55000000	-0.00000009	-0.00000007
-2.50000000	-0.00000004	-0.00000001
-2.45000000	-0.00000007	0.00000002
-2.40000000	0.00000004	0.00000003
-2.35000000	-0.00000004	-0.00000005
-2.30000000	0.00000004	0.00000002
-2.25000000	0.00000012	-0.00000002
-2.20000000	0.00000008	-0.00000002
-2.15000000	0.00000012	-0.00000000
-2.10000000	0.00000006	0.00000002
-2.05000000	0.00000009	0.00000003
-2.00000000	-0.00000001	0.00000002
-1.95000000	0.00000011	0.00000002
-1.90000000	0.00000020	-0.00000002
-1.85000000	0.00000014	0.00000006
-1.80000000	0.00000008	-0.00000005
-1.75000000	-0.00000000	-0.00000003
-1.70000000	0.00000025	-0.00000006
-1.65000000	0.00000007	0.00000004
-1.60000000	-0.00000001	0.00000003
-1.55000000	-0.00000004	-0.00000009
-1.50000000	0.00000005	-0.00000012
-1.45000000	-0.00000024	0.00000001
-1.40000000	-0.00000014	-0.00000014
-1.35000000	-0.00000010	-0.00000010
-1.30000000	-0.00000023	-0.00000007
-1.25000000	-0.00000023	-0.00000004
-1.20000000	-0.00000032	0.00000016
-1.15000000	-0.00000028	0.00000010
-1.10000000	-0.00000014	-0.00000001
-1.05000000	-0.00000013	-0.00000010
-1.00000000	-0.00000004	-0.00000007
-0.95000000	0.00000008	-0.00000003
-0.90000000	0.00000003	-0.00000004
-0.85000000	0.00000009	0.00000008
-0.80000000	0.00000020	0.00000001
-0.75000000	0.00000014	0.00000006
-0.70000000	0.00000016	0.00000012
-0.65000000	0.00000010	0.00000020
-0.60000000	0.00000031	-0.00000009
-0.55000000	0.00000029	-0.00000006
-0.50000000	0.00000004	0.00000004
-0.45000000	0.00000014	-0.00000001
-0.40000000	0.00000004	-0.00000005
-0.35000000	0.00000006	-0.00000001
-0.30000000	-0.00000002	0.00000006
-0.25000000	0.00000003	-0.00000007
-0.20000000	-0.00000010	-0.00000014
-0.15000000	-0.00000010	-0.00000003
-0.10000000	-0.00000014	-0.00000018
-0.05000000	-0.00000018	-0.00000011
0.00000000	-0.00000015	-0.00000002
0.05000000	-0.00000011	0.00000005
0.10000000	0.00000004	-0.00000011
0.15000000	0.00000002	-0.00000005
0.20000000	0.00000012	-0.00000011
0.25000000	0.00000017	-0.00000012
0.30000000	0.00000017	0.00000005
0.35000000	0.00000026	0.00000003
0.40000000	0.00000016	0.00000004
0.45000000	0.00000026	-0.00000007
0.50000000	0.00000029	0.00000011
0.55000000	0.00000026	-0.00000001
0.60000000	0.00000024	-0.00000015
0.65000000	0.00000017	0.00000015
0.70000000	0.00000005	-0.00000011
0.75000000	0.00000009	0.00000008
0.80000000	0.00000006	0.00000006
0.85000000	-0.00000006	-0.00000006
0.90000000	-0.00000009	-0.00000005
0.95000000	-0.00000003	0.00000005
1.00000000	-0.00000011	-0.00000007
1.05000000	-0.00000014	0.00000009
1.10000000	-0.00000014	0.00000017
1.15000000	-0.00000020	-0.00000018
1.20000000	-0.00000025	-0.00000009
1.25000000	-0.00000021	-0.00000012
1.30000000	-0.00000020	0.00000002
1.35000000	-0.00000015	0.00000009
1.40000000	-0.00000011	0.00000019
1.45000000	-0.00000017	0.00000007
1.50000000	-0.00000012	0.00000002
1.55000000	-0.00000017	-0.00000003
1.60000000	-0.00000013	0.00000009
1.65000000	-0.00000017	0.00000001
1.70000000	-0.00000008	-0.00000008
1.75000000	0.00000011	-0.00000007
1.80000000	0.00000016	0.00000002
1.85000000	0.00000026	0.00000008
1.90000000	0.00000029	-0.00000004
1.95000000	0.00000042	0.00000000
2.00000000	0.00000048	0.00000005
2.05000000	0.00000055	-0.00000004
2.10000000	0.00000057	0.00000001
2.15000000	0.00000049	-0.00000001
2.20000000	0.00000040	0.00000007
2.25000000	0.00000040	0.00000008
2.30000000	0.00000010	-0.00000006
2.35000000	-0.00000006	-0.00000002
2.40000000	-0.00000016	-0.00000001
2.45000000	-0.00000032	0.00000006
2.50000000	-0.00000054	-0.00000010
2.55000000	-0.00000064	0.00000004
2.60000000	-0.00000071	0.00000003
2.65000000	-0.00000075	0.00000003
2.70000000	-0.00000071	0.00000000
2.75000000	-0.00000063	-0.00000005
2.80000000	-0.00000043	0.00000002
2.85000000	-0.00000031	0.00000005
2.90000000	-0.00000009	0.00000012
2.95000000	-0.00000006	-0.00000002
3.00000000	0.00000018	0.00000003
3.05000000	0.00000040	0.00000002
3.10000000	0.00000058	0.00000007
3.15000000	0.00000066	0.00000009
3.20000000	0.00000074	-0.00000009
3.25000000	0.00000083	0.00000006
3.30000000	0.00000074	-0.00000008
3.35000000	0.00000098	0.00000007
3.40000000	0.00000080	0.00000001
3.45000000	0.00000085	-0.00000000
3.50000000	0.00000071	-0.00000004
3.55000000	0.00000044	-0.00000002
3.60000000	0.00000008	-0.00000007
3.65000000	0.00000002	-0.00000001
3.70000000	-0.00000036	-0.00000010
3.75000000	-0.00000029	0.00000006
3.80000000	-0.00000061	-0.00000003
3.85000000	-0.00000082	0.00000006
3.90000000	-0.00000076	0.00000001
3.95000000	-0.00000066	0.00000004
4.00000000	-0.00000068	-0.00000003
4.05000000	-0.00000059	0.00000000
4.10000000	-0.00000041	0.00000002
4.15000000	-0.00000005	0.00000008
4.20000000	-0.00000006	0.00000010
4.25000000	0.00000023	0.00000007
4.30000000	0.00000028	0.00000005
4.35000000	0.00000065	0.00000002
4.40000000	0.00000064	0.00000001
4.45000000	0.00000050	-0.00000000
4.50000000	0.00000060	0.00000001
4.55000000	0.00000034	-0.00000002
4.60000000	0.00000033	0.00000000
4.65000000	0.00000015	-0.00000001
4.70000000	0.00000009	-0.00000002
4.75000000	-0.00000008	-0.00000003
4.80000000	-0.00000023	-0.00000005
4.85000000	-0.00000033	-0.00000004
4.90000000	-0.00000062	-0.00000004
4.95000000	-0.00000072	-0.00000008
5.00000000	-0.00000089	-0.00000003
5.05000000	-0.00000092	-0.00000004
5.10000000	-0.00000116	0.00000008
5.15000000	-0.00000096	0.00000003
5.20000000	-0.00000079	0.00000006
5.25000000	-0.00000062	0.00000011
5.30000000	-0.00000025	0.00000012
5.35000000	0.00000022	0.00000007
5.40000000	0.00000080	-0.00000000
5.45000000	0.00000115	0.00000014
5.50000000	0.00000176	0.00000012
5.55000000	0.00000221	0.00000007
5.60000000	0.00000242	-0.00000001
5.65000000	0.00000229	0.00000007
5.70000000	0.00000210	0.00000008
5.75000000	0.00000202	-0.00000006
5.80000000	0.00000134	0.00000003
5.85000000	0.00000092	-0.00000009
5.90000000	0.00000018	-0.00000010
5.95000000	-0.00000065	-0.00000012
6.00000000	-0.00000147	-0.00000012
6.05000000	-0.00000226	-0.00000009
6.10000000	-0.00000289	-0.00000006
6.15000000	-0.00000340	-0.00000004
6.20000000	-0.00000337	-0.00000004
6.25000000	-0.00000314	-0.00000014
6.30000000	-0.00000297	0.00000002
6.35000000	-0.00000240	0.00000004
6.40000000	-0.00000170	0.00000010
6.45000000	-0.00000091	0.00000005
6.50000000	-0.00000012	0.00000013
6.55000000	0.00000061	0.00000030
6.60000000	0.00000162	0.00000014
6.65000000	0.00000236	0.00000012
6.70000000	0.00000314	0.00000007
6.75000000	0.00000344	0.00000022
6.80000000	0.00000381	0.00000023
6.85000000	0.00000388	0.00000016
6.90000000	0.00000387	0.00000005
6.95000000	0.00000331	0.00000006
7.00000000	0.00000273	-0.00000002
7.05000000	0.00000175	-0.00000002
7.10000000	0.00000077	-0.00000012
7.15000000	-0.00000035	-0.00000014
7.20000000	-0.00000167	-0.00000011
7.25000000	-0.00000259	-0.00000024
7.30000000	-0.00000361	-0.00000015
7.35000000	-0.00000426	-0.00000022
7.40000000	-0.00000452	-0.00000039
7.45000000	-0.00000458	-0.00000019
7.50000000	-0.00000432	-0.00000005
7.55000000	-0.00000374	-0.00000003
7.60000000	-0.00000280	-0.00000008
7.65000000	-0.00000157	0.00000010
7.70000000	-0.00000050	0.00000022
7.75000000	0.00000090	0.00000021
7.80000000	0.00000221	0.00000024
7.85000000	0.00000323	0.00000028
7.90000000	0.00000413	0.00000032
7.95000000	0.00000454	0.00000017
8.00000000	0.00000470	0.00000047
8.05000000	0.00000456	0.00000009
8.10000000	0.00000387	0.00000009
8.15000000	0.00000303	0.00000009
8.20000000	0.00000199	-0.00000012
8.25000000	0.00000075	-0.00000018
8.30000000	-0.00000043	-0.00000026
8.35000000	-0.00000157	-0.00000020
8.40000000	-0.00000250	-0.00000031
8.45000000	-0.00000328	-0.00000018
8.50000000	-0.00000381	-0.00000038
8.55000000	-0.00000407	-0.00000033
8.60000000	-0.00000407	-0.00000033
8.65000000	-0.00000372	-0.00000028
8.70000000	-0.00000311	-0.00000010
8.75000000	-0.00000229	-0.00000007
8.80000000	-0.00000125	0.00000008
8.85000000	-0.00000024	0.00000008
8.90000000	0.00000079	0.00000026
8.95000000	0.00000174	0.00000030
9.00000000	0.00000263	0.00000030
9.05000000	0.00000326	0.00000055
9.10000000	0.00000352	0.00000049
9.15000000	0.00000363	0.00000040
9.20000000	0.00000351	0.00000036
9.25000000	0.00000304	0.00000017
9.30000000	0.00000254	0.00000012
9.35000000	0.00000186	0.00000017
9.40000000	0.00000100	-0.00000024
9.45000000	0.00000022	-0.00000028
9.50000000	-0.00000063	-0.00000040
9.55000000	-0.00000147	-0.00000043
9.60000000	-0.00000206	-0.00000030
9.65000000	-0.00000263	-0.00000041
9.70000000	-0.00000293	-0.00000021
9.75000000	-0.00000314	-0.00000035
9.80000000	-0.00000315	-0.00000024
9.85000000	-0.00000284	-0.00000015
9.90000000	-0.00000219	0.00000003
9.95000000	-0.00000154	0.00000006
10.00000000	-0.00000082	0.00000020
10.05000000	0.00000012	0.00000022
10.10000000	0.00000094	0.00000038
10.15000000	0.00000161	0.00000032
10.20000000	0.00000239	0.00000038
10.25000000	0.00000298	0.00000041
10.30000000	0.00000326	0.00000048
10.35000000	0.00000329	0.00000037
10.40000000	0.00000298	0.00000027
10.45000000	0.00000253	0.00000014
10.50000000	0.00000179	0.00000002
10.55000000	0.00000090	0.00000002
10.60000000	0.00000006	-0.00000023
10.65000000	-0.00000084	-0.00000027
10.70000000	-0.00000146	-0.00000029
10.75000000	-0.00000199	-0.00000031
10.80000000	-0.00000234	-0.00000033
10.85000000	-0.00000264	-0.00000045
10.90000000	-0.00000254	-0.00000028
10.95000000	-0.00000237	-0.00000026
11.00000000	-0.00000217	-0.00000023
11.05000000	-0.00000196	-0.00000015
11.10000000	-0.00000164	-0.00000009
11.15000000	-0.00000136	-0.00000001
11.20000000	-0.00000077	0.00000016
11.25000000	-0.00000039	0.00000023
11.30000000	0.00000023	0.00000033
11.35000000	0.00000102	0.00000041
11.40000000	0.00000168	0.00000038
11.45000000	0.00000238	0.00000042
11.50000000	0.00000267	0.00000032
11.55000000	0.00000317	0.00000033
11.60000000	0.00000339	0.00000020
11.65000000	0.00000319	0.00000005
11.70000000	0.00000284	0.00000005
11.75000000	0.00000242	-0.00000000
11.80000000	0.00000167	-0.00000010
11.85000000	0.00000084	-0.00000022
11.90000000	-0.00000002	-0.00000030
11.95000000	-0.00000109	-0.00000034
12.00000000	-0.00000189	-0.00000039
12.05000000	-0.00000261	-0.00000038
12.10000000	-0.00000310	-0.00000030
12.15000000	-0.00000361	-0.00000027
12.20000000	-0.00000321	-0.00000022
12.25000000	-0.00000316	-0.00000012
12.30000000	-0.00000262	-0.00000007
12.35000000	-0.00000208	0.00000008
12.40000000	-0.00000125	0.00000007
12.45000000	-0.00000034	0.00000026
12.50000000	0.00000032	0.00000026
12.55000000	0.00000116	0.00000035
12.60000000	0.00000182	0.00000032
12.65000000	0.00000233	0.00000038
12.70000000	0.00000278	0.00000041
12.75000000	0.00000299	0.00000030
12.80000000	0.00000313	0.00000015
12.85000000	0.00000288	0.00000015
12.90000000	0.00000246	0.00000012
12.95000000	0.00000233	-0.00000008
13.00000000	0.00000171	-0.00000016
13.05000000	0.00000094	-0.00000028
13.10000000	0.00000001	-0.00000030
13.15000000	-0.00000091	-0.00000034
13.20000000	-0.00000169	-0.00000043
13.25000000	-0.00000254	-0.00000030
13.30000000	-0.00000312	-0.00000029
13.35000000	-0.00000340	-0.00000037
13.40000000	-0.00000343	-0.00000022
13.45000000	-0.00000339	-0.00000006
13.50000000	-0.00000278	0.00000002
13.55000000	-0.00000215	0.00000009
13.60000000	-0.00000115	0.00000007
13.65000000	-0.00000059	0.00000034
13.70000000	0.00000035	0.00000030
13.75000000	0.00000131	0.00000025
13.80000000	0.00000194	0.00000031
13.85000000	0.00000264	0.00000024
13.90000000	0.00000283	0.00000045
13.95000000	0.00000312	0.00000031
14.00000000	0.00000311	0.00000028
14.05000000	0.00000285	0.00000018
14.10000000	0.00000232	0.00000019
14.15000000	0.00000194	-0.00000009
14.20000000	0.00000127	-0.00000026
14.25000000	0.00000073	-0.00000037
14.30000000	-0.00000015	-0.00000035
14.35000000	-0.00000098	-0.00000027
14.40000000	-0.00000156	-0.00000043
14.45000000	-0.00000220	-0.00000026
14.50000000	-0.00000256	-0.00000024
14.55000000	-0.00000283	-0.00000022
14.60000000	-0.00000290	-0.00000028
14.65000000	-0.00000299	-0.00000007
14.70000000	-0.00000270	-0.00000010
14.75000000	-0.00000249	0.00000023
14.80000000	-0.00000181	0.00000023
14.85000000	-0.00000106	0.00000028
14.90000000	-0.00000025	0.00000029
14.95000000	0.00000066	0.00000043
15.00000000	0.00000164	0.00000032
15.05000000	0.00000221	0.00000025
15.10000000	0.00000275	0.00000038
15.15000000	0.00000319	0.00000018
15.20000000	0.00000339	0.00000003
15.25000000	0.00000329	0.00000002
15.30000000	0.00000309	-0.00000003
15.35000000	0.00000267	-0.00000002
15.40000000	0.00000213	-0.00000019
15.45000000	0.00000146	-0.00000028
15.50000000	0.00000058	-0.00000034
15.55000000	-0.00000014	-0.00000038
15.60000000	-0.00000090	-0.00000018
15.65000000	-0.00000183	-0.00000030
15.70000000	-0.00000251	-0.00000039
15.75000000	-0.00000291	-0.00000023
15.80000000	-0.00000316	-0.00000025
15.85000000	-0.00000332	-0.00000014
15.90000000	-0.00000323	0.00000003
15.95000000	-0.00000286	0.00000004
16.00000000	-0.00000238	-0.00000002
16.05000000	-0.00000172	0.00000024
16.10000000	-0.00000083	0.00000031
16.15000000	0.00000002	0.00000011
16.20000000	0.00000090	0.00000034
16.25000000	0.00000186	0.00000037
16.30000000	0.00000255	0.00000012
16.35000000	0.00000311	0.00000018
16.40000000	0.00000346	0.00000038
16.45000000	0.00000360	0.00000015
16.50000000	0.00000333	-0.00000001
16.55000000	0.00000294	-0.00000019
16.60000000	0.00000231	-0.00000005
16.65000000	0.00000128	-0.00000025
16.70000000	0.00000029	-0.00000010
16.75000000	-0.00000102	-0.00000012
16.80000000	-0.00000224	-0.00000037
16.85000000	-0.00000298	-0.00000030
16.90000000	-0.00000355	-0.00000030
16.95000000	-0.00000401	-0.00000045
17.00000000	-0.00000402	-0.00000023
17.05000000	-0.00000353	-0.00000007
17.10000000	-0.00000310	-0.00000016
17.15000000	-0.00000229	0.00000005
17.20000000	-0.00000132	0.00000024
17.25000000	-0.00000037	0.00000015
17.30000000	0.00000083	0.00000041
17.35000000	0.00000195	0.00000037
17.40000000	0.00000287	0.00000036
17.45000000	0.00000369	0.00000032
17.50000000	0.00000412	0.00000041
17.55000000	0.00000427	0.00000035
17.60000000	0.00000403	0.00000025
17.65000000	0.00000355	0.00000028
17.70000000	0.00000270	0.00000006
17.75000000	0.00000187	0.00000000
17.80000000	0.00000083	-0.00000018
17.85000000	-0.00000022	-0.00000027
17.90000000	-0.00000112	-0.00000025
17.95000000	-0.00000207	-0.00000044
18.00000000	-0.00000300	-0.00000045
18.05000000	-0.00000349	-0.00000042
18.10000000	-0.00000397	-0.00000034
18.15000000	-0.00000404	-0.00000029
18.20000000	-0.00000385	-0.00000013
18.25000000	-0.00000340	-0.00000004
18.30000000	-0.00000298	-0.00000017
18.35000000	-0.00000187	0.00000017
18.40000000	-0.00000089	0.00000015
18.45000000	0.00000029	0.00000021
18.50000000	0.00000144	0.00000038
18.55000000	0.00000255	0.00000041
18.60000000	0.00000339	0.00000039
18.65000000	0.00000412	0.00000041
18.70000000	0.00000430	0.00000029
18.75000000	0.00000423	0.00000023
18.80000000	0.00000404	0.00000024
18.85000000	0.00000346	0.00000011
18.90000000	0.00000264	-0.00000004
18.95000000	0.00000175	-0.00000015
19.00000000	0.00000054	-0.00000027
19.05000000	-0.00000045	-0.00000033
19.10000000	-0.00000140	-0.00000039
19.15000000	-0.00000237	-0.00000042
19.20000000	-0.00000305	-0.00000039
19.25000000	-0.00000362	-0.00000045
19.30000000	-0.00000403	-0.00000034
19.35000000	-0.00000378	-0.00000023
19.40000000	-0.00000342	-0.00000016
19.45000000	-0.00000326	-0.00000008
19.50000000	-0.00000219	0.00000009
19.55000000	-0.00000138	0.00000014
19.60000000	-0.00000049	0.00000023
19.65000000	0.00000037	0.00000033
19.70000000	0.00000125	0.00000041
19.75000000	0.00000183	0.00000048
19.80000000	0.00000276	0.00000049
19.85000000	0.00000297	0.00000039
19.90000000	0.00000299	0.00000031
19.95000000	0.00000311	0.00000022
20.00000000	0.00000276	0.00000018
20.05000000	0.00000260	0.00000000
20.10000000	0.00000199	-0.00000004
20.15000000	0.00000142	-0.00000018
20.20000000	0.00000039	-0.00000022
20.25000000	-0.00000026	-0.00000031
20.30000000	-0.00000079	-0.00000043
20.35000000	-0.00000151	-0.00000048
20.40000000	-0.00000206	-0.00000042
20.45000000	-0.00000223	-0.00000037
20.50000000	-0.00000234	-0.00000029
20.55000000	-0.00000254	-0.00000021
20.60000000	-0.00000212	-0.00000017
20.65000000	-0.00000207	-0.00000006
20.70000000	-0.00000200	0.00000015
20.75000000	-0.00000163	0.00000023
20.80000000	-0.00000090	0.00000027
20.85000000	-0.00000024	0.00000037
20.90000000	0.00000060	0.00000035
20.95000000	0.00000107	0.00000041
21.00000000	0.00000175	0.00000041
21.05000000	0.00000225	0.00000032
21.10000000	0.00000266	0.00000031
21.15000000	0.00000271	0.00000023
21.20000000	0.00000272	0.00000014
21.25000000	0.00000266	-0.00000002
21.30000000	0.00000224	-0.00000000
21.35000000	0.00000178	-0.00000018
21.40000000	0.00000104	-0.00000028
21.45000000	0.00000021	-0.00000036
21.50000000	-0.00000069	-0.00000040
21.55000000	-0.00000153	-0.00000038
21.60000000	-0.00000210	-0.00000040
21.65000000	-0.00000256	-0.00000028
21.70000000	-0.00000266	-0.00000028
21.75000000	-0.00000254	-0.00000025
21.80000000	-0.00000236	-0.00000009
21.85000000	-0.00000221	0.00000011
21.90000000	-0.00000165	0.00000010
21.95000000	-0.00000120	0.00000018
22.00000000	-0.00000065	0.00000030
22.05000000	-0.00000008	0.00000028
22.10000000	0.00000050	0.00000029
22.15000000	0.00000118	0.00000038
22.20000000	0.00000166	0.00000045
22.25000000	0.00000231	0.00000030
22.30000000	0.00000261	0.00000030
22.35000000	0.00000275	0.00000029
22.40000000	0.00000280	0.00000003
22.45000000	0.00000277	-0.00000019
22.50000000	0.00000241	-0.00000005
22.55000000	0.00000180	-0.00000010
22.60000000	0.00000116	-0.00000024
22.65000000	0.00000032	-0.00000032
22.70000000	-0.00000056	-0.00000041
22.75000000	-0.00000145	-0.00000028
22.80000000	-0.00000235	-0.00000028
22.85000000	-0.00000292	-0.00000024
22.90000000	-0.00000340	-0.00000032
22.95000000	-0.00000357	-0.00000011
23.00000000	-0.00000341	-0.00000011
23.05000000	-0.00000312	0.00000018
23.10000000	-0.00000254	0.00000004
23.15000000	-0.00000176	0.00000008
23.20000000	-0.00000082	0.00000032
23.25000000	0.00000005	0.00000028
23.30000000	0.00000106	0.00000023
23.35000000	0.00000176	0.00000051
23.40000000	0.00000253	0.00000034
23.45000000	0.00000291	0.00000041
23.50000000	0.00000312	0.00000013
23.55000000	0.00000321	0.00000007
23.60000000	0.00000301	0.00000013
23.65000000	0.00000265	-0.00000006
23.70000000	0.00000219	-0.00000033
23.75000000	0.00000169	-0.00000009
23.80000000	0.00000102	-0.00000029
23.85000000	0.00000028	-0.00000045
23.90000000	-0.00000047	-0.00000033
23.95000000	-0.00000114	-0.00000023
24.00000000	-0.00000177	-0.00000036
24.05000000	-0.00000234	-0.00000033
24.10000000	-0.00000269	-0.00000043
24.15000000	-0.00000296	-0.00000033
24.20000000	-0.00000303	-0.00000013
24.25000000	-0.00000277	0.00000016
24.30000000	-0.00000242	0.00000009
24.35000000	-0.00000187	0.00000024
24.40000000	-0.00000101	0.00000037
24.45000000	-0.00000012	0.00000027
24.50000000	0.00000071	0.00000043
24.55000000	0.00000138	0.00000031
24.60000000	0.00000190	0.00000026
24.65000000	0.00000244	0.00000033
24.70000000	0.00000272	0.00000035
24.75000000	0.00000275	0.00000029
24.80000000	0.00000281	0.00000013
24.85000000	0.00000262	0.00000007
24.90000000	0.00000227	-0.00000008
24.95000000	0.00000181	-0.00000005
25.00000000	0.00000109	-0.00000022
25.05000000	0.00000039	-0.00000032
25.10000000	-0.00000026	-0.00000040
25.15000000	-0.00000084	-0.00000022
25.20000000	-0.00000144	-0.00000033
25.25000000	-0.00000210	-0.00000038
25.30000000	-0.00000248	-0.00000039
25.35000000	-0.00000258	-0.00000013
25.40000000	-0.00000262	-0.00000011
25.45000000	-0.00000261	-0.00000003
25.50000000	-0.00000229	0.00000002
25.55000000	-0.00000183	0.00000020
25.60000000	-0.00000120	0.00000020
25.65000000	-0.00000052	0.00000030
25.70000000	0.00000018	0.00000030
25.75000000	0.00000091	0.00000039
25.80000000	0.00000129	0.00000032
25.85000000	0.00000168	0.00000025
25.90000000	0.00000206	0.00000020
25.95000000	0.00000242	0.00000018
26.00000000	0.00000247	0.00000007
26.05000000	0.00000256	0.00000001
26.10000000	0.00000227	-0.00000014
26.15000000	0.00000192	-0.00000020
26.20000000	0.00000131	-0.00000028
26.25000000	0.00000050	-0.00000039
26.30000000	0.00000003	-0.00000027
26.35000000	-0.00000076	-0.00000036
26.40000000	-0.00000134	-0.00000029
26.45000000	-0.00000192	-0.00000033
26.50000000	-0.00000225	-0.00000023
26.55000000	-0.00000270	-0.00000023
26.60000000	-0.00000284	-0.00000019
26.65000000	-0.00000277	-0.00000007
26.70000000	-0.00000256	0.00000007
26.75000000	-0.00000218	0.00000011
26.80000000	-0.00000156	0.00000029
26.85000000	-0.00000080	0.00000027
26.90000000	0.00000011	0.00000034
26.95000000	0.00000089	0.00000030
27.00000000	0.00000141	0.00000032
27.05000000	0.00000204	0.00000035
27.10000000	0.00000247	0.00000025
27.15000000	0.00000278	0.00000016
27.20000000	0.00000265	0.00000007
27.25000000	0.00000261	0.00000004
27.30000000	0.00000252	-0.00000004
27.35000000	0.00000206	-0.00000019
27.40000000	0.00000196	-0.00000021
27.45000000	0.00000111	-0.00000023
27.50000000	0.00000063	-0.00000032
27.55000000	-0.00000006	-0.00000037
27.60000000	-0.00000073	-0.00000036
27.65000000	-0.00000149	-0.00000030
27.70000000	-0.00000189	-0.00000029
27.75000000	-0.00000226	-0.00000025
27.80000000	-0.00000267	-0.00000013
27.85000000	-0.00000255	-0.00000018
27.90000000	-0.00000255	0.00000005
27.95000000	-0.00000234	0.00000014
28.00000000	-0.00000198	0.00000021
28.05000000	-0.00000149	0.00000019
28.10000000	-0.00000069	0.00000017
28.15000000	-0.00000030	0.00000032
28.20000000	0.00000041	0.00000026
28.25000000	0.00000125	0.00000022
28.30000000	0.00000183	0.00000017
28.35000000	0.00000219	0.00000026
28.40000000	0.00000254	0.00000012
28.45000000	0.00000279	0.00000002
28.50000000	0.00000278	-0.00000006
28.55000000	0.00000258	-0.00000015
28.60000000	0.00000212	-0.00000018
28.65000000	0.00000161	-0.00000026
28.70000000	0.00000101	-0.00000021
28.75000000	0.00000030	-0.00000023
28.80000000	-0.00000026	-0.00000024
28.85000000	-0.00000097	-0.00000014
28.90000000	-0.00000134	-0.00000025
28.95000000	-0.00000172	-0.00000031
29.00000000	-0.00000228	-0.00000009
29.05000000	-0.00000253	-0.00000008
29.10000000	-0.00000271	0.00000002
29.15000000	-0.00000270	0.00000017
29.20000000	-0.00000239	0.00000010
29.25000000	-0.00000217	0.00000025
29.30000000	-0.00000161	0.00000019
29.35000000	-0.00000091	0.00000031
29.40000000	-0.00000018	0.00000022
29.45000000	0.00000051	0.00000029
29.50000000	0.00000124	0.00000033
29.55000000	0.00000195	0.00000019
29.60000000	0.00000249	0.00000011
29.65000000	0.00000289	0.00000011
29.70000000	0.00000296	0.00000006
29.75000000	0.00000285	-0.00000001
29.80000000	0.00000263	-0.00000009
29.85000000	0.00000221	-0.00000022
29.90000000	0.00000152	-0.00000023
29.95000000	0.00000090	-0.00000017
30.00000000	0.00000017	-0.00000032
30.05000000	-0.00000072	-0.00000019
30.10000000	-0.00000138	-0.00000022
30.15000000	-0.00000201	-0.00000019
30.20000000	-0.00000257	-0.00000011
30.25000000	-0.00000288	-0.00000007
30.30000000	-0.00000305	-0.00000013
30.35000000	-0.00000294	0.00000005
30.40000000	-0.00000262	0.00000004
30.45000000	-0.00000212	0.00000024
30.50000000	-0.00000139	0.00000022
30.55000000	-0.00000058	0.00000013
30.60000000	0.00000023	0.00000025
30.65000000	0.00000105	0.00000011
30.70000000	0.00000165	0.00000021
30.75000000	0.00000235	0.00000030
30.80000000	0.00000278	0.00000018
30.85000000	0.00000295	0.00000014
30.90000000	0.00000303	0.00000001
30.95000000	0.00000292	0.00000006
31.00000000	0.00000256	0.00000003
31.05000000	0.00000206	-0.00000008
31.10000000	0.00000143	-0.00000018
31.15000000	0.00000075	-0.00000016
31.20000000	0.00000001	-0.00000015
31.25000000	-0.00000074	-0.00000021
31.30000000	-0.00000133	-0.00000011
31.35000000	-0.00000211	-0.00000031
31.40000000	-0.00000251	-0.00000009
31.45000000	-0.00000281	-0.00000011
31.50000000	-0.00000304	-0.00000019
31.55000000	-0.00000293	0.00000003
31.60000000	-0.00000257	0.00000013
31.65000000	-0.00000208	0.00000002
31.70000000	-0.00000153	0.00000005
31.75000000	-0.00000082	0.00000012
31.80000000	-0.00000008	0.00000019
31.85000000	0.00000064	0.00000021
31.90000000	0.00000139	0.00000022
31.95000000	0.00000180	0.00000018
32.00000000	0.00000233	0.00000022
32.05000000	0.00000245	-0.00000010
32.10000000	0.00000274	0.00000007
32.15000000	0.00000266	0.00000002
32.20000000	0.00000244	0.00000002
32.25000000	0.00000197	-0.00000003
32.30000000	0.00000147	-0.00000004
32.35000000	0.00000062	-0.00000015
32.40000000	-0.00000012	-0.00000011
32.45000000	-0.00000088	-0.00000012
32.50000000	-0.00000175	-0.00000027
32.55000000	-0.00000205	-0.00000015
32.60000000	-0.00000252	-0.00000022
32.65000000	-0.00000268	-0.00000016
32.70000000	-0.00000272	-0.00000004
32.75000000	-0.00000265	-0.00000003
32.80000000	-0.00000223	0.00000002
32.85000000	-0.00000179	0.00000008
32.90000000	-0.00000132	0.00000004
32.95000000	-0.00000031	0.00000017
33.00000000	0.00000030	0.00000019
33.05000000	0.00000105	0.00000017
33.10000000	0.00000184	0.00000024
33.15000000	0.00000242	0.00000023
33.20000000	0.00000278	0.00000015
33.25000000	0.00000283	0.00000012
33.30000000	0.00000281	0.00000012
33.35000000	0.00000231	-0.00000001
33.40000000	0.00000187	-0.00000007
33.45000000	0.00000142	-0.00000007
33.50000000	0.00000066	-0.00000018
33.55000000	0.00000022	-0.00000017
33.60000000	-0.00000059	-0.00000023
33.65000000	-0.00000110	-0.00000022
33.70000000	-0.00000167	-0.00000027
33.75000000	-0.00000190	-0.00000020
33.80000000	-0.00000206	-0.00000014
33.85000000	-0.00000234	-0.00000019
33.90000000	-0.00000223	-0.00000004
33.95000000	-0.00000191	0.00000002
34.00000000	-0.00000163	0.00000003
34.05000000	-0.00000129	0.00000005
34.10000000	-0.00000082	0.00000017
34.15000000	-0.00000030	0.00000020
34.20000000	0.00000021	0.00000019
34.25000000	0.00000086	0.00000018
34.30000000	0.00000117	0.00000024
34.35000000	0.00000161	0.00000024
34.40000000	0.00000214	0.00000012
34.45000000	0.00000221	0.00000006
34.50000000	0.00000221	0.00000005
34.55000000	0.00000206	0.00000002
34.60000000	0.00000178	-0.00000002
34.65000000	0.00000147	-0.00000017
34.70000000	0.00000107	-0.00000016
34.75000000	0.00000051	-0.00000013
34.80000000	0.00000011	-0.00000024
34.85000000	-0.00000043	-0.00000024
34.90000000	-0.00000102	-0.00000022
34.95000000	-0.00000158	-0.00000011
35.00000000	-0.00000199	-0.00000012
35.05000000	-0.00000230	-0.00000006
35.10000000	-0.00000242	0.00000007
35.15000000	-0.00000231	-0.00000003
35.20000000	-0.00000197	0.00000007
35.25000000	-0.00000163	0.00000012
35.30000000	-0.00000117	0.00000015
35.35000000	-0.00000069	0.00000022
35.40000000	-0.00000007	0.00000015
35.45000000	0.00000044	0.00000019
35.50000000	0.00000106	0.00000019
35.55000000	0.00000152	0.00000027
35.60000000	0.00000184	0.00000017
35.65000000	0.00000222	0.00000007
35.70000000	0.00000226	0.00000000
35.75000000	0.00000211	-0.00000000
35.80000000	0.00000189	-0.00000012
35.85000000	0.00000158	-0.00000013
35.90000000	0.00000100	-0.00000011
35.95000000	0.00000060	-0.00000029
36.00000000	0.00000003	-0.00000019
36.05000000	-0.00000046	-0.00000028
36.10000000	-0.00000104	-0.00000025
36.15000000	-0.00000156	-0.00000022
36.20000000	-0.00000189	-0.00000017
36.25000000	-0.00000209	-0.00000010
36.30000000	-0.00000219	-0.00000004
36.35000000	-0.00000200	-0.00000004
36.40000000	-0.00000172	0.00000008
36.45000000	-0.00000141	0.00000013
36.50000000	-0.00000076	0.00000015
36.55000000	-0.00000026	0.00000015
36.60000000	0.00000032	0.00000033
36.65000000	0.00000096	0.00000017
36.70000000	0.00000138	0.00000024
36.75000000	0.00000182	0.00000005
36.80000000	0.00000200	0.00000017
36.85000000	0.00000207	0.00000033
36.90000000	0.00000207	0.00000012
36.95000000	0.00000195	-0.00000002
37.00000000	0.00000168	-0.00000010
37.05000000	0.00000131	-0.00000016
37.10000000	0.00000084	0.00000005
37.15000000	0.00000036	-0.00000016
37.20000000	-0.00000016	-0.00000012
37.25000000	-0.00000069	-0.00000027
37.30000000	-0.00000116	-0.00000033
37.35000000	-0.00000146	-0.00000014
37.40000000	-0.00000171	-0.00000008
37.45000000	-0.00000194	-0.00000020
37.50000000	-0.00000181	0.00000006
37.55000000	-0.00000177	-0.00000004
37.60000000	-0.00000154	0.00000008
37.65000000	-0.00000131	-0.00000005
37.70000000	-0.00000099	0.00000001
37.75000000	-0.00000062	-0.00000000
37.80000000	-0.00000015	0.00000007
37.85000000	0.00000025	0.00000030
37.90000000	0.00000080	0.00000035
37.95000000	0.00000117	0.00000014
38.00000000	0.00000142	-0.00000000
38.05000000	0.00000160	0.00000008
38.10000000	0.00000185	0.00000013
38.15000000	0.00000181	-0.00000004
38.20000000	0.00000166	-0.00000016
38.25000000	0.00000162	0.00000000
38.30000000	0.00000121	-0.00000010
38.35000000	0.00000079	-0.00000015
38.40000000	0.00000039	-0.00000010
38.45000000	-0.00000025	-0.00000015
38.50000000	-0.00000075	-0.00000020
38.55000000	-0.00000118	-0.00000023
38.60000000	-0.00000144	0.00000008
38.65000000	-0.00000188	-0.00000010
38.70000000	-0.00000193	0.00000005
38.75000000	-0.00000196	-0.00000002
38.80000000	-0.00000175	0.00000010
38.85000000	-0.00000159	0.00000008
38.90000000	-0.00000131	0.00000016
38.95000000	-0.00000097	0.00000014
39.00000000	-0.00000031	0.00000027
39.05000000	0.00000011	0.00000013
39.10000000	0.00000061	0.00000019
39.15000000	0.00000112	0.00000009
39.20000000	0.00000155	0.00000016
39.25000000	0.00000181	0.00000005
39.30000000	0.00000217	0.00000011
39.35000000	0.00000195	-0.00000005
39.40000000	0.00000181	-0.00000013
39.45000000	0.00000153	-0.00000010
39.50000000	0.00000121	-0.00000016
39.55000000	0.00000090	-0.00000013
39.60000000	0.00000028	-0.00000019
39.65000000	0.00000001	-0.00000019
39.70000000	-0.00000045	-0.00000019
39.75000000	-0.00000082	-0.00000019
39.80000000	-0.00000106	-0.00000002
39.85000000	-0.00000141	-0.00000011
39.90000000	-0.00000176	-0.00000014
39.95000000	-0.00000168	0.00000002
40.00000000	-0.00000148	0.00000005
40.05000000	-0.00000136	0.00000009
40.10000000	-0.00000118	0.00000010
40.15000000	-0.00000071	0.00000015
40.20000000	-0.00000033	0.00000014
40.25000000	0.00000006	0.00000017
40.30000000	0.00000040	0.00000018
40.35000000	0.00000110	0.00000018
40.40000000	0.00000132	0.00000015
40.45000000	0.00000165	0.00000005
40.50000000	0.00000153	0.00000010
40.55000000	0.00000177	-0.00000003
40.60000000	0.00000144	0.00000003
40.65000000	0.00000143	-0.00000009
40.70000000	0.00000102	-0.00000009
40.75000000	0.00000083	-0.00000012
40.80000000	0.00000027	-0.00000013
40.85000000	-0.00000022	-0.00000005
40.90000000	-0.00000042	-0.00000019
40.95000000	-0.00000094	-0.00000007
41.00000000	-0.00000102	-0.00000009
41.05000000	-0.00000136	-0.00000004
41.10000000	-0.00000164	0.00000002
41.15000000	-0.00000162	-0.00000001
41.20000000	-0.00000159	0.00000009
41.25000000	-0.00000141	0.00000009
41.30000000	-0.00000119	0.00000015
41.35000000	-0.00000096	0.00000012
41.40000000	-0.00000046	0.00000004
41.45000000	-0.00000015	0.00000013
41.50000000	0.00000024	0.00000002
41.55000000	0.00000055	0.00000011
41.60000000	0.00000077	0.00000019
41.65000000	0.00000107	0.00000001
41.70000000	0.00000113	0.00000015
41.75000000	0.00000147	-0.00000004
41.80000000	0.00000141	-0.00000000
41.85000000	0.00000143	-0.00000004
41.90000000	0.00000118	-0.00000005
41.95000000	0.00000094	-0.00000012
42.00000000	0.00000061	-0.00000022
42.05000000	0.00000021	-0.00000011
42.10000000	-0.00000024	-0.00000011
42.15000000	-0.00000037	-0.00000018
42.20000000	-0.00000077	-0.00000005
42.25000000	-0.00000089	-0.00000010
42.30000000	-0.00000105	-0.00000004
42.35000000	-0.00000109	-0.00000003
42.40000000	-0.00000119	0.00000000
42.45000000	-0.00000122	0.00000007
42.50000000	-0.00000097	0.00000000
42.55000000	-0.00000086	0.00000005
42.60000000	-0.00000057	0.00000005
42.65000000	-0.00000045	0.00000013
42.70000000	-0.00000007	0.00000013
42.75000000	0.00000035	0.00000016
42.80000000	0.00000067	0.00000016
42.85000000	0.00000101	-0.00000010
42.90000000	0.00000124	-0.00000010
42.95000000	0.00000143	-0.00000010
43.00000000	0.00000140	0.00000005
43.05000000	0.00000144	-0.00000009
43.10000000	0.00000141	-0.00000009
43.15000000	0.00000116	-0.00000014
43.20000000	0.00000097	-0.00000026
43.25000000	0.00000066	-0.00000000
43.30000000	0.00000033	-0.00000023
43.35000000	-0.00000005	-0.00000006
43.40000000	-0.00000037	-0.00000009
43.45000000	-0.00000070	-0.00000006
43.50000000	-0.00000095	0.00000009
43.55000000	-0.00000119	0.00000009
43.60000000	-0.00000125	-0.00000001
43.65000000	-0.00000141	0.00000005
43.70000000	-0.00000136	0.00000004
43.75000000	-0.00000121	0.00000009
43.80000000	-0.00000101	-0.00000001
43.85000000	-0.00000073	0.00000005
43.90000000	-0.00000032	0.00000007
43.95000000	0.00000013	-0.00000014
44.00000000	0.00000052	-0.00000001
44.05000000	0.00000090	-0.00000003
44.10000000	0.00000123	0.00000015
44.15000000	0.00000144	-0.00000005
44.20000000	0.00000139	0.00000010
44.25000000	0.00000134	-0.00000001
44.30000000	0.00000127	0.00000005
44.35000000	0.00000103	0.00000001
44.40000000	0.00000081	0.00000002
44.45000000	0.00000048	-0.00000008
44.50000000	0.00000001	-0.00000012
44.55000000	-0.00000036	-0.00000010
44.60000000	-0.00000064	-0.00000010
44.65000000	-0.00000098	-0.00000004
44.70000000	-0.00000123	0.00000004
44.75000000	-0.00000131	0.00000008
44.80000000	-0.00000141	-0.00000005
44.85000000	-0.00000134	0.00000005
44.90000000	-0.00000118	0.00000011
44.95000000	-0.00000097	-0.00000000
45.00000000	-0.00000085	0.00000010
45.05000000	-0.00000062	0.00000002
45.10000000	-0.00000027	0.00000008
45.15000000	0.00000011	0.00000013
45.20000000	0.00000038	0.00000017
45.25000000	0.00000065	-0.00000003
45.30000000	0.00000110	0.00000009
45.35000000	0.00000129	-0.00000007
45.40000000	0.00000145	0.00000002
45.45000000	0.00000142	-0.00000011
45.50000000	0.00000151	-0.00000002
45.55000000	0.00000125	-0.00000015
45.60000000	0.00000106	-0.00000013
45.65000000	0.00000078	-0.00000013
45.70000000	0.00000045	-0.00000001
45.75000000	0.00000005	0.00000002
45.80000000	-0.00000029	0.00000001
45.85000000	-0.00000080	-0.00000022
45.90000000	-0.00000092	-0.00000005
45.95000000	-0.00000124	0.00000003
46.00000000	-0.00000137	0.00000002
46.05000000	-0.00000141	0.00000004
46.10000000	-0.00000140	-0.00000000
46.15000000	-0.00000117	-0.00000001
46.20000000	-0.00000083	0.00000002
46.25000000	-0.00000056	0.00000009
46.30000000	-0.00000028	0.00000000
46.35000000	0.00000039	0.00000014
46.40000000	0.00000054	0.00000004
46.45000000	0.00000098	0.00000008
46.50000000	0.00000128	0.00000009
46.55000000	0.00000153	0.00000006
46.60000000	0.00000160	-0.00000007
46.65000000	0.00000161	-0.00000000
46.70000000	0.00000136	0.00000005
46.75000000	0.00000107	-0.00000003
46.80000000	0.00000075	-0.00000008
46.85000000	0.00000025	-0.00000002
46.90000000	-0.00000009	0.00000000
46.95000000	-0.00000023	-0.00000007
47.00000000	-0.00000071	-0.00000005
47.05000000	-0.00000088	0.00000005
47.10000000	-0.00000094	-0.00000000
47.15000000	-0.00000115	0.00000008
47.20000000	-0.00000124	0.00000008
47.25000000	-0.00000121	0.00000008
47.30000000	-0.00000119	0.00000002
47.35000000	-0.00000109	0.00000006
47.40000000	-0.00000074	0.00000005
47.45000000	-0.00000034	0.00000009
47.50000000	0.00000004	0.00000004
47.55000000	0.00000033	0.00000002
47.60000000	0.00000046	0.00000013
47.65000000	0.00000074	0.00000008
47.70000000	0.00000092	0.00000003
47.75000000	0.00000083	0.00000007
47.80000000	0.00000106	0.00000004
47.85000000	0.00000132	-0.00000008
47.90000000	0.00000106	-0.00000007
47.95000000	0.00000086	-0.00000003
48.00000000	0.00000082	-0.00000011
48.05000000	0.00000045	-0.00000014
48.10000000	0.00000001	-0.00000010
48.15000000	-0.00000035	-0.00000001
48.20000000	-0.00000055	-0.00000009
48.25000000	-0.00000070	-0.00000010
48.30000000	-0.00000082	-0.00000013
48.35000000	-0.00000103	-0.00000003
48.40000000	-0.00000108	0.00000002
48.45000000	-0.00000109	0.00000005
48.50000000	-0.00000088	0.00000002
48.55000000	-0.00000084	0.00000008
48.60000000	-0.00000075	0.00000016
48.65000000	-0.00000034	-0.00000002
48.70000000	-0.00000023	0.00000018
48.75000000	0.00000021	-0.00000003
48.80000000	0.00000054	-0.00000001
48.85000000	0.00000082	0.00000001
48.90000000	0.00000096	0.00000010
48.95000000	0.00000139	-0.00000014
49.00000000	0.00000144	-0.00000000
49.05000000	0.00000151	-0.00000008
49.10000000	0.00000139	-0.00000007
49.15000000	0.00000116	-0.00000001
49.20000000	0.00000092	-0.00000011
49.25000000	0.00000055	-0.00000002
49.30000000	0.00000013	-0.00000015
49.35000000	-0.00000032	0.00000002
49.40000000	-0.00000061	-0.00000010
49.45000000	-0.00000095	-0.00000001
49.50000000	-0.00000114	-0.00000005
49.55000000	-0.00000123	0.00000006
49.60000000	-0.00000113	0.00000012
49.65000000	-0.00000098	0.00000003
49.70000000	-0.00000073	-0.00000008
49.75000000	-0.00000054	0.00000006
49.80000000	-0.00000030	-0.00000006
49.85000000	-0.00000014	-0.00000000
49.90000000	0.00000017	0.00000011
49.95000000	0.00000037	-0.00000000
50.00000000	0.00000053	0.00000010
50.05000000	0.00000074	0.00000003
50.10000000	0.00000089	0.00000007
50.15000000	0.00000092	-0.00000004
50.20000000	0.00000099	-0.00000008
50.25000000	0.00000076	-0.00000008
50.30000000	0.00000062	-0.00000002
50.35000000	0.00000041	-0.00000000
50.40000000	0.00000034	-0.00000014
50.45000000	0.00000017	-0.00000001
50.50000000	-0.00000004	0.00000006
50.55000000	-0.00000019	-0.00000023
50.60000000	-0.00000039	0.00000002
50.65000000	-0.00000059	-0.00000013
50.70000000	-0.00000067	0.00000008
50.75000000	-0.00000080	-0.00000009
50.80000000	-0.00000077	-0.00000004
50.85000000	-0.00000075	0.00000009
50.90000000	-0.00000067	0.00000020
50.95000000	-0.00000064	0.00000006
51.00000000	-0.00000044	0.00000011
51.05000000	-0.00000031	0.00000015
51.10000000	-0.00000023	-0.00000010
51.15000000	-0.00000007	-0.00000002
51.20000000	0.00000006	0.00000001
51.25000000	0.00000030	-0.00000012
51.30000000	0.00000036	-0.00000011
51.35000000	0.00000071	0.00000012
51.40000000	0.00000074	-0.00000012
51.45000000	0.00000087	-0.00000008
51.50000000	0.00000096	-0.00000001
51.55000000	0.00000085	-0.00000003
51.60000000	0.00000071	-0.00000003
51.65000000	0.00000052	-0.00000003
51.70000000	0.00000028	0.00000003
51.75000000	0.00000001	-0.00000001
51.80000000	-0.00000016	0.00000009
51.85000000	-0.00000047	-0.00000007
51.90000000	-0.00000079	-0.00000008
51.95000000	-0.00000087	0.00000000
52.00000000	-0.00000102	-0.00000001
52.05000000	-0.00000096	0.00000005
52.10000000	-0.00000096	0.00000001
52.15000000	-0.00000070	0.00000014
52.20000000	-0.00000056	0.00000008
52.25000000	-0.00000037	0.00000001
52.30000000	0.00000008	0.00000007
52.35000000	0.00000039	0.00000008
52.40000000	0.00000055	0.00000005
52.45000000	0.00000074	-0.00000000
52.50000000	0.00000098	-0.00000003
52.55000000	0.00000115	0.00000002
52.60000000	0.00000124	0.00000002
52.65000000	0.00000113	-0.00000005
52.70000000	0.00000120	0.00000000
52.75000000	0.00000074	-0.00000018
52.80000000	0.00000074	-0.00000006
52.85000000	0.00000037	-0.00000007
52.90000000	-0.00000003	-0.00000014
52.95000000	-0.00000032	-0.00000008
53.00000000	-0.00000055	-0.00000006
53.05000000	-0.00000086	0.00000001
53.10000000	-0.00000089	-0.00000007
53.15000000	-0.00000099	-0.00000001
53.20000000	-0.00000091	0.00000001
53.25000000	-0.00000094	0.00000003
53.30000000	-0.00000074	0.00000011
53.35000000	-0.00000067	0.00000006
53.40000000	-0.00000048	0.00000003
53.45000000	-0.00000030	0.00000007
53.50000000	0.00000000	0.00000005
53.55000000	0.00000022	0.00000004
53.60000000	0.00000051	0.00000013
53.65000000	0.00000048	0.00000004
53.70000000	0.00000073	-0.00000001
53.75000000	0.00000060	-0.00000003
53.80000000	0.00000064	0.00000003
53.85000000	0.00000081	-0.00000003
53.90000000	0.00000072	-0.00000004
53.95000000	0.00000072	0.00000004
54.00000000	0.00000054	0.00000000
54.05000000	0.00000043	-0.00000009
54.10000000	0.00000008	-0.00000009
54.15000000	-0.00000009	-0.00000004
54.20000000	-0.00000037	0.00000003
54.25000000	-0.00000046	-0.00000004
54.30000000	-0.00000052	-0.00000007
54.35000000	-0.00000052	-0.00000004
54.40000000	-0.00000059	0.00000002
54.45000000	-0.00000069	0.00000004
54.50000000	-0.00000061	0.00000004
54.55000000	-0.00000067	0.00000009
54.60000000	-0.00000046	0.00000007
54.65000000	-0.00000054	0.00000008
54.70000000	-0.00000030	0.00000003
54.75000000	-0.00000004	-0.00000003
54.80000000	0.00000019	-0.00000002
54.85000000	0.00000027	0.00000001
54.90000000	0.00000036	0.00000002
54.95000000	0.00000049	-0.00000001
55.00000000	0.00000047	-0.00000010
55.05000000	0.00000037	-0.00000007
55.10000000	0.00000046	-0.00000014
55.15000000	0.00000032	0.00000001
55.20000000	0.00000029	-0.00000005
55.25000000	0.00000017	-0.00000005
55.30000000	0.00000011	0.00000004
55.35000000	0.00000006	-0.00000003
55.40000000	-0.00000005	-0.00000005
55.45000000	-0.00000003	-0.00000020
55.50000000	-0.00000032	-0.00000002
55.55000000	-0.00000038	-0.00000000
55.60000000	-0.00000043	0.00000007
55.65000000	-0.00000044	0.00000010
55.70000000	-0.00000033	0.00000007
55.75000000	-0.00000026	-0.00000008
55.80000000	-0.00000018	0.00000019
55.85000000	-0.00000003	0.00000022
55.90000000	0.00000013	-0.00000000
55.95000000	0.00000034	0.00000000
56.00000000	0.00000037	0.00000008
56.05000000	0.00000051	0.00000004
56.10000000	0.00000070	-0.00000010
56.15000000	0.00000072	-0.00000004
56.20000000	0.00000064	0.00000008
56.25000000	0.00000066	-0.00000003
56.30000000	0.00000053	-0.00000008
56.35000000	0.00000038	-0.00000007
56.40000000	0.00000025	-0.00000003
56.45000000	0.00000014	-0.00000008
56.50000000	0.00000002	-0.00000011
56.55000000	-0.00000010	0.00000002
56.60000000	-0.00000015	-0.00000009
56.65000000	-0.00000026	-0.00000006
56.70000000	-0.00000043	0.00000013
56.75000000	-0.00000041	0.00000008
56.80000000	-0.00000042	0.00000010
56.85000000	-0.00000041	0.00000011
56.90000000	-0.00000034	0.00000011
56.95000000	-0.00000026	0.00000018
57.00000000	-0.00000006	-0.00000000
57.05000000	0.00000002	-0.00000009
57.10000000	0.00000002	0.00000014
57.15000000	0.00000015	-0.00000008
57.20000000	0.00000011	-0.00000009
57.25000000	0.00000013	0.00000005
57.30000000	0.00000018	0.00000009
57.35000000	0.00000010	0.00000000
57.40000000	0.00000018	-0.00000009
57.45000000	0.00000015	0.00000004
57.50000000	0.00000017	0.00000005
57.55000000	0.00000016	0.00000003
57.60000000	0.00000004	-0.00000014
57.65000000	0.00000004	-0.00000002
57.70000000	0.00000003	-0.00000003
57.75000000	-0.00000021	-0.00000005
57.80000000	-0.00000018	0.00000011
57.85000000	-0.00000030	-0.00000001
57.90000000	-0.00000045	-0.00000011
57.95000000	-0.00000027	0.00000020
58.00000000	-0.00000042	0.00000009
58.05000000	-0.00000042	-0.00000007
58.10000000	-0.00000041	0.00000018
58.15000000	-0.00000037	-0.00000001
58.20000000	-0.00000038	-0.00000011
58.25000000	-0.00000013	0.00000017
58.30000000	0.00000001	0.00000000
58.35000000	0.00000020	-0.00000002
58.40000000	0.00000023	-0.00000007
58.45000000	0.00000037	0.00000006
58.50000000	0.00000038	0.00000003
58.55000000	0.00000035	-0.00000008
58.60000000	0.00000040	0.00000003
58.65000000	0.00000052	0.00000005
58.70000000	0.00000054	0.00000005
58.75000000	0.00000046	-0.00000002
58.80000000	0.00000054	-0.00000004
58.85000000	0.00000053	0.00000002
58.90000000	0.00000031	-0.00000003
58.95000000	0.00000026	0.00000005
59.00000000	0.00000012	0.00000000
59.05000000	0.00000018	0.00000003
59.10000000	-0.00000000	-0.00000001
59.15000000	-0.00000023	0.00000004
59.20000000	-0.00000030	0.00000001
59.25000000	-0.00000035	-0.00000001
59.30000000	-0.00000032	0.00000005
59.35000000	-0.00000037	0.00000002
59.40000000	-0.00000026	0.00000005
59.45000000	-0.00000046	-0.00000013
59.50000000	-0.00000029	-0.00000001
59.55000000	-0.00000009	-0.00000002
59.60000000	0.00000015	0.00000004
59.65000000	0.00000016	-0.00000001
59.70000000	0.00000018	-0.00000001
59.75000000	0.00000030	0.00000006
59.80000000	0.00000043	-0.00000004
59.85000000	0.00000044	-0.00000003
59.90000000	0.00000033	0.00000002
59.95000000	0.00000030	0.00000002
60.00000000	0.00000049	-0.00000002
60.05000000	0.00000038	0.00000000
60.10000000	0.00000018	-0.00000001
60.15000000	0.00000026	0.00000003
60.20000000	0.00000002	-0.00000002
60.25000000	-0.00000014	-0.00000001
60.30000000	-0.00000021	-0.00000001
60.35000000	-0.00000033	-0.00000001
60.40000000	-0.00000042	0.00000000
60.45000000	-0.00000044	0.00000002
60.50000000	-0.00000038	-0.00000000
60.55000000	-0.00000031	0.00000002
60.60000000	-0.00000043	0.00000006
60.65000000	-0.00000012	0.00000000
60.70000000	-0.00000011	0.00000004
60.75000000	-0.00000001	0.00000005
60.80000000	-0.00000003	0.00000006
60.85000000	0.00000015	0.00000001
60.90000000	0.00000033	-0.00000006
60.95000000	0.00000031	0.00000001
61.00000000	0.00000023	0.00000003
61.05000000	0.00000015	0.00000009
61.10000000	0.00000041	-0.00000005
61.15000000	0.00000027	0.00000000
61.20000000	0.00000008	0.00000005
61.25000000	0.00000012	-0.00000004
61.30000000	-0.00000008	-0.00000001
61.35000000	-0.00000003	-0.00000002
61.40000000	-0.00000007	-0.00000005
61.45000000	-0.00000021	0.00000004
61.50000000	-0.00000029	-0.00000006
61.55000000	-0.00000044	0.00000008
61.60000000	-0.00000041	-0.00000006
61.65000000	-0.00000031	-0.00000000
61.70000000	-0.00000020	-0.00000006
61.75000000	-0.00000013	0.00000008
61.80000000	-0.00000007	0.00000000
61.85000000	-0.00000001	0.00000006
61.90000000	0.00000015	0.00000005
61.95000000	0.00000010	0.00000013
62.00000000	0.00000018	0.00000004
62.05000000	0.00000025	0.00000003
62.10000000	0.00000027	0.00000003
62.15000000	0.00000039	0.00000001
62.20000000	0.00000048	0.00000002
62.25000000	0.00000046	0.00000003
62.30000000	0.00000029	0.00000003
62.35000000	0.00000039	-0.00000009
62.40000000	0.00000044	-0.00000007
62.45000000	0.00000036	-0.00000007
62.50000000	0.00000018	0.00000002
62.55000000	0.00000012	0.00000002
62.60000000	0.00000016	-0.00000012
62.65000000	0.00000001	-0.00000008
62.70000000	-0.00000007	-0.00000000
62.75000000	-0.00000012	-0.00000004
62.80000000	-0.00000018	0.00000010
62.85000000	-0.00000008	-0.00000007
62.90000000	-0.00000020	0.00000002
62.95000000	-0.00000019	0.00000004
63.00000000	-0.00000024	0.00000009
63.05000000	-0.00000018	0.00000009
63.10000000	-0.00000011	0.00000003
63.15000000	-0.00000004	0.00000004
63.20000000	0.00000001	0.00000001
63.25000000	0.00000015	-0.00000007
63.30000000	0.00000015	0.00000000
63.35000000	0.00000019	-0.00000007
63.40000000	0.00000022	-0.00000008
63.45000000	0.00000022	-0.00000007
63.50000000	0.00000018	-0.00000014
63.55000000	0.00000012	-0.00000003
63.60000000	0.00000005	0.00000013
63.65000000	-0.00000001	0.00000008
63.70000000	-0.00000004	0.00000003
63.75000000	-0.00000007	0.00000003
63.80000000	-0.00000012	-0.00000008
63.85000000	-0.00000023	-0.00000016
63.90000000	-0.00000027	-0.00000004
63.95000000	-0.00000025	-0.00000004
64.00000000	-0.00000026	-0.00000006
64.05000000	-0.00000022	0.00000003
64.10000000	-0.00000021	0.00000002
64.15000000	-0.00000013	0.00000005
64.20000000	-0.00000006	-0.00000005
64.25000000	0.00000001	-0.00000007
64.30000000	-0.00000003	0.00000011
64.35000000	0.00000008	-0.00000015
64.40000000	0.00000014	-0.00000001
64.45000000	0.00000021	0.00000004
64.50000000	0.00000020	-0.00000003
64.55000000	0.00000030	0.00000008
64.60000000	0.00000026	-0.00000001
64.65000000	0.00000016	-0.00000011
64.70000000	0.00000020	-0.00000005
64.75000000	0.00000007	-0.00000017
64.80000000	0.00000009	0.00000003
64.85000000	0.00000006	-0.00000005
64.90000000	0.00000002	-0.00000003
64.95000000	-0.00000003	-0.00000005
65.00000000	-0.00000010	-0.00000005
65.05000000	-0.00000018	-0.00000011
65.10000000	-0.00000009	-0.00000006
65.15000000	-0.00000019	0.00000003
65.20000000	-0.00000024	-0.00000007
65.25000000	-0.00000028	-0.00000007
65.30000000	-0.00000018	0.00000010
65.35000000	-0.00000022	0.00000005
65.40000000	-0.00000018	0.00000002
65.45000000	-0.00000012	0.00000004
65.50000000	-0.00000006	-0.00000004
65.55000000	-0.00000003	-0.00000007
65.60000000	0.00000006	-0.00000003
65.65000000	0.00000020	-0.00000001
65.70000000	0.00000025	-0.00000002
65.75000000	0.00000024	-0.00000013
65.80000000	0.00000045	0.00000004
65.85000000	0.00000044	-0.00000000
65.90000000	0.00000036	-0.00000009
65.95000000	0.00000049	0.00000003
66.00000000	0.00000038	-0.00000006
66.05000000	0.00000045	0.00000011
66.10000000	0.00000026	0.00000001
66.15000000	0.00000015	-0.00000005
66.20000000	0.00000022	0.00000003
66.25000000	0.00000018	0.00000008
66.30000000	0.00000000	-0.00000005
66.35000000	0.00000005	0.00000003
66.40000000	-0.00000011	0.00000001
66.45000000	-0.00000014	-0.00000001
66.50000000	-0.00000026	-0.00000006
66.55000000	-0.00000026	0.00000005
66.60000000	-0.00000016	0.00000003
66.65000000	-0.00000032	-0.00000006
66.70000000	-0.00000023	-0.00000006
66.75000000	-0.00000002	-0.00000000
66.80000000	0.00000000	0.00000001
66.85000000	0.00000002	0.00000002
66.90000000	0.00000011	0.00000005
66.95000000	0.00000009	0.00000005
67.00000000	0.00000004	-0.00000002
67.05000000	-0.00000014	-0.00000006
67.10000000	-0.00000008	-0.00000002
67.15000000	-0.00000013	-0.00000004
67.20000000	-0.00000014	-0.00000003
67.25000000	0.00000005	0.00000003
67.30000000	-0.00000000	-0.00000003
67.35000000	-0.00000007	-0.00000001
67.40000000	-0.00000007	-0.00000004
67.45000000	0.00000003	-0.00000005
67.50000000	0.00000011	0.00000002
67.55000000	0.00000016	-0.00000001
67.60000000	-0.00000007	0.00000000
67.65000000	-0.00000005	-0.00000006
67.70000000	-0.00000009	0.00000001
67.75000000	-0.00000008	-0.00000000
67.80000000	-0.00000010	0.00000003
67.85000000	-0.00000003	-0.00000003
67.90000000	-0.00000011	-0.00000001
67.95000000	-0.00000016	0.00000001
68.00000000	0.00000005	0.00000001
68.05000000	-0.00000005	0.00000005
68.10000000	-0.00000000	-0.00000000
68.15000000	-0.00000005	0.00000008
68.20000000	0.00000005	0.00000007
68.25000000	0.00000013	0.00000002
68.30000000	0.00000016	-0.00000002
68.35000000	0.00000037	-0.00000002
68.40000000	0.00000033	-0.00000004
68.45000000	0.00000017	0.00000005
68.50000000	0.00000029	0.00000000
68.55000000	0.00000037	-0.00000011
68.60000000	0.00000041	-0.00000005
68.65000000	0.00000017	0.00000001
68.70000000	0.00000019	-0.00000006
68.75000000	0.00000010	-0.00000001
68.80000000	0.00000009	0.00000001
68.85000000	0.00000008	-0.00000006
68.90000000	-0.00000012	0.00000004
68.95000000	-0.00000015	0.00000007
69.00000000	-0.00000013	0.00000005
69.05000000	-0.00000001	0.00000004
69.10000000	0.00000004	-0.00000000
69.15000000	0.00000006	0.00000003
69.20000000	0.00000014	-0.00000003
69.25000000	0.00000005	0.00000008
69.30000000	0.00000013	0.00000004
69.35000000	0.00000031	-0.00000008
69.40000000	0.00000032	-0.00000003
69.45000000	0.00000030	0.00000000
69.50000000	0.00000030	-0.00000008
69.55000000	0.00000020	0.00000005
69.60000000	0.00000017	0.00000000
69.65000000	0.00000016	-0.00000010
69.70000000	0.00000013	-0.00000002
69.75000000	0.00000009	-0.00000002
69.80000000	0.00000005	-0.00000012
69.85000000	0.00000000	-0.00000003
69.90000000	-0.00000011	-0.00000003
69.95000000	-0.00000018	-0.00000005
70.00000000	-0.00000022	0.00000007
70.05000000	-0.00000022	-0.00000008
70.10000000	-0.00000027	-0.00000005
70.15000000	-0.00000028	-0.00000001
70.20000000	-0.00000021	-0.00000005
70.25000000	-0.00000017	-0.00000003
70.30000000	-0.00000010	-0.00000000
70.35000000	-0.00000011	0.00000004
70.40000000	-0.00000003	-0.00000003
70.45000000	-0.00000008	0.00000018
70.50000000	-0.00000001	-0.00000014
70.55000000	-0.00000004	-0.00000007
70.60000000	-0.00000004	0.00000013
70.65000000	-0.00000001	-0.00000002
70.70000000	-0.00000001	0.00000007
70.75000000	0.00000009	-0.00000004
70.80000000	0.00000009	-0.00000013
70.85000000	0.00000012	0.00000001
70.90000000	0.00000012	-0.00000007
70.95000000	0.00000013	0.00000005
71.00000000	0.00000009	-0.00000007
71.05000000	0.00000013	0.00000002
71.10000000	0.00000012	0.00000003
71.15000000	0.00000008	0.00000010
71.20000000	0.00000010	-0.00000008
71.25000000	0.00000009	-0.00000013
71.30000000	-0.00000002	-0.00000016
71.35000000	-0.00000003	0.00000007
71.40000000	-0.00000014	0.00000002
71.45000000	-0.00000011	0.00000001
71.50000000	-0.00000010	-0.00000008
71.55000000	-0.00000012	-0.00000003
71.60000000	-0.00000005	0.00000010
71.65000000	-0.00000004	0.00000006
71.70000000	-0.00000004	-0.00000005
71.75000000	0.00000009	0.00000005
71.80000000	0.00000010	0.00000007
71.85000000	0.00000014	0.00000000
71.90000000	0.00000020	0.00000007
71.95000000	0.00000021	-0.00000000
72.00000000	0.00000023	-0.00000004
72.05000000	0.00000032	0.00000003
72.10000000	0.00000035	0.00000007
72.15000000	0.00000015	-0.00000013
72.20000000	0.00000012	-0.00000011
72.25000000	0.00000030	0.00000016
72.30000000	0.00000020	0.00000009
72.35000000	0.00000014	0.00000002
72.40000000	-0.00000001	-0.00000012
72.45000000	0.00000004	0.00000006
72.50000000	-0.00000015	-0.00000008
72.55000000	-0.00000012	-0.00000006
72.60000000	-0.00000004	-0.00000001
72.65000000	-0.00000004	0.00000002
72.70000000	-0.00000005	0.00000000
72.75000000	-0.00000004	0.00000000
72.80000000	-0.00000007	-0.00000001
72.85000000	0.00000002	0.00000005
72.90000000	0.00000002	0.00000008
72.95000000	-0.00000008	-0.00000008
73.00000000	-0.00000011	-0.00000008
73.05000000	-0.00000001	-0.00000004
73.10000000	-0.00000009	-0.00000008
73.15000000	-0.00000001	-0.00000006
73.20000000	0.00000005	0.00000005
73.25000000	0.00000007	0.00000000
73.30000000	0.00000008	0.00000001
73.35000000	-0.00000003	-0.00000010
73.40000000	-0.00000007	-0.00000007
73.45000000	-0.00000010	-0.00000008
73.50000000	0.00000016	0.00000004
73.55000000	0.00000006	0.00000003
73.60000000	-0.00000008	-0.00000006
73.65000000	-0.00000010	0.00000001
73.70000000	0.00000001	0.00000003
73.75000000	-0.00000008	-0.00000007
73.80000000	-0.00000010	0.00000001
73.85000000	0.00000009	0.00000000
73.90000000	-0.00000018	-0.00000001
73.95000000	-0.00000006	0.00000001
74.00000000	-0.00000007	0.00000005
74.05000000	-0.00000029	0.00000001
74.10000000	-0.00000004	0.00000004
74.15000000	0.00000001	-0.00000003
74.20000000	0.00000004	-0.00000004
74.25000000	-0.00000003	0.00000001
74.30000000	0.00000006	0.00000004
74.35000000	0.00000009	-0.00000000
74.40000000	0.00000012	0.00000006
74.45000000	0.00000015	0.00000002
74.50000000	0.00000016	0.00000001
74.55000000	0.00000023	-0.00000003
74.60000000	-0.00000004	0.00000003
74.65000000	0.00000014	-0.00000004
74.70000000	0.00000028	-0.00000001
74.75000000	0.00000025	-0.00000002
74.80000000	0.00000017	0.00000004
74.85000000	0.00000025	0.00000004
74.90000000	0.00000020	0.00000003
74.95000000	0.00000008	-0.00000001
75.00000000	0.00000001	0.00000001
75.05000000	-0.00000016	0.00000007
75.10000000	-0.00000022	0.00000009
75.15000000	0.00000010	-0.00000001
75.20000000	-0.00000011	-0.00000002
75.25000000	-0.00000015	-0.00000001
75.30000000	-0.00000002	-0.00000000
75.35000000	-0.00000008	0.00000005
75.40000000	-0.00000011	0.00000007
75.45000000	0.00000005	-0.00000002
75.50000000	-0.00000001	-0.00000003
75.55000000	-0.00000004	0.00000011
75.60000000	0.00000015	0.00000001
75.65000000	0.00000021	0.00000003
75.70000000	0.00000011	0.00000007
75.75000000	0.00000023	-0.00000000
75.80000000	0.00000038	-0.00000007
75.85000000	0.00000009	0.00000011
75.90000000	0.00000023	-0.00000008
75.95000000	0.00000031	-0.00000015
76.00000000	0.00000004	0.00000003
76.05000000	0.00000004	0.00000005
76.10000000	0.00000006	-0.00000015
76.15000000	-0.00000004	0.00000001
76.20000000	-0.00000014	0.00000000
76.25000000	-0.00000005	-0.00000004
76.30000000	-0.00000015	0.00000001
76.35000000	-0.00000012	-0.00000007
76.40000000	-0.00000022	0.00000005
76.45000000	-0.00000014	-0.00000004
76.50000000	-0.00000007	-0.00000003
76.55000000	-0.00000013	0.00000002
76.60000000	-0.00000011	-0.00000001
76.65000000	-0.00000009	0.00000003
76.70000000	-0.00000015	0.00000008
76.75000000	0.00000005	-0.00000009
76.80000000	0.00000003	-0.00000014
76.85000000	0.00000001	0.00000004
76.90000000	0.00000010	-0.00000006
76.95000000	-0.00000004	0.00000019
77.00000000	0.00000003	0.00000008
77.05000000	0.00000002	0.00000015
77.10000000	0.00000011	0.00000002
77.15000000	0.00000000	0.00000007
77.20000000	-0.00000002	0.00000018
77.25000000	0.00000014	-0.00000017
77.30000000	0.00000004	-0.00000003
77.35000000	0.00000002	-0.00000007
77.40000000	0.00000001	0.00000007
77.45000000	0.00000001	-0.00000014
77.50000000	0.00000003	-0.00000002
77.55000000	0.00000004	-0.00000002
77.60000000	0.00000005	0.00000013
77.65000000	0.00000008	0.00000019
77.70000000	0.00000011	-0.00000003
77.75000000	0.00000013	0.00000005
77.80000000	0.00000007	0.00000002
77.85000000	0.00000006	0.00000023
77.90000000	0.00000007	0.00000005
77.95000000	0.00000007	0.00000006
78.00000000	0.00000006	0.00000004
78.05000000	0.00000005	0.00000013
78.10000000	0.00000011	-0.00000007
78.15000000	0.00000006	0.00000010
78.20000000	0.00000008	-0.00000001
78.25000000	0.00000007	-0.00000002
78.30000000	0.00000008	0.00000004
78.35000000	-0.00000001	-0.00000008
78.40000000	0.00000003	-0.00000004
78.45000000	0.00000007	-0.00000004
78.50000000	0.00000009	-0.00000007
78.55000000	0.00000011	-0.00000011
78.60000000	0.00000018	0.00000011
78.65000000	0.00000007	0.00000003
78.70000000	0.00000009	0.00000012
78.75000000	0.00000008	0.00000012
78.80000000	-0.00000004	-0.00000002
78.85000000	-0.00000008	-0.00000009
78.90000000	-0.00000004	0.00000007
78.95000000	-0.00000014	-0.00000023
79.00000000	-0.00000007	-0.00000005
79.05000000	-0.00000005	-0.00000002
79.10000000	-0.00000012	-0.00000005
79.15000000	-0.00000008	-0.00000002
79.20000000	-0.00000009	-0.00000012
79.25000000	-0.00000010	-0.00000010
79.30000000	-0.00000005	0.00000003
79.35000000	0.00000003	0.00000005
79.40000000	-0.00000007	-0.00000011
79.45000000	0.00000003	0.00000005
79.50000000	-0.00000000	0.00000007
79.55000000	-0.00000006	0.00000000
79.60000000	-0.00000002	-0.00000001
79.65000000	0.00000001	-0.00000002
79.70000000	0.00000010	0.00000003
79.75000000	0.00000007	0.00000003
79.80000000	-0.00000008	-0.00000010
79.85000000	-0.00000010	-0.00000002
79.90000000	0.00000014	0.00000010
79.95000000	0.00000005	-0.00000002
80.00000000	-0.00000007	-0.00000006
