-5.999999999999999778e-01 -1.122000000000000015e-06
-5.500000000000000444e-01 -1.583999999999999996e-06
-5.000000000000000000e-01 -1.608000000000000105e-06
-4.500000000000000111e-01 -1.713999999999999810e-06
-4.000000000000000222e-01 -1.582000000000000058e-06
-3.499999999999999778e-01 -1.357999999999999958e-06
-2.999999999999999889e-01 -1.193999999999999918e-06
-2.500000000000000000e-01 -9.939999999999999275e-07
-2.000000000000000111e-01 -8.920000000000000994e-07
-1.499999999999999944e-01 -8.519999999999999530e-07
-1.000000000000000056e-01 -8.559999999999999359e-07
-5.000000000000000278e-02 -9.220000000000000239e-07
0.000000000000000000e+00 -8.679999999999999904e-07
5.000000000000000278e-02 -9.059999999999999865e-07
1.000000000000000056e-01 -8.519999999999999530e-07
1.499999999999999944e-01 -5.800000000000000585e-07
2.000000000000000111e-01 -4.199999999999999492e-07
2.500000000000000000e-01 -3.200000000000000067e-07
2.999999999999999889e-01 -2.800000000000000191e-07
3.499999999999999778e-01 -3.499999999999999842e-07
4.000000000000000222e-01 -4.820000000000000015e-07
4.500000000000000111e-01 -7.040000000000000571e-07
5.000000000000000000e-01 -7.680000000000001008e-07
5.500000000000000444e-01 -6.780000000000000096e-07
5.999999999999999778e-01 -4.259999999999999765e-07
