-5.999999999999999778e-01 -1.786000000000000137e-06
-5.500000000000000444e-01 -1.875999999999999911e-06
-5.000000000000000000e-01 -1.663999999999999654e-06
-4.500000000000000111e-01 -1.328000000000000033e-06
-4.000000000000000222e-01 -9.480000000000000715e-07
-3.499999999999999778e-01 -5.199999999999999976e-07
-2.999999999999999889e-01 -4.399999999999999695e-08
-2.500000000000000000e-01 9.600000000000001260e-08
-2.000000000000000111e-01 3.260000000000000340e-07
-1.499999999999999944e-01 4.979999999999999330e-07
-1.000000000000000056e-01 4.880000000000000287e-07
-5.000000000000000278e-02 4.979999999999999330e-07
0.000000000000000000e+00 4.339999999999999952e-07
5.000000000000000278e-02 4.360000000000000396e-07
1.000000000000000056e-01 1.999999999999999909e-07
1.499999999999999944e-01 -9.200000000000000325e-08
2.000000000000000111e-01 -3.580000000000000029e-07
2.500000000000000000e-01 -7.179999999999999442e-07
2.999999999999999889e-01 -1.161999999999999844e-06
3.499999999999999778e-01 -1.546000000000000106e-06
4.000000000000000222e-01 -1.773999999999999871e-06
4.500000000000000111e-01 -1.986000000000000128e-06
5.000000000000000000e-01 -1.818000000000000212e-06
5.500000000000000444e-01 -1.472000000000000052e-06
5.999999999999999778e-01 -9.059999999999999865e-07
