-5.000000000000000000e+00 2.326000000000000261e-06
-4.950000000000000178e+00 2.213999999999999893e-06
-4.900000000000000355e+00 1.785999999999999926e-06
-4.849999999999999645e+00 1.509999999999999942e-06
-4.799999999999999822e+00 9.739999999999999072e-07
-4.750000000000000000e+00 5.079999999999999431e-07
-4.700000000000000178e+00 6.800000000000000010e-08
-4.650000000000000355e+00 -5.039999999999999603e-07
-4.599999999999999645e+00 -9.440000000000000886e-07
-4.549999999999999822e+00 -1.326000000000000095e-06
-4.500000000000000000e+00 -1.753999999999999851e-06
-4.450000000000000178e+00 -2.045999999999999977e-06
-4.400000000000000355e+00 -2.272000000000000016e-06
-4.349999999999999645e+00 -2.594000000000000067e-06
-4.299999999999999822e+00 -2.588000000000000040e-06
-4.250000000000000000e+00 -2.699999999999999984e-06
-4.200000000000000178e+00 -2.616000000000000026e-06
-4.150000000000000355e+00 -2.539999999999999822e-06
-4.099999999999999645e+00 -2.309999999999999906e-06
-4.049999999999999822e+00 -2.120000000000000031e-06
-4.000000000000000000e+00 -1.714000000000000234e-06
-3.950000000000000178e+00 -1.273999999999999788e-06
-3.899999999999999911e+00 -7.679999999999998890e-07
-3.850000000000000089e+00 -2.139999999999999840e-07
-3.799999999999999822e+00 4.160000000000000193e-07
-3.750000000000000000e+00 1.041999999999999934e-06
-3.700000000000000178e+00 1.481999999999999956e-06
-3.649999999999999911e+00 2.096000000000000346e-06
-3.600000000000000089e+00 2.582000000000000012e-06
-3.549999999999999822e+00 2.782000000000000215e-06
-3.500000000000000000e+00 3.203999999999999732e-06
-3.450000000000000178e+00 3.275999999999999636e-06
-3.399999999999999911e+00 3.368000000000000195e-06
-3.350000000000000089e+00 3.285999999999999964e-06
-3.299999999999999822e+00 3.282000000000000087e-06
-3.250000000000000000e+00 3.115999999999999897e-06
-3.200000000000000178e+00 2.935999999999999926e-06
-3.149999999999999911e+00 2.682000000000000325e-06
-3.100000000000000089e+00 2.380000000000000083e-06
-3.049999999999999822e+00 2.129999999999999512e-06
-3.000000000000000000e+00 1.689999999999999701e-06
-2.950000000000000178e+00 1.393999999999999909e-06
-2.899999999999999911e+00 9.939999999999997157e-07
-2.850000000000000089e+00 5.680000000000000039e-07
-2.799999999999999822e+00 -7.799999999999999700e-08
-2.750000000000000000e+00 -5.999999999999999728e-07
-2.700000000000000178e+00 -1.151999999999999939e-06
-2.649999999999999911e+00 -1.630000000000000064e-06
-2.600000000000000089e+00 -2.064000000000000059e-06
-2.549999999999999822e+00 -2.338000000000000316e-06
-2.500000000000000000e+00 -2.531999999999999644e-06
-2.450000000000000178e+00 -2.597999999999999944e-06
-2.399999999999999911e+00 -2.815999999999999805e-06
-2.350000000000000089e+00 -2.775999999999999764e-06
-2.299999999999999822e+00 -2.662000000000000093e-06
-2.250000000000000000e+00 -2.683999999999999629e-06
-2.200000000000000178e+00 -2.480000000000000396e-06
-2.149999999999999911e+00 -2.279999999999999770e-06
-2.100000000000000089e+00 -1.860000000000000191e-06
-2.049999999999999822e+00 -1.500000000000000038e-06
-2.000000000000000000e+00 -1.072000000000000070e-06
-1.949999999999999956e+00 -5.440000000000000008e-07
-1.899999999999999911e+00 5.000000000000001097e-08
-1.850000000000000089e+00 6.600000000000000337e-07
-1.800000000000000044e+00 1.090000000000000152e-06
-1.750000000000000000e+00 1.821999999999999877e-06
-1.699999999999999956e+00 2.379999999999999659e-06
-1.649999999999999911e+00 2.737999999999999874e-06
-1.600000000000000089e+00 3.026000000000000335e-06
-1.550000000000000044e+00 3.486000000000000166e-06
-1.500000000000000000e+00 3.536000000000000111e-06
-1.449999999999999956e+00 3.648000000000000479e-06
-1.399999999999999911e+00 3.600000000000000261e-06
-1.350000000000000089e+00 3.445999999999999702e-06
-1.300000000000000044e+00 3.381999999999999976e-06
-1.250000000000000000e+00 3.143999999999999883e-06
-1.199999999999999956e+00 2.956000000000000158e-06
-1.149999999999999911e+00 2.606000000000000121e-06
-1.100000000000000089e+00 2.258000000000000235e-06
-1.050000000000000044e+00 1.902000000000000170e-06
-1.000000000000000000e+00 1.309999999999999951e-06
-9.499999999999999556e-01 8.339999999999999771e-07
-9.000000000000000222e-01 3.420000000000000184e-07
-8.499999999999999778e-01 -2.359999999999999957e-07
-8.000000000000000444e-01 -9.900000000000000505e-07
-7.500000000000000000e-01 -1.464000000000000086e-06
-6.999999999999999556e-01 -2.021999999999999868e-06
-6.500000000000000222e-01 -2.370000000000000179e-06
-5.999999999999999778e-01 -2.809999999999999778e-06
-5.500000000000000444e-01 -2.957999999999999885e-06
-5.000000000000000000e-01 -3.148000000000000184e-06
-4.500000000000000111e-01 -3.108000000000000143e-06
-4.000000000000000222e-01 -2.864000000000000446e-06
-3.499999999999999778e-01 -2.738000000000000297e-06
-2.999999999999999889e-01 -2.596000000000000217e-06
-2.500000000000000000e-01 -2.256000000000000084e-06
-2.000000000000000111e-01 -1.937999999999999910e-06
-1.499999999999999944e-01 -1.548000000000000044e-06
-1.000000000000000056e-01 -1.170000000000000021e-06
-5.000000000000000278e-02 -5.999999999999999728e-07
0.000000000000000000e+00 -1.360000000000000002e-07
5.000000000000000278e-02 2.419999999999999700e-07
1.000000000000000056e-01 8.260000000000000113e-07
1.499999999999999944e-01 1.506000000000000065e-06
2.000000000000000111e-01 2.031999999999999773e-06
2.500000000000000000e-01 2.443999999999999809e-06
2.999999999999999889e-01 3.065999999999999952e-06
3.499999999999999778e-01 3.316000000000000100e-06
4.000000000000000222e-01 3.450000000000000003e-06
4.500000000000000111e-01 3.592000000000000083e-06
5.000000000000000000e-01 3.623999999999999946e-06
5.500000000000000444e-01 3.614000000000000465e-06
5.999999999999999778e-01 3.512000000000000426e-06
6.500000000000000222e-01 3.176000000000000170e-06
6.999999999999999556e-01 3.033999999999999666e-06
7.500000000000000000e-01 2.667999999999999697e-06
8.000000000000000444e-01 2.321999999999999961e-06
8.499999999999999778e-01 1.971999999999999923e-06
9.000000000000000222e-01 1.438000000000000039e-06
9.499999999999999556e-01 9.320000000000000341e-07
1.000000000000000000e+00 4.619999999999999812e-07
1.050000000000000044e+00 -1.440000000000000189e-07
1.100000000000000089e+00 -7.500000000000001249e-07
1.149999999999999911e+00 -1.214000000000000150e-06
1.199999999999999956e+00 -1.707999999999999995e-06
1.250000000000000000e+00 -2.286000000000000221e-06
1.300000000000000044e+00 -2.596000000000000217e-06
1.350000000000000089e+00 -2.931999999999999626e-06
1.399999999999999911e+00 -2.978000000000000117e-06
1.449999999999999956e+00 -3.074000000000000130e-06
1.500000000000000000e+00 -2.991999999999999898e-06
1.550000000000000044e+00 -2.758000000000000106e-06
1.600000000000000089e+00 -2.580000000000000286e-06
1.649999999999999911e+00 -2.364000000000000151e-06
1.699999999999999956e+00 -1.855999999999999891e-06
1.750000000000000000e+00 -1.596000000000000051e-06
1.800000000000000044e+00 -1.262000000000000157e-06
1.850000000000000089e+00 -8.220000000000001343e-07
1.899999999999999911e+00 -3.099999999999999966e-07
1.949999999999999956e+00 2.239999999999999676e-07
2.000000000000000000e+00 6.199999999999999931e-07
2.049999999999999822e+00 1.280000000000000027e-06
2.100000000000000089e+00 1.796000000000000042e-06
2.149999999999999911e+00 2.245999999999999756e-06
2.200000000000000178e+00 2.693999999999999956e-06
2.250000000000000000e+00 3.017999999999999734e-06
2.299999999999999822e+00 3.372000000000000072e-06
2.350000000000000089e+00 3.600000000000000261e-06
2.399999999999999911e+00 3.682000000000000492e-06
2.450000000000000178e+00 3.629999999999999973e-06
2.500000000000000000e+00 3.614000000000000465e-06
2.549999999999999822e+00 3.348000000000000386e-06
2.600000000000000089e+00 3.088000000000000335e-06
2.649999999999999911e+00 2.771999999999999887e-06
2.700000000000000178e+00 2.245999999999999756e-06
2.750000000000000000e+00 1.828000000000000116e-06
2.799999999999999822e+00 1.486000000000000045e-06
2.850000000000000089e+00 1.088000000000000002e-06
2.899999999999999911e+00 4.719999999999999913e-07
2.950000000000000178e+00 3.399999999999999343e-08
3.000000000000000000e+00 -4.859999999999999844e-07
3.049999999999999822e+00 -1.019999999999999975e-06
3.100000000000000089e+00 -1.514000000000000031e-06
3.149999999999999911e+00 -1.926000000000000279e-06
3.200000000000000178e+00 -2.313999999999999783e-06
3.250000000000000000e+00 -2.731999999999999847e-06
3.299999999999999822e+00 -2.809999999999999778e-06
3.350000000000000089e+00 -2.974000000000000240e-06
3.399999999999999911e+00 -3.037999999999999966e-06
3.450000000000000178e+00 -2.857999999999999996e-06
3.500000000000000000e+00 -2.590000000000000190e-06
3.549999999999999822e+00 -2.346000000000000070e-06
3.600000000000000089e+00 -1.949999999999999965e-06
3.649999999999999911e+00 -1.639999999999999968e-06
3.700000000000000178e+00 -1.228000000000000143e-06
3.750000000000000000e+00 -6.659999999999999550e-07
3.799999999999999822e+00 -2.359999999999999957e-07
3.850000000000000089e+00 2.139999999999999840e-07
3.899999999999999911e+00 6.740000000000000267e-07
3.950000000000000178e+00 1.115999999999999988e-06
4.000000000000000000e+00 1.769999999999999994e-06
4.049999999999999822e+00 2.146000000000000290e-06
4.099999999999999645e+00 2.626000000000000353e-06
4.150000000000000355e+00 2.901999999999999913e-06
4.200000000000000178e+00 3.226000000000000114e-06
4.250000000000000000e+00 3.441999999999999825e-06
4.299999999999999822e+00 3.577999999999999878e-06
4.349999999999999645e+00 3.592000000000000083e-06
4.400000000000000355e+00 3.347999999999999963e-06
4.450000000000000178e+00 3.216000000000000210e-06
4.500000000000000000e+00 3.017999999999999734e-06
4.549999999999999822e+00 2.609999999999999575e-06
4.599999999999999645e+00 2.248000000000000330e-06
4.650000000000000355e+00 1.896000000000000143e-06
4.700000000000000178e+00 1.362000000000000258e-06
4.750000000000000000e+00 8.919999999999998876e-07
4.799999999999999822e+00 4.500000000000000326e-07
4.849999999999999645e+00 -5.999999999999999464e-08
4.900000000000000355e+00 -4.899999999999999672e-07
4.950000000000000178e+00 -8.539999999999999974e-07
5.000000000000000000e+00 -1.308000000000000225e-06
