-5.000000000000000000e+00 9.676000000000000193e-06
-4.950000000000000178e+00 1.054599999999999864e-05
-4.900000000000000355e+00 1.039400000000000077e-05
-4.849999999999999645e+00 9.633999999999999579e-06
-4.799999999999999822e+00 8.418000000000001396e-06
-4.750000000000000000e+00 6.562000000000000023e-06
-4.700000000000000178e+00 4.210000000000000349e-06
-4.650000000000000355e+00 1.586000000000000146e-06
-4.599999999999999645e+00 -1.207999999999999700e-06
-4.549999999999999822e+00 -3.939999999999999546e-06
-4.500000000000000000e+00 -6.415999999999999218e-06
-4.450000000000000178e+00 -8.480000000000000124e-06
-4.400000000000000355e+00 -1.005600000000000164e-05
-4.349999999999999645e+00 -1.097000000000000000e-05
-4.299999999999999822e+00 -1.128600000000000003e-05
-4.250000000000000000e+00 -1.100999999999999962e-05
-4.200000000000000178e+00 -1.019200000000000000e-05
-4.150000000000000355e+00 -8.924000000000001294e-06
-4.099999999999999645e+00 -7.293999999999999113e-06
-4.049999999999999822e+00 -5.253999999999999163e-06
-4.000000000000000000e+00 -2.985999999999999871e-06
-3.950000000000000178e+00 -6.099999999999998771e-07
-3.899999999999999911e+00 1.935999999999999760e-06
-3.850000000000000089e+00 4.389999999999999473e-06
-3.799999999999999822e+00 6.710000000000000130e-06
-3.750000000000000000e+00 8.492000000000001026e-06
-3.700000000000000178e+00 9.909999999999999986e-06
-3.649999999999999911e+00 1.073000000000000061e-05
-3.600000000000000089e+00 1.081200000000000084e-05
-3.549999999999999822e+00 1.040199999999999968e-05
-3.500000000000000000e+00 9.317999999999999555e-06
-3.450000000000000178e+00 7.910000000000000500e-06
-3.399999999999999911e+00 6.093999999999999591e-06
-3.350000000000000089e+00 4.062000000000000242e-06
-3.299999999999999822e+00 2.086000000000000018e-06
-3.250000000000000000e+00 -1.320000000000000173e-07
-3.200000000000000178e+00 -2.065999999999999786e-06
-3.149999999999999911e+00 -3.771999999999999630e-06
-3.100000000000000089e+00 -5.104000000000000599e-06
-3.049999999999999822e+00 -6.053999999999999974e-06
-3.000000000000000000e+00 -6.637999999999999803e-06
-2.950000000000000178e+00 -6.656000000000000309e-06
-2.899999999999999911e+00 -6.380000000000000749e-06
-2.850000000000000089e+00 -5.761999999999999212e-06
-2.799999999999999822e+00 -4.606000000000000454e-06
-2.750000000000000000e+00 -3.282000000000000087e-06
-2.700000000000000178e+00 -1.722000000000000199e-06
-2.649999999999999911e+00 -1.239999999999999986e-07
-2.600000000000000089e+00 1.299999999999999835e-06
-2.549999999999999822e+00 2.697999999999999410e-06
-2.500000000000000000e+00 3.730000000000000710e-06
-2.450000000000000178e+00 4.405999999999999828e-06
-2.399999999999999911e+00 4.720000000000000549e-06
-2.350000000000000089e+00 4.862000000000000206e-06
-2.299999999999999822e+00 4.598000000000000700e-06
-2.250000000000000000e+00 4.045999999999999887e-06
-2.200000000000000178e+00 3.420000000000000290e-06
-2.149999999999999911e+00 2.544000000000000122e-06
-2.100000000000000089e+00 1.535999999999999778e-06
-2.049999999999999822e+00 5.759999999999999697e-07
-2.000000000000000000e+00 -5.959999999999998841e-07
-1.949999999999999956e+00 -1.695999999999999940e-06
-1.899999999999999911e+00 -2.707999999999999738e-06
-1.850000000000000089e+00 -3.401999999999999785e-06
-1.800000000000000044e+00 -3.917999999999999588e-06
-1.750000000000000000e+00 -3.945999999999999997e-06
-1.699999999999999956e+00 -3.661999999999999836e-06
-1.649999999999999911e+00 -3.127999999999999952e-06
-1.600000000000000089e+00 -2.180000000000000304e-06
-1.550000000000000044e+00 -1.301999999999999986e-06
-1.500000000000000000e+00 -2.580000000000000074e-07
-1.449999999999999956e+00 8.619999999999998572e-07
-1.399999999999999911e+00 1.682000000000000159e-06
-1.350000000000000089e+00 2.417999999999999973e-06
-1.300000000000000044e+00 2.949999999999999708e-06
-1.250000000000000000e+00 3.425999999999999894e-06
-1.199999999999999956e+00 3.491999999999999770e-06
-1.149999999999999911e+00 3.465999999999999511e-06
-1.100000000000000089e+00 3.341999999999999512e-06
-1.050000000000000044e+00 3.144000000000000307e-06
-1.000000000000000000e+00 2.795999999999999996e-06
-9.499999999999999556e-01 2.424000000000000000e-06
-9.000000000000000222e-01 1.919999999999999828e-06
-8.499999999999999778e-01 1.416000000000000080e-06
-8.000000000000000444e-01 7.619999999999999676e-07
-7.500000000000000000e-01 1.619999999999999948e-07
-6.999999999999999556e-01 -4.700000000000000528e-07
-6.500000000000000222e-01 -9.959999999999998660e-07
-5.999999999999999778e-01 -1.401999999999999875e-06
-5.500000000000000444e-01 -1.591999999999999962e-06
-5.000000000000000000e-01 -1.601999999999999866e-06
-4.500000000000000111e-01 -1.372000000000000162e-06
-4.000000000000000222e-01 -1.046000000000000023e-06
-3.499999999999999778e-01 -6.159999999999999044e-07
-2.999999999999999889e-01 -2.920000000000000207e-07
-2.500000000000000000e-01 -3.799999999999999616e-08
-2.000000000000000111e-01 2.279999999999999770e-07
-1.499999999999999944e-01 2.580000000000000074e-07
-1.000000000000000056e-01 3.019999999999999779e-07
-5.000000000000000278e-02 1.819999999999999886e-07
0.000000000000000000e+00 3.200000000000000199e-08
5.000000000000000278e-02 3.799999999999999616e-08
1.000000000000000056e-01 -2.420000000000000229e-07
1.499999999999999944e-01 -3.919999999999999632e-07
2.000000000000000111e-01 -6.560000000000000508e-07
2.500000000000000000e-01 -9.020000000000000037e-07
2.999999999999999889e-01 -1.253999999999999979e-06
3.499999999999999778e-01 -1.572000000000000153e-06
4.000000000000000222e-01 -1.632000000000000002e-06
4.500000000000000111e-01 -1.729999999999999953e-06
5.000000000000000000e-01 -1.599999999999999928e-06
5.500000000000000444e-01 -1.512000000000000093e-06
5.999999999999999778e-01 -1.095999999999999967e-06
6.500000000000000222e-01 -4.840000000000000459e-07
6.999999999999999556e-01 1.059999999999999963e-07
7.500000000000000000e-01 9.399999999999999998e-07
8.000000000000000444e-01 1.815999999999999850e-06
8.499999999999999778e-01 2.931999999999999626e-06
9.000000000000000222e-01 3.933999999999999943e-06
9.499999999999999556e-01 4.886000000000000315e-06
1.000000000000000000e+00 5.679999999999999828e-06
1.050000000000000044e+00 6.156000000000000014e-06
1.100000000000000089e+00 6.540000000000000064e-06
1.149999999999999911e+00 6.374000000000001145e-06
1.199999999999999956e+00 6.117999999999999700e-06
1.250000000000000000e+00 5.498000000000000554e-06
1.300000000000000044e+00 4.655999999999999976e-06
1.350000000000000089e+00 3.468000000000000084e-06
1.399999999999999911e+00 2.185999999999999907e-06
1.449999999999999956e+00 5.599999999999999323e-07
1.500000000000000000e+00 -1.115999999999999988e-06
1.550000000000000044e+00 -2.809999999999999778e-06
1.600000000000000089e+00 -4.405999999999999828e-06
1.649999999999999911e+00 -5.793999999999999922e-06
1.699999999999999956e+00 -7.060000000000001015e-06
1.750000000000000000e+00 -7.864000000000001279e-06
1.800000000000000044e+00 -8.291999999999999553e-06
1.850000000000000089e+00 -8.371999999999998787e-06
1.899999999999999911e+00 -8.016000000000000840e-06
1.949999999999999956e+00 -7.057999999999999170e-06
2.000000000000000000e+00 -5.820000000000000181e-06
2.049999999999999822e+00 -4.203999999999999899e-06
2.100000000000000089e+00 -2.313999999999999783e-06
2.149999999999999911e+00 -3.200000000000000067e-07
2.200000000000000178e+00 1.573999999999999880e-06
2.250000000000000000e+00 3.294000000000000141e-06
2.299999999999999822e+00 4.794000000000000179e-06
2.350000000000000089e+00 5.925999999999999675e-06
2.399999999999999911e+00 6.789999999999999365e-06
2.450000000000000178e+00 7.253999999999999496e-06
2.500000000000000000e+00 7.325999999999999823e-06
2.549999999999999822e+00 7.045999999999999963e-06
2.600000000000000089e+00 6.558000000000000569e-06
2.649999999999999911e+00 5.587999999999999692e-06
2.700000000000000178e+00 4.411999999999999432e-06
2.750000000000000000e+00 3.240000000000000319e-06
2.799999999999999822e+00 1.976000000000000224e-06
2.850000000000000089e+00 9.099999999999999694e-07
2.899999999999999911e+00 -5.799999999999999658e-08
2.950000000000000178e+00 -5.699999999999999424e-07
3.000000000000000000e+00 -8.880000000000000106e-07
3.049999999999999822e+00 -1.034000000000000180e-06
3.100000000000000089e+00 -9.480000000000000715e-07
3.149999999999999911e+00 -8.339999999999999771e-07
3.200000000000000178e+00 -5.099999999999999875e-07
3.250000000000000000e+00 -2.239999999999999676e-07
3.299999999999999822e+00 1.460000000000000103e-07
3.350000000000000089e+00 3.379999999999999826e-07
3.399999999999999911e+00 4.780000000000000186e-07
3.450000000000000178e+00 3.299999999999999639e-07
3.500000000000000000e+00 1.780000000000000057e-07
3.549999999999999822e+00 -2.859999999999999934e-07
3.600000000000000089e+00 -1.041999999999999934e-06
3.649999999999999911e+00 -1.864000000000000068e-06
3.700000000000000178e+00 -2.860000000000000146e-06
3.750000000000000000e+00 -3.950000000000000298e-06
3.799999999999999822e+00 -4.836000000000000793e-06
3.850000000000000089e+00 -5.620000000000000402e-06
3.899999999999999911e+00 -6.205999999999999535e-06
3.950000000000000178e+00 -6.391999999999999956e-06
4.000000000000000000e+00 -6.250000000000000300e-06
4.049999999999999822e+00 -5.540000000000000321e-06
4.099999999999999645e+00 -4.415999999999999732e-06
4.150000000000000355e+00 -2.755999999999999956e-06
4.200000000000000178e+00 -9.079999999999999250e-07
4.250000000000000000e+00 1.150000000000000001e-06
4.299999999999999822e+00 3.264000000000000005e-06
4.349999999999999645e+00 5.343999999999999995e-06
4.400000000000000355e+00 7.240000000000000138e-06
4.450000000000000178e+00 9.029999999999999941e-06
4.500000000000000000e+00 1.040199999999999968e-05
4.549999999999999822e+00 1.118000000000000138e-05
4.599999999999999645e+00 1.156599999999999904e-05
4.650000000000000355e+00 1.134200000000000084e-05
4.700000000000000178e+00 1.069200000000000199e-05
4.750000000000000000e+00 9.306000000000000348e-06
4.799999999999999822e+00 7.490000000000000286e-06
4.849999999999999645e+00 5.237999999999999655e-06
4.900000000000000355e+00 2.716000000000000339e-06
4.950000000000000178e+00 1.399999999999999831e-07
5.000000000000000000e+00 -2.487999999999999726e-06
