-5.000000000000000000e+00 8.964000000000000911e-06
-4.950000000000000178e+00 9.928000000000000491e-06
-4.900000000000000355e+00 1.007000000000000015e-05
-4.849999999999999645e+00 9.555999999999999648e-06
-4.799999999999999822e+00 8.424000000000000999e-06
-4.750000000000000000e+00 6.713999999999999584e-06
-4.700000000000000178e+00 4.471999999999999704e-06
-4.650000000000000355e+00 1.928000000000000006e-06
-4.599999999999999645e+00 -8.299999999999999942e-07
-4.549999999999999822e+00 -3.419999999999999866e-06
-4.500000000000000000e+00 -5.924000000000000371e-06
-4.450000000000000178e+00 -7.916000000000000103e-06
-4.400000000000000355e+00 -9.617999999999998377e-06
-4.349999999999999645e+00 -1.068600000000000069e-05
-4.299999999999999822e+00 -1.108199999999999995e-05
-4.250000000000000000e+00 -1.111599999999999996e-05
-4.200000000000000178e+00 -1.057199999999999975e-05
-4.150000000000000355e+00 -9.586000000000001055e-06
-4.099999999999999645e+00 -7.989999999999999734e-06
-4.049999999999999822e+00 -6.028000000000000562e-06
-4.000000000000000000e+00 -3.722000000000000109e-06
-3.950000000000000178e+00 -1.000000000000000167e-06
-3.899999999999999911e+00 1.720000000000000049e-06
-3.850000000000000089e+00 4.462000000000000647e-06
-3.799999999999999822e+00 7.096000000000001178e-06
-3.750000000000000000e+00 9.268000000000001728e-06
-3.700000000000000178e+00 1.078599999999999973e-05
-3.649999999999999911e+00 1.170800000000000039e-05
-3.600000000000000089e+00 1.182000000000000033e-05
-3.549999999999999822e+00 1.152199999999999912e-05
-3.500000000000000000e+00 1.048399999999999991e-05
-3.450000000000000178e+00 9.144000000000000882e-06
-3.399999999999999911e+00 7.308000000000000165e-06
-3.350000000000000089e+00 5.370000000000000255e-06
-3.299999999999999822e+00 3.084000000000000458e-06
-3.250000000000000000e+00 7.919999999999998922e-07
-3.200000000000000178e+00 -1.397999999999999998e-06
-3.149999999999999911e+00 -3.466000000000000358e-06
-3.100000000000000089e+00 -5.244000000000000106e-06
-3.049999999999999822e+00 -6.639999999999999954e-06
-3.000000000000000000e+00 -7.613999999999998590e-06
-2.950000000000000178e+00 -7.872000000000000186e-06
-2.899999999999999911e+00 -7.877999999999998096e-06
-2.850000000000000089e+00 -7.182000000000000016e-06
-2.799999999999999822e+00 -6.214000000000000136e-06
-2.750000000000000000e+00 -4.857999999999999905e-06
-2.700000000000000178e+00 -3.362000000000000168e-06
-2.649999999999999911e+00 -1.769999999999999994e-06
-2.600000000000000089e+00 -1.460000000000000103e-07
-2.549999999999999822e+00 1.424000000000000046e-06
-2.500000000000000000e+00 2.795999999999999996e-06
-2.450000000000000178e+00 3.686000000000000369e-06
-2.399999999999999911e+00 4.438000000000000538e-06
-2.350000000000000089e+00 4.857999999999999905e-06
-2.299999999999999822e+00 5.076000000000000190e-06
-2.250000000000000000e+00 4.873999999999999413e-06
-2.200000000000000178e+00 4.438000000000000538e-06
-2.149999999999999911e+00 3.686000000000000369e-06
-2.100000000000000089e+00 2.724000000000000093e-06
-2.049999999999999822e+00 1.697999999999999667e-06
-2.000000000000000000e+00 4.560000000000000598e-07
-1.949999999999999956e+00 -6.700000000000000438e-07
-1.899999999999999911e+00 -1.749999999999999762e-06
-1.850000000000000089e+00 -2.464000000000000041e-06
-1.800000000000000044e+00 -2.966000000000000063e-06
-1.750000000000000000e+00 -3.105999999999999569e-06
-1.699999999999999956e+00 -2.833999999999999887e-06
-1.649999999999999911e+00 -2.362000000000000001e-06
-1.600000000000000089e+00 -1.820000000000000151e-06
-1.550000000000000044e+00 -9.760000000000000575e-07
-1.500000000000000000e+00 -3.000000000000000394e-07
-1.449999999999999956e+00 4.999999999999999774e-07
-1.399999999999999911e+00 1.238000000000000048e-06
-1.350000000000000089e+00 1.689999999999999701e-06
-1.300000000000000044e+00 2.358000000000000124e-06
-1.250000000000000000e+00 2.792000000000000119e-06
-1.199999999999999956e+00 3.101999999999999692e-06
-1.149999999999999911e+00 3.275999999999999636e-06
-1.100000000000000089e+00 3.214000000000000060e-06
-1.050000000000000044e+00 3.078000000000000007e-06
-1.000000000000000000e+00 2.739999999999999601e-06
-9.499999999999999556e-01 2.337999999999999892e-06
-9.000000000000000222e-01 1.677999999999999858e-06
-8.499999999999999778e-01 9.680000000000000917e-07
-8.000000000000000444e-01 2.419999999999999700e-07
-7.500000000000000000e-01 -4.440000000000000053e-07
-6.999999999999999556e-01 -1.064000000000000104e-06
-6.500000000000000222e-01 -1.583999999999999784e-06
-5.999999999999999778e-01 -1.763999999999999967e-06
-5.500000000000000444e-01 -1.898000000000000081e-06
-5.000000000000000000e-01 -1.633999999999999941e-06
-4.500000000000000111e-01 -1.343999999999999753e-06
-4.000000000000000222e-01 -9.739999999999999072e-07
-3.499999999999999778e-01 -5.139999999999999704e-07
-2.999999999999999889e-01 -1.040000000000000048e-07
-2.500000000000000000e-01 1.479999999999999753e-07
-2.000000000000000111e-01 2.899999999999999763e-07
-1.499999999999999944e-01 3.639999999999999772e-07
-1.000000000000000056e-01 4.239999999999999850e-07
-5.000000000000000278e-02 4.040000000000000177e-07
0.000000000000000000e+00 3.080000000000000051e-07
5.000000000000000278e-02 2.200000000000000112e-07
1.000000000000000056e-01 6.599999999999999543e-08
1.499999999999999944e-01 -6.199999999999999931e-08
2.000000000000000111e-01 -3.359999999999999911e-07
2.500000000000000000e-01 -7.560000000000000463e-07
2.999999999999999889e-01 -1.086000000000000063e-06
3.499999999999999778e-01 -1.495999999999999949e-06
4.000000000000000222e-01 -1.766000000000000117e-06
4.500000000000000111e-01 -1.881999999999999938e-06
5.000000000000000000e-01 -1.778000000000000172e-06
5.500000000000000444e-01 -1.453999999999999970e-06
5.999999999999999778e-01 -9.259999999999999009e-07
6.500000000000000222e-01 -1.699999999999999870e-07
6.999999999999999556e-01 7.959999999999999809e-07
7.500000000000000000e-01 1.860000000000000191e-06
8.000000000000000444e-01 2.970000000000000363e-06
8.499999999999999778e-01 4.234000000000000459e-06
9.000000000000000222e-01 5.424000000000000923e-06
9.499999999999999556e-01 6.352000000000000339e-06
1.000000000000000000e+00 7.070000000000000919e-06
1.050000000000000044e+00 7.416000000000000655e-06
1.100000000000000089e+00 7.259999999999999947e-06
1.149999999999999911e+00 6.914000000000000210e-06
1.199999999999999956e+00 6.044000000000000070e-06
1.250000000000000000e+00 4.884000000000000164e-06
1.300000000000000044e+00 3.386000000000000277e-06
1.350000000000000089e+00 1.745999999999999885e-06
1.399999999999999911e+00 -7.400000000000000089e-08
1.449999999999999956e+00 -2.032000000000000196e-06
1.500000000000000000e+00 -4.096000000000000255e-06
1.550000000000000044e+00 -5.967999999999999442e-06
1.600000000000000089e+00 -7.676000000000000707e-06
1.649999999999999911e+00 -9.044000000000000146e-06
1.699999999999999956e+00 -1.009399999999999856e-05
1.750000000000000000e+00 -1.053400000000000113e-05
1.800000000000000044e+00 -1.058800000000000095e-05
1.850000000000000089e+00 -9.958000000000000204e-06
1.899999999999999911e+00 -8.815999999999999957e-06
1.949999999999999956e+00 -7.111999999999999839e-06
2.000000000000000000e+00 -4.860000000000000055e-06
2.049999999999999822e+00 -2.302000000000000152e-06
2.100000000000000089e+00 5.379999999999999735e-07
2.149999999999999911e+00 3.251999999999999950e-06
2.200000000000000178e+00 5.838000000000000687e-06
2.250000000000000000e+00 7.986000000000001127e-06
2.299999999999999822e+00 9.809999999999999249e-06
2.350000000000000089e+00 1.093199999999999969e-05
2.399999999999999911e+00 1.149000000000000010e-05
2.450000000000000178e+00 1.147000000000000030e-05
2.500000000000000000e+00 1.098399999999999851e-05
2.549999999999999822e+00 9.860000000000000464e-06
2.600000000000000089e+00 8.363999999999999880e-06
2.649999999999999911e+00 6.367999999999999847e-06
2.700000000000000178e+00 4.233999999999998764e-06
2.750000000000000000e+00 1.957999999999999719e-06
2.799999999999999822e+00 -2.380000000000000136e-07
2.850000000000000089e+00 -2.253999999999999934e-06
2.899999999999999911e+00 -3.850000000000000408e-06
2.950000000000000178e+00 -5.108000000000000053e-06
3.000000000000000000e+00 -5.830000000000000933e-06
3.049999999999999822e+00 -6.146000000000000109e-06
3.100000000000000089e+00 -6.010000000000000056e-06
3.149999999999999911e+00 -5.592000000000000840e-06
3.200000000000000178e+00 -4.789999999999999879e-06
3.250000000000000000e+00 -3.818000000000000545e-06
3.299999999999999822e+00 -2.681999999999999902e-06
3.350000000000000089e+00 -1.529999999999999963e-06
3.399999999999999911e+00 -2.359999999999999957e-07
3.450000000000000178e+00 6.599999999999999278e-07
3.500000000000000000e+00 1.525999999999999874e-06
3.549999999999999822e+00 1.875999999999999911e-06
3.600000000000000089e+00 1.932000000000000306e-06
3.649999999999999911e+00 1.734000000000000042e-06
3.700000000000000178e+00 1.226000000000000205e-06
3.750000000000000000e+00 4.939999999999999501e-07
3.799999999999999822e+00 -3.580000000000000558e-07
3.850000000000000089e+00 -1.318000000000000129e-06
3.899999999999999911e+00 -2.173999999999999853e-06
3.950000000000000178e+00 -2.886000000000000405e-06
4.000000000000000000e+00 -3.233999999999999868e-06
4.049999999999999822e+00 -3.149999999999999910e-06
4.099999999999999645e+00 -2.917999999999999845e-06
4.150000000000000355e+00 -2.130000000000000359e-06
4.200000000000000178e+00 -1.122000000000000015e-06
4.250000000000000000e+00 2.399999999999999786e-07
4.299999999999999822e+00 1.643999999999999845e-06
4.349999999999999645e+00 3.149999999999999910e-06
4.400000000000000355e+00 4.612000000000000905e-06
4.450000000000000178e+00 5.912000000000000317e-06
4.500000000000000000e+00 6.987999999999998993e-06
4.549999999999999822e+00 7.843999999999999776e-06
4.599999999999999645e+00 8.304000000000000454e-06
4.650000000000000355e+00 8.321999999999999266e-06
4.700000000000000178e+00 8.064000000000001058e-06
4.750000000000000000e+00 7.268000000000000548e-06
4.799999999999999822e+00 6.080000000000000233e-06
4.849999999999999645e+00 4.461999999999999800e-06
4.900000000000000355e+00 2.731999999999999847e-06
4.950000000000000178e+00 6.620000000000000780e-07
5.000000000000000000e+00 -1.479999999999999806e-06
