-5.999999999999999778e-01 -1.416000000000000080e-06
-5.500000000000000444e-01 -1.500000000000000038e-06
-5.000000000000000000e-01 -1.338000000000000149e-06
-4.500000000000000111e-01 -1.158000000000000178e-06
-4.000000000000000222e-01 -8.519999999999999530e-07
-3.499999999999999778e-01 -5.840000000000000413e-07
-2.999999999999999889e-01 -3.499999999999999842e-07
-2.500000000000000000e-01 -1.499999999999999932e-07
-2.000000000000000111e-01 -8.399999999999998455e-08
-1.499999999999999944e-01 2.000000000000000042e-08
-1.000000000000000056e-01 1.020000000000000001e-07
-5.000000000000000278e-02 2.999999999999999864e-07
0.000000000000000000e+00 1.620000000000000213e-07
5.000000000000000278e-02 1.240000000000000251e-07
1.000000000000000056e-01 7.599999999999999233e-08
1.499999999999999944e-01 -1.539999999999999761e-07
2.000000000000000111e-01 -3.619999999999999857e-07
2.500000000000000000e-01 -7.319999999999999372e-07
2.999999999999999889e-01 -1.049999999999999900e-06
3.499999999999999778e-01 -1.457999999999999847e-06
4.000000000000000222e-01 -1.711999999999999872e-06
4.500000000000000111e-01 -1.734000000000000042e-06
5.000000000000000000e-01 -1.724000000000000138e-06
5.500000000000000444e-01 -1.219999999999999966e-06
5.999999999999999778e-01 -6.519999999999998561e-07
