-5.000000000000000000e+00 4.675999999999999784e-06
-4.950000000000000178e+00 6.000000000000000999e-06
-4.900000000000000355e+00 6.844000000000000033e-06
-4.849999999999999645e+00 7.410000000000000205e-06
-4.799999999999999822e+00 7.595999999999999779e-06
-4.750000000000000000e+00 7.475999999999999234e-06
-4.700000000000000178e+00 6.904000000000000306e-06
-4.650000000000000355e+00 5.936000000000000426e-06
-4.599999999999999645e+00 4.594000000000000400e-06
-4.549999999999999822e+00 3.121999999999999501e-06
-4.500000000000000000e+00 1.352000000000000142e-06
-4.450000000000000178e+00 -2.380000000000000136e-07
-4.400000000000000355e+00 -1.804000000000000007e-06
-4.349999999999999645e+00 -3.183999999999999924e-06
-4.299999999999999822e+00 -4.244000000000000363e-06
-4.250000000000000000e+00 -5.132000000000000162e-06
-4.200000000000000178e+00 -5.480000000000000048e-06
-4.150000000000000355e+00 -5.688000000000000429e-06
-4.099999999999999645e+00 -5.505999999999999461e-06
-4.049999999999999822e+00 -5.135999999999999615e-06
-4.000000000000000000e+00 -4.573999999999999744e-06
-3.950000000000000178e+00 -3.654000000000000082e-06
-3.899999999999999911e+00 -2.597999999999999944e-06
-3.850000000000000089e+00 -1.384000000000000217e-06
-3.799999999999999822e+00 -1.099999999999999791e-07
-3.750000000000000000e+00 1.116000000000000199e-06
-3.700000000000000178e+00 2.183999999999999757e-06
-3.649999999999999911e+00 3.127999999999999952e-06
-3.600000000000000089e+00 3.597999999999999687e-06
-3.549999999999999822e+00 3.819999999999999848e-06
-3.500000000000000000e+00 3.791999999999999439e-06
-3.450000000000000178e+00 3.505999999999999975e-06
-3.399999999999999911e+00 2.959999999999999612e-06
-3.350000000000000089e+00 2.239999999999999729e-06
-3.299999999999999822e+00 1.477999999999999656e-06
-3.250000000000000000e+00 5.039999999999999603e-07
-3.200000000000000178e+00 -3.260000000000000340e-07
-3.149999999999999911e+00 -1.112000000000000111e-06
-3.100000000000000089e+00 -1.745999999999999885e-06
-3.049999999999999822e+00 -2.234000000000000125e-06
-3.000000000000000000e+00 -2.380000000000000083e-06
-2.950000000000000178e+00 -2.244000000000000030e-06
-2.899999999999999911e+00 -1.912000000000000074e-06
-2.850000000000000089e+00 -1.317999999999999917e-06
-2.799999999999999822e+00 -4.040000000000000177e-07
-2.750000000000000000e+00 6.840000000000000368e-07
-2.700000000000000178e+00 1.800000000000000130e-06
-2.649999999999999911e+00 2.945999999999999831e-06
-2.600000000000000089e+00 3.996000000000000366e-06
-2.549999999999999822e+00 4.900000000000000519e-06
-2.500000000000000000e+00 5.423999999999999229e-06
-2.450000000000000178e+00 5.706000000000000087e-06
-2.399999999999999911e+00 5.645999999999999814e-06
-2.350000000000000089e+00 5.240000000000000652e-06
-2.299999999999999822e+00 4.462000000000000647e-06
-2.250000000000000000e+00 3.434000000000000071e-06
-2.200000000000000178e+00 2.252000000000000207e-06
-2.149999999999999911e+00 9.719999999999999687e-07
-2.100000000000000089e+00 -3.959999999999999461e-07
-2.049999999999999822e+00 -1.966000000000000320e-06
-2.000000000000000000e+00 -3.353999999999999990e-06
-1.949999999999999956e+00 -4.653999999999999825e-06
-1.899999999999999911e+00 -5.721999999999999595e-06
-1.850000000000000089e+00 -6.619999999999999298e-06
-1.800000000000000044e+00 -7.043999999999999813e-06
-1.750000000000000000e+00 -7.066000000000000618e-06
-1.699999999999999956e+00 -6.591999999999998889e-06
-1.649999999999999911e+00 -5.633999999999999760e-06
-1.600000000000000089e+00 -4.448000000000000442e-06
-1.550000000000000044e+00 -2.932000000000000049e-06
-1.500000000000000000e+00 -1.353999999999999869e-06
-1.449999999999999956e+00 2.060000000000000182e-07
-1.399999999999999911e+00 1.773999999999999871e-06
-1.350000000000000089e+00 3.023999999999999762e-06
-1.300000000000000044e+00 4.201999999999999748e-06
-1.250000000000000000e+00 5.086000000000000094e-06
-1.199999999999999956e+00 5.757999999999999758e-06
-1.149999999999999911e+00 6.105999999999998798e-06
-1.100000000000000089e+00 6.322000000000000627e-06
-1.050000000000000044e+00 6.292000000000000067e-06
-1.000000000000000000e+00 5.970000000000000439e-06
-9.499999999999999556e-01 5.383999999999999612e-06
-9.000000000000000222e-01 4.600000000000000004e-06
-8.499999999999999778e-01 3.597999999999999687e-06
-8.000000000000000444e-01 2.452000000000000410e-06
-7.500000000000000000e-01 1.319999999999999856e-06
-6.999999999999999556e-01 2.420000000000000229e-07
-6.500000000000000222e-01 -6.360000000000000305e-07
-5.999999999999999778e-01 -1.275999999999999938e-06
-5.500000000000000444e-01 -1.709999999999999933e-06
-5.000000000000000000e-01 -1.776000000000000021e-06
-4.500000000000000111e-01 -1.773999999999999871e-06
-4.000000000000000222e-01 -1.566000000000000338e-06
-3.499999999999999778e-01 -1.334000000000000060e-06
-2.999999999999999889e-01 -1.137999999999999946e-06
-2.500000000000000000e-01 -1.044000000000000084e-06
-2.000000000000000111e-01 -1.033999999999999968e-06
-1.499999999999999944e-01 -1.158000000000000178e-06
-1.000000000000000056e-01 -1.290000000000000143e-06
-5.000000000000000278e-02 -1.360000000000000108e-06
0.000000000000000000e+00 -1.306000000000000074e-06
5.000000000000000278e-02 -1.146000000000000124e-06
1.000000000000000056e-01 -9.500000000000000100e-07
1.499999999999999944e-01 -7.959999999999999809e-07
2.000000000000000111e-01 -7.859999999999999708e-07
2.500000000000000000e-01 -8.239999999999998611e-07
2.999999999999999889e-01 -9.959999999999998660e-07
3.499999999999999778e-01 -1.196000000000000069e-06
4.000000000000000222e-01 -1.350000000000000204e-06
4.500000000000000111e-01 -1.404000000000000025e-06
5.000000000000000000e-01 -1.156000000000000028e-06
5.500000000000000444e-01 -7.980000000000000253e-07
5.999999999999999778e-01 -2.879999999999999848e-07
6.500000000000000222e-01 3.339999999999999997e-07
6.999999999999999556e-01 1.039999999999999784e-06
7.500000000000000000e-01 1.760000000000000090e-06
8.000000000000000444e-01 2.415999999999999823e-06
8.499999999999999778e-01 2.949999999999999708e-06
9.000000000000000222e-01 3.450000000000000003e-06
9.499999999999999556e-01 3.742000000000000341e-06
1.000000000000000000e+00 3.767999999999999753e-06
1.050000000000000044e+00 3.811999999999999247e-06
1.100000000000000089e+00 3.570000000000000124e-06
1.149999999999999911e+00 3.318000000000000250e-06
1.199999999999999956e+00 2.985999999999999871e-06
1.250000000000000000e+00 2.523999999999999890e-06
1.300000000000000044e+00 1.952000000000000115e-06
1.350000000000000089e+00 1.317999999999999917e-06
1.399999999999999911e+00 5.039999999999999603e-07
1.449999999999999956e+00 -3.019999999999999779e-07
1.500000000000000000e+00 -1.225999999999999993e-06
1.550000000000000044e+00 -2.079999999999999991e-06
1.600000000000000089e+00 -2.709999999999999888e-06
1.649999999999999911e+00 -3.187999999999999801e-06
1.699999999999999956e+00 -3.411999999999999689e-06
1.750000000000000000e+00 -3.430000000000000194e-06
1.800000000000000044e+00 -3.046000000000000144e-06
1.850000000000000089e+00 -2.463999999999999617e-06
1.899999999999999911e+00 -1.627999999999999914e-06
1.949999999999999956e+00 -6.099999999999999830e-07
2.000000000000000000e+00 4.160000000000000193e-07
2.049999999999999822e+00 1.544000000000000167e-06
2.100000000000000089e+00 2.657999999999999793e-06
2.149999999999999911e+00 3.794000000000000013e-06
2.200000000000000178e+00 4.616000000000000359e-06
2.250000000000000000e+00 5.137999999999999765e-06
2.299999999999999822e+00 5.264000000000000761e-06
2.350000000000000089e+00 4.901999999999999823e-06
2.399999999999999911e+00 4.051999999999999491e-06
2.450000000000000178e+00 2.997999999999999926e-06
2.500000000000000000e+00 1.627999999999999914e-06
2.549999999999999822e+00 -1.220000000000000072e-07
2.600000000000000089e+00 -1.811999999999999973e-06
2.649999999999999911e+00 -3.511999999999999578e-06
2.700000000000000178e+00 -5.185999999999999136e-06
2.750000000000000000e+00 -6.459999999999999983e-06
2.799999999999999822e+00 -7.250000000000000043e-06
2.850000000000000089e+00 -7.522000000000000149e-06
2.899999999999999911e+00 -7.327999999999999973e-06
2.950000000000000178e+00 -6.637999999999999803e-06
3.000000000000000000e+00 -5.316000000000000433e-06
3.049999999999999822e+00 -3.771999999999999630e-06
3.100000000000000089e+00 -1.868000000000000157e-06
3.149999999999999911e+00 3.719999999999999959e-07
3.200000000000000178e+00 2.737999999999999874e-06
3.250000000000000000e+00 5.057999999999999684e-06
3.299999999999999822e+00 7.253999999999999496e-06
3.350000000000000089e+00 9.365999999999999773e-06
3.399999999999999911e+00 1.095799999999999910e-05
3.450000000000000178e+00 1.189000000000000136e-05
3.500000000000000000e+00 1.234800000000000104e-05
3.549999999999999822e+00 1.210599999999999895e-05
3.600000000000000089e+00 1.095000000000000019e-05
3.649999999999999911e+00 9.152000000000001483e-06
3.700000000000000178e+00 6.770000000000000403e-06
3.750000000000000000e+00 3.928000000000000339e-06
3.799999999999999822e+00 9.640000000000000030e-07
3.850000000000000089e+00 -2.107999999999999977e-06
3.899999999999999911e+00 -4.963999999999999398e-06
3.950000000000000178e+00 -7.554000000000000859e-06
4.000000000000000000e+00 -9.734000000000002010e-06
4.049999999999999822e+00 -1.125799999999999792e-05
4.099999999999999645e+00 -1.223999999999999970e-05
4.150000000000000355e+00 -1.267600000000000196e-05
4.200000000000000178e+00 -1.237000000000000015e-05
4.250000000000000000e+00 -1.162000000000000055e-05
4.299999999999999822e+00 -1.025599999999999972e-05
4.349999999999999645e+00 -8.461999999999999619e-06
4.400000000000000355e+00 -6.348000000000000886e-06
4.450000000000000178e+00 -3.771999999999999630e-06
4.500000000000000000e+00 -8.239999999999998611e-07
4.549999999999999822e+00 1.611999999999999770e-06
4.599999999999999645e+00 4.352000000000000006e-06
4.650000000000000355e+00 6.776000000000000007e-06
4.700000000000000178e+00 8.729999999999999425e-06
4.750000000000000000e+00 1.014200000000000047e-05
4.799999999999999822e+00 1.096199999999999940e-05
4.849999999999999645e+00 1.114999999999999997e-05
4.900000000000000355e+00 1.092199999999999978e-05
4.950000000000000178e+00 1.005000000000000034e-05
5.000000000000000000e+00 8.946000000000000406e-06
