-5.000000000000000000e+00 2.290000000000000098e-06
-4.950000000000000178e+00 2.151999999999999894e-06
-4.900000000000000355e+00 1.841999999999999898e-06
-4.849999999999999645e+00 1.540000000000000079e-06
-4.799999999999999822e+00 1.106000000000000083e-06
-4.750000000000000000e+00 6.260000000000000204e-07
-4.700000000000000178e+00 1.299999999999999994e-07
-4.650000000000000355e+00 -4.060000000000000092e-07
-4.599999999999999645e+00 -8.740000000000001235e-07
-4.549999999999999822e+00 -1.292000000000000081e-06
-4.500000000000000000e+00 -1.618000000000000009e-06
-4.450000000000000178e+00 -1.999999999999999909e-06
-4.400000000000000355e+00 -2.231999999999999975e-06
-4.349999999999999645e+00 -2.409999999999999796e-06
-4.299999999999999822e+00 -2.545999999999999849e-06
-4.250000000000000000e+00 -2.594000000000000067e-06
-4.200000000000000178e+00 -2.607999999999999848e-06
-4.150000000000000355e+00 -2.479999999999999972e-06
-4.099999999999999645e+00 -2.282000000000000344e-06
-4.049999999999999822e+00 -2.049999999999999854e-06
-4.000000000000000000e+00 -1.692000000000000063e-06
-3.950000000000000178e+00 -1.184000000000000014e-06
-3.899999999999999911e+00 -7.099999999999999785e-07
-3.850000000000000089e+00 -1.439999999999999924e-07
-3.799999999999999822e+00 4.880000000000000287e-07
-3.750000000000000000e+00 1.053999999999999988e-06
-3.700000000000000178e+00 1.633999999999999941e-06
-3.649999999999999911e+00 2.169999999999999976e-06
-3.600000000000000089e+00 2.623999999999999780e-06
-3.549999999999999822e+00 2.978000000000000117e-06
-3.500000000000000000e+00 3.164000000000000115e-06
-3.450000000000000178e+00 3.304000000000000045e-06
-3.399999999999999911e+00 3.440000000000000098e-06
-3.350000000000000089e+00 3.328000000000000154e-06
-3.299999999999999822e+00 3.262000000000000278e-06
-3.250000000000000000e+00 3.115999999999999897e-06
-3.200000000000000178e+00 2.979999999999999844e-06
-3.149999999999999911e+00 2.725999999999999819e-06
-3.100000000000000089e+00 2.420000000000000123e-06
-3.049999999999999822e+00 2.116000000000000154e-06
-3.000000000000000000e+00 1.825999999999999754e-06
-2.950000000000000178e+00 1.349999999999999992e-06
-2.899999999999999911e+00 9.180000000000000410e-07
-2.850000000000000089e+00 4.159999999999999134e-07
-2.799999999999999822e+00 -8.000000000000000167e-08
-2.750000000000000000e+00 -5.819999999999999970e-07
-2.700000000000000178e+00 -1.029999999999999879e-06
-2.649999999999999911e+00 -1.554000000000000072e-06
-2.600000000000000089e+00 -1.893999999999999781e-06
-2.549999999999999822e+00 -2.287999999999999947e-06
-2.500000000000000000e+00 -2.490000000000000300e-06
-2.450000000000000178e+00 -2.628000000000000080e-06
-2.399999999999999911e+00 -2.720000000000000216e-06
-2.350000000000000089e+00 -2.674000000000000148e-06
-2.299999999999999822e+00 -2.673999999999999724e-06
-2.250000000000000000e+00 -2.588000000000000463e-06
-2.200000000000000178e+00 -2.349999999999999947e-06
-2.149999999999999911e+00 -2.157999999999999921e-06
-2.100000000000000089e+00 -1.828000000000000116e-06
-2.049999999999999822e+00 -1.427999999999999923e-06
-2.000000000000000000e+00 -1.007999999999999921e-06
-1.949999999999999956e+00 -4.799999999999999571e-07
-1.899999999999999911e+00 5.999999999999999464e-08
-1.850000000000000089e+00 6.500000000000000235e-07
-1.800000000000000044e+00 1.214000000000000150e-06
-1.750000000000000000e+00 1.807999999999999884e-06
-1.699999999999999956e+00 2.302000000000000152e-06
-1.649999999999999911e+00 2.737999999999999874e-06
-1.600000000000000089e+00 3.081999999999999884e-06
-1.550000000000000044e+00 3.342000000000000359e-06
-1.500000000000000000e+00 3.563999999999999674e-06
-1.449999999999999956e+00 3.581999999999999755e-06
-1.399999999999999911e+00 3.577999999999999878e-06
-1.350000000000000089e+00 3.547999999999999742e-06
-1.300000000000000044e+00 3.391999999999999880e-06
-1.250000000000000000e+00 3.178000000000000320e-06
-1.199999999999999956e+00 2.954000000000000008e-06
-1.149999999999999911e+00 2.600000000000000094e-06
-1.100000000000000089e+00 2.274000000000000166e-06
-1.050000000000000044e+00 1.860000000000000191e-06
-1.000000000000000000e+00 1.447999999999999943e-06
-9.499999999999999556e-01 8.840000000000000278e-07
-9.000000000000000222e-01 3.300000000000000168e-07
-8.499999999999999778e-01 -1.840000000000000065e-07
-8.000000000000000444e-01 -8.519999999999999530e-07
-7.500000000000000000e-01 -1.447999999999999943e-06
-6.999999999999999556e-01 -1.919999999999999828e-06
-6.500000000000000222e-01 -2.393999999999999864e-06
-5.999999999999999778e-01 -2.738000000000000297e-06
-5.500000000000000444e-01 -2.836000000000000037e-06
-5.000000000000000000e-01 -2.906000000000000214e-06
-4.500000000000000111e-01 -2.962000000000000186e-06
-4.000000000000000222e-01 -2.874000000000000351e-06
-3.499999999999999778e-01 -2.774000000000000038e-06
-2.999999999999999889e-01 -2.521999999999999740e-06
-2.500000000000000000e-01 -2.194000000000000085e-06
-2.000000000000000111e-01 -1.889999999999999904e-06
-1.499999999999999944e-01 -1.549999999999999983e-06
-1.000000000000000056e-01 -1.122000000000000015e-06
-5.000000000000000278e-02 -6.079999999999999386e-07
0.000000000000000000e+00 -1.919999999999999723e-07
5.000000000000000278e-02 3.679999999999999601e-07
1.000000000000000056e-01 8.959999999999998705e-07
1.499999999999999944e-01 1.506000000000000065e-06
2.000000000000000111e-01 1.970000000000000197e-06
2.500000000000000000e-01 2.427999999999999877e-06
2.999999999999999889e-01 2.927999999999999749e-06
3.499999999999999778e-01 3.258000000000000401e-06
4.000000000000000222e-01 3.456000000000000030e-06
4.500000000000000111e-01 3.631999999999999700e-06
5.000000000000000000e-01 3.573999999999999154e-06
5.500000000000000444e-01 3.594000000000000657e-06
5.999999999999999778e-01 3.488000000000000316e-06
6.500000000000000222e-01 3.269999999999999609e-06
6.999999999999999556e-01 3.056000000000000472e-06
7.500000000000000000e-01 2.720000000000000216e-06
8.000000000000000444e-01 2.340000000000000042e-06
8.499999999999999778e-01 1.918000000000000102e-06
9.000000000000000222e-01 1.533999999999999840e-06
9.499999999999999556e-01 1.040000000000000207e-06
1.000000000000000000e+00 4.620000000000000871e-07
1.050000000000000044e+00 -3.999999999999998595e-09
1.100000000000000089e+00 -6.099999999999999830e-07
1.149999999999999911e+00 -1.145999999999999912e-06
1.199999999999999956e+00 -1.627999999999999914e-06
1.250000000000000000e+00 -2.114000000000000004e-06
1.300000000000000044e+00 -2.414000000000000096e-06
1.350000000000000089e+00 -2.720000000000000216e-06
1.399999999999999911e+00 -2.870000000000000050e-06
1.449999999999999956e+00 -2.948000000000000404e-06
1.500000000000000000e+00 -2.909999999999999667e-06
1.550000000000000044e+00 -2.758000000000000106e-06
1.600000000000000089e+00 -2.546000000000000272e-06
1.649999999999999911e+00 -2.252000000000000207e-06
1.699999999999999956e+00 -1.990000000000000005e-06
1.750000000000000000e+00 -1.574000000000000092e-06
1.800000000000000044e+00 -1.128000000000000042e-06
1.850000000000000089e+00 -7.560000000000000463e-07
1.899999999999999911e+00 -3.060000000000000137e-07
1.949999999999999956e+00 1.979999999999999995e-07
2.000000000000000000e+00 7.160000000000000057e-07
2.049999999999999822e+00 1.221999999999999904e-06
2.100000000000000089e+00 1.758000000000000151e-06
2.149999999999999911e+00 2.290000000000000098e-06
2.200000000000000178e+00 2.720000000000000216e-06
2.250000000000000000e+00 3.101999999999999692e-06
2.299999999999999822e+00 3.435999999999999798e-06
2.350000000000000089e+00 3.623999999999999946e-06
2.399999999999999911e+00 3.703999999999999604e-06
2.450000000000000178e+00 3.774000000000000204e-06
2.500000000000000000e+00 3.600000000000000261e-06
2.549999999999999822e+00 3.400000000000000058e-06
2.600000000000000089e+00 3.076000000000000280e-06
2.649999999999999911e+00 2.778000000000000338e-06
2.700000000000000178e+00 2.355999999999999974e-06
2.750000000000000000e+00 1.900000000000000020e-06
2.799999999999999822e+00 1.447999999999999943e-06
2.850000000000000089e+00 1.005999999999999982e-06
2.899999999999999911e+00 4.259999999999999765e-07
2.950000000000000178e+00 -4.600000000000000162e-08
3.000000000000000000e+00 -5.539999999999999051e-07
3.049999999999999822e+00 -1.061999999999999954e-06
3.100000000000000089e+00 -1.508000000000000216e-06
3.149999999999999911e+00 -1.913999999999999801e-06
3.200000000000000178e+00 -2.203999999999999989e-06
3.250000000000000000e+00 -2.598000000000000367e-06
3.299999999999999822e+00 -2.753999999999999805e-06
3.350000000000000089e+00 -2.843999999999999791e-06
3.399999999999999911e+00 -2.857999999999999996e-06
3.450000000000000178e+00 -2.773999999999999614e-06
3.500000000000000000e+00 -2.527999999999999767e-06
3.549999999999999822e+00 -2.293999999999999975e-06
3.600000000000000089e+00 -1.875999999999999911e-06
3.649999999999999911e+00 -1.495999999999999949e-06
3.700000000000000178e+00 -1.095999999999999967e-06
3.750000000000000000e+00 -5.939999999999999456e-07
3.799999999999999822e+00 -9.999999999999996901e-08
3.850000000000000089e+00 3.300000000000000168e-07
3.899999999999999911e+00 7.899999999999998478e-07
3.950000000000000178e+00 1.233999999999999959e-06
4.000000000000000000e+00 1.735999999999999981e-06
4.049999999999999822e+00 2.185999999999999907e-06
4.099999999999999645e+00 2.619999999999999903e-06
4.150000000000000355e+00 2.928000000000000172e-06
4.200000000000000178e+00 3.215999999999999787e-06
4.250000000000000000e+00 3.407999999999999812e-06
4.299999999999999822e+00 3.502000000000000098e-06
4.349999999999999645e+00 3.524000000000000057e-06
4.400000000000000355e+00 3.380000000000000249e-06
4.450000000000000178e+00 3.255999999999999827e-06
4.500000000000000000e+00 2.990000000000000172e-06
4.549999999999999822e+00 2.625999999999999930e-06
4.599999999999999645e+00 2.253999999999999934e-06
4.650000000000000355e+00 1.849999999999999863e-06
4.700000000000000178e+00 1.394000000000000121e-06
4.750000000000000000e+00 9.379999999999999554e-07
4.799999999999999822e+00 4.880000000000000287e-07
4.849999999999999645e+00 -6.000000000000000787e-09
4.900000000000000355e+00 -4.179999999999999578e-07
4.950000000000000178e+00 -8.780000000000001064e-07
5.000000000000000000e+00 -1.294000000000000020e-06
