-5.000000000000000000e+00 1.332000000000000122e-06
-4.950000000000000178e+00 1.453999999999999970e-06
-4.900000000000000355e+00 1.457999999999999847e-06
-4.849999999999999645e+00 1.318000000000000129e-06
-4.799999999999999822e+00 1.168000000000000083e-06
-4.750000000000000000e+00 8.800000000000000449e-07
-4.700000000000000178e+00 4.519999999999999711e-07
-4.650000000000000355e+00 2.040000000000000003e-07
-4.599999999999999645e+00 -1.140000000000000150e-07
-4.549999999999999822e+00 -3.400000000000000270e-07
-4.500000000000000000e+00 -6.100000000000000889e-07
-4.450000000000000178e+00 -8.200000000000000899e-07
-4.400000000000000355e+00 -1.070000000000000132e-06
-4.349999999999999645e+00 -1.351999999999999930e-06
-4.299999999999999822e+00 -1.559999999999999887e-06
-4.250000000000000000e+00 -1.758000000000000151e-06
-4.200000000000000178e+00 -1.980000000000000101e-06
-4.150000000000000355e+00 -1.943999999999999514e-06
-4.099999999999999645e+00 -1.740000000000000281e-06
-4.049999999999999822e+00 -1.411999999999999991e-06
-4.000000000000000000e+00 -8.640000000000000075e-07
-3.950000000000000178e+00 -1.020000000000000001e-07
-3.899999999999999911e+00 5.719999999999999868e-07
-3.850000000000000089e+00 1.362000000000000258e-06
-3.799999999999999822e+00 1.958000000000000142e-06
-3.750000000000000000e+00 2.537999999999999671e-06
-3.700000000000000178e+00 2.816000000000000228e-06
-3.649999999999999911e+00 3.037999999999999966e-06
-3.600000000000000089e+00 3.059999999999999925e-06
-3.549999999999999822e+00 3.034000000000000089e-06
-3.500000000000000000e+00 2.973999999999999817e-06
-3.450000000000000178e+00 2.861999999999999873e-06
-3.399999999999999911e+00 2.737999999999999874e-06
-3.350000000000000089e+00 2.500000000000000205e-06
-3.299999999999999822e+00 2.167999999999999826e-06
-3.250000000000000000e+00 1.796000000000000042e-06
-3.200000000000000178e+00 1.272000000000000061e-06
-3.149999999999999911e+00 6.139999999999999659e-07
-3.100000000000000089e+00 -1.020000000000000001e-07
-3.049999999999999822e+00 -8.679999999999999904e-07
-3.000000000000000000e+00 -1.562000000000000037e-06
-2.950000000000000178e+00 -2.078000000000000264e-06
-2.899999999999999911e+00 -2.458000000000000014e-06
-2.850000000000000089e+00 -2.629999999999999807e-06
-2.799999999999999822e+00 -2.644000000000000012e-06
-2.750000000000000000e+00 -2.534000000000000218e-06
-2.700000000000000178e+00 -2.331999999999999865e-06
-2.649999999999999911e+00 -2.024000000000000019e-06
-2.600000000000000089e+00 -1.717999999999999899e-06
-2.549999999999999822e+00 -1.433999999999999738e-06
-2.500000000000000000e+00 -1.190000000000000041e-06
-2.450000000000000178e+00 -8.600000000000000246e-07
-2.399999999999999911e+00 -4.199999999999999492e-07
-2.350000000000000089e+00 6.800000000000000010e-08
-2.299999999999999822e+00 6.920000000000000026e-07
-2.250000000000000000e+00 1.374000000000000101e-06
-2.200000000000000178e+00 2.061999999999999909e-06
-2.149999999999999911e+00 2.615999999999999602e-06
-2.100000000000000089e+00 3.158000000000000088e-06
-2.049999999999999822e+00 3.427999999999999620e-06
-2.000000000000000000e+00 3.645999999999999905e-06
-1.949999999999999956e+00 3.583999999999999482e-06
-1.899999999999999911e+00 3.422000000000000017e-06
-1.850000000000000089e+00 3.144000000000000307e-06
-1.800000000000000044e+00 2.805999999999999901e-06
-1.750000000000000000e+00 2.392000000000000137e-06
-1.699999999999999956e+00 2.033999999999999923e-06
-1.649999999999999911e+00 1.578000000000000181e-06
-1.600000000000000089e+00 1.075999999999999947e-06
-1.550000000000000044e+00 4.400000000000000224e-07
-1.500000000000000000e+00 -2.759999999999999833e-07
-1.449999999999999956e+00 -1.012000000000000009e-06
-1.399999999999999911e+00 -1.732000000000000104e-06
-1.350000000000000089e+00 -2.412000000000000369e-06
-1.300000000000000044e+00 -2.885999999999999982e-06
-1.250000000000000000e+00 -3.228000000000000265e-06
-1.199999999999999956e+00 -3.373999999999999799e-06
-1.149999999999999911e+00 -3.284000000000000237e-06
-1.100000000000000089e+00 -3.022000000000000035e-06
-1.050000000000000044e+00 -2.593999999999999643e-06
-1.000000000000000000e+00 -2.127999999999999785e-06
-9.499999999999999556e-01 -1.535999999999999778e-06
-9.000000000000000222e-01 -1.017999999999999825e-06
-8.499999999999999778e-01 -4.839999999999999400e-07
-8.000000000000000444e-01 1.580000000000000119e-07
-7.500000000000000000e-01 8.040000000000000526e-07
-6.999999999999999556e-01 1.433999999999999950e-06
-6.500000000000000222e-01 2.148000000000000017e-06
-5.999999999999999778e-01 2.803999999999999750e-06
-5.500000000000000444e-01 3.415999999999999989e-06
-5.000000000000000000e-01 3.845999999999999261e-06
-4.500000000000000111e-01 4.188000000000000391e-06
-4.000000000000000222e-01 4.202000000000000595e-06
-3.499999999999999778e-01 4.042000000000000433e-06
-2.999999999999999889e-01 3.758000000000000273e-06
-2.500000000000000000e-01 3.241999999999999622e-06
-2.000000000000000111e-01 2.730000000000000120e-06
-1.499999999999999944e-01 2.247999999999999907e-06
-1.000000000000000056e-01 1.703999999999999906e-06
-5.000000000000000278e-02 1.081999999999999974e-06
0.000000000000000000e+00 5.319999999999999463e-07
5.000000000000000278e-02 -1.200000000000000157e-08
1.000000000000000056e-01 -6.439999999999998904e-07
1.499999999999999944e-01 -1.350000000000000204e-06
2.000000000000000111e-01 -1.979999999999999677e-06
2.500000000000000000e-01 -2.550000000000000149e-06
2.999999999999999889e-01 -3.058000000000000198e-06
3.499999999999999778e-01 -3.391999999999999880e-06
4.000000000000000222e-01 -3.502000000000000098e-06
4.500000000000000111e-01 -3.482000000000000289e-06
5.000000000000000000e-01 -3.172000000000000293e-06
5.500000000000000444e-01 -2.714000000000000188e-06
5.999999999999999778e-01 -2.272000000000000016e-06
6.500000000000000222e-01 -1.590000000000000023e-06
6.999999999999999556e-01 -9.739999999999999072e-07
7.500000000000000000e-01 -3.579999999999999499e-07
8.000000000000000444e-01 2.420000000000000229e-07
8.499999999999999778e-01 9.660000000000001532e-07
9.000000000000000222e-01 1.652000000000000023e-06
9.499999999999999556e-01 2.310000000000000330e-06
1.000000000000000000e+00 2.966000000000000486e-06
1.050000000000000044e+00 3.590000000000000356e-06
1.100000000000000089e+00 4.088000000000000501e-06
1.149999999999999911e+00 4.425999999999999637e-06
1.199999999999999956e+00 4.531999999999999977e-06
1.250000000000000000e+00 4.398000000000000074e-06
1.300000000000000044e+00 4.060000000000000092e-06
1.350000000000000089e+00 3.627999999999999823e-06
1.399999999999999911e+00 2.933999999999999353e-06
1.449999999999999956e+00 2.247999999999999907e-06
1.500000000000000000e+00 1.509999999999999942e-06
1.550000000000000044e+00 7.860000000000000767e-07
1.600000000000000089e+00 1.379999999999999916e-07
1.649999999999999911e+00 -4.599999999999999898e-07
1.699999999999999956e+00 -1.125999999999999892e-06
1.750000000000000000e+00 -1.707999999999999995e-06
1.800000000000000044e+00 -2.268000000000000139e-06
1.850000000000000089e+00 -2.770000000000000161e-06
1.899999999999999911e+00 -3.235999999999999595e-06
1.949999999999999956e+00 -3.570000000000000124e-06
2.000000000000000000e+00 -3.713999999999999931e-06
2.049999999999999822e+00 -3.674000000000000314e-06
2.100000000000000089e+00 -3.381999999999999976e-06
2.149999999999999911e+00 -2.979999999999999844e-06
2.200000000000000178e+00 -2.371999999999999905e-06
2.250000000000000000e+00 -1.690000000000000125e-06
2.299999999999999822e+00 -9.059999999999999865e-07
2.350000000000000089e+00 -1.259999999999999901e-07
2.399999999999999911e+00 6.339999999999999861e-07
2.450000000000000178e+00 1.264000000000000095e-06
2.500000000000000000e+00 1.943999999999999937e-06
2.549999999999999822e+00 2.582000000000000012e-06
2.600000000000000089e+00 3.070000000000000253e-06
2.649999999999999911e+00 3.509999999999999852e-06
2.700000000000000178e+00 3.911999999999999984e-06
2.750000000000000000e+00 4.157999999999999831e-06
2.799999999999999822e+00 4.262000000000000021e-06
2.850000000000000089e+00 4.302000000000000485e-06
2.899999999999999911e+00 4.009999999999999723e-06
2.950000000000000178e+00 3.593999999999999810e-06
3.000000000000000000e+00 3.096000000000000089e-06
3.049999999999999822e+00 2.396000000000000014e-06
3.100000000000000089e+00 1.634000000000000364e-06
3.149999999999999911e+00 9.180000000000000410e-07
3.200000000000000178e+00 1.280000000000000080e-07
3.250000000000000000e+00 -5.899999999999999627e-07
3.299999999999999822e+00 -1.207999999999999911e-06
3.350000000000000089e+00 -1.783999999999999775e-06
3.399999999999999911e+00 -2.272000000000000016e-06
3.450000000000000178e+00 -2.699999999999999984e-06
3.500000000000000000e+00 -2.934000000000000200e-06
3.549999999999999822e+00 -3.112000000000000020e-06
3.600000000000000089e+00 -3.152000000000000484e-06
3.649999999999999911e+00 -3.186000000000000497e-06
3.700000000000000178e+00 -3.007999999999999830e-06
3.750000000000000000e+00 -2.744000000000000325e-06
3.799999999999999822e+00 -2.343999999999999919e-06
3.850000000000000089e+00 -1.796000000000000042e-06
3.899999999999999911e+00 -1.179999999999999925e-06
3.950000000000000178e+00 -4.199999999999999492e-07
4.000000000000000000e+00 3.080000000000000051e-07
4.049999999999999822e+00 1.118000000000000138e-06
4.099999999999999645e+00 1.864000000000000068e-06
4.150000000000000355e+00 2.567999999999999808e-06
4.200000000000000178e+00 3.180000000000000047e-06
4.250000000000000000e+00 3.713999999999999931e-06
4.299999999999999822e+00 4.067999999999999846e-06
4.349999999999999645e+00 4.394000000000000621e-06
4.400000000000000355e+00 4.533999999999999280e-06
4.450000000000000178e+00 4.502000000000000264e-06
4.500000000000000000e+00 4.342000000000000102e-06
4.549999999999999822e+00 4.044000000000000584e-06
4.599999999999999645e+00 3.614000000000000465e-06
4.650000000000000355e+00 2.991999999999999898e-06
4.700000000000000178e+00 2.195999999999999812e-06
4.750000000000000000e+00 1.382000000000000067e-06
4.799999999999999822e+00 3.939999999999999546e-07
4.849999999999999645e+00 -5.359999999999999292e-07
4.900000000000000355e+00 -1.533999999999999840e-06
4.950000000000000178e+00 -2.483999999999999849e-06
5.000000000000000000e+00 -3.207999999999999609e-06
