-5.000000000000000000e+00 4.152000000000000227e-06
-4.950000000000000178e+00 5.173999999999999929e-06
-4.900000000000000355e+00 5.854000000000000195e-06
-4.849999999999999645e+00 6.307999999999999575e-06
-4.799999999999999822e+00 6.446000000000000625e-06
-4.750000000000000000e+00 6.205999999999999535e-06
-4.700000000000000178e+00 5.645999999999999814e-06
-4.650000000000000355e+00 4.758000000000000016e-06
-4.599999999999999645e+00 3.762000000000000150e-06
-4.549999999999999822e+00 2.517999999999999863e-06
-4.500000000000000000e+00 1.292000000000000081e-06
-4.450000000000000178e+00 1.040000000000000048e-07
-4.400000000000000355e+00 -9.880000000000001120e-07
-4.349999999999999645e+00 -1.878000000000000061e-06
-4.299999999999999822e+00 -2.589999999999999766e-06
-4.250000000000000000e+00 -3.065999999999999952e-06
-4.200000000000000178e+00 -3.425999999999999894e-06
-4.150000000000000355e+00 -3.452000000000000153e-06
-4.099999999999999645e+00 -3.386000000000000277e-06
-4.049999999999999822e+00 -3.028000000000000062e-06
-4.000000000000000000e+00 -2.312000000000000056e-06
-3.950000000000000178e+00 -1.538000000000000140e-06
-3.899999999999999911e+00 -5.280000000000000693e-07
-3.850000000000000089e+00 5.160000000000000148e-07
-3.799999999999999822e+00 1.413999999999999930e-06
-3.750000000000000000e+00 1.999999999999999909e-06
-3.700000000000000178e+00 2.394000000000000288e-06
-3.649999999999999911e+00 2.430000000000000028e-06
-3.600000000000000089e+00 2.073999999999999963e-06
-3.549999999999999822e+00 1.424000000000000046e-06
-3.500000000000000000e+00 8.240000000000000728e-07
-3.450000000000000178e+00 -6.400000000000000399e-08
-3.399999999999999911e+00 -8.160000000000000012e-07
-3.350000000000000089e+00 -1.632000000000000002e-06
-3.299999999999999822e+00 -2.169999999999999976e-06
-3.250000000000000000e+00 -2.769999999999999737e-06
-3.200000000000000178e+00 -3.143999999999999883e-06
-3.149999999999999911e+00 -3.342000000000000359e-06
-3.100000000000000089e+00 -3.228000000000000265e-06
-3.049999999999999822e+00 -2.966000000000000063e-06
-3.000000000000000000e+00 -2.293999999999999975e-06
-2.950000000000000178e+00 -1.472000000000000052e-06
-2.899999999999999911e+00 -2.920000000000000207e-07
-2.850000000000000089e+00 1.074000000000000009e-06
-2.799999999999999822e+00 2.634000000000000107e-06
-2.750000000000000000e+00 4.325999999999999747e-06
-2.700000000000000178e+00 5.874000000000000003e-06
-2.649999999999999911e+00 7.221999999999999633e-06
-2.600000000000000089e+00 8.124000000000000484e-06
-2.549999999999999822e+00 8.592000000000000069e-06
-2.500000000000000000e+00 8.551999999999998758e-06
-2.450000000000000178e+00 7.942000000000001210e-06
-2.399999999999999911e+00 6.940000000000000469e-06
-2.350000000000000089e+00 5.471999999999999447e-06
-2.299999999999999822e+00 3.824000000000000149e-06
-2.250000000000000000e+00 2.058000000000000032e-06
-2.200000000000000178e+00 6.400000000000000399e-08
-2.149999999999999911e+00 -1.766000000000000117e-06
-2.100000000000000089e+00 -3.611999999999999892e-06
-2.049999999999999822e+00 -5.171999999999999779e-06
-2.000000000000000000e+00 -6.598000000000000186e-06
-1.949999999999999956e+00 -7.837999999999998479e-06
-1.899999999999999911e+00 -8.770000000000000736e-06
-1.850000000000000089e+00 -9.259999999999999433e-06
-1.800000000000000044e+00 -9.072000000000000555e-06
-1.750000000000000000e+00 -8.381999999999998691e-06
-1.699999999999999956e+00 -7.420000000000000109e-06
-1.649999999999999911e+00 -5.842000000000000140e-06
-1.600000000000000089e+00 -4.074000000000000296e-06
-1.550000000000000044e+00 -2.059999999999999759e-06
-1.500000000000000000e+00 -1.020000000000000001e-07
-1.449999999999999956e+00 1.766000000000000117e-06
-1.399999999999999911e+00 3.462000000000000481e-06
-1.350000000000000089e+00 5.009999999999999466e-06
-1.300000000000000044e+00 6.059999999999999578e-06
-1.250000000000000000e+00 6.879999999999999350e-06
-1.199999999999999956e+00 7.420000000000000109e-06
-1.149999999999999911e+00 7.559999999999999616e-06
-1.100000000000000089e+00 7.414000000000000505e-06
-1.050000000000000044e+00 7.008000000000000496e-06
-1.000000000000000000e+00 6.354000000000000490e-06
-9.499999999999999556e-01 5.517999999999999515e-06
-9.000000000000000222e-01 4.406000000000000675e-06
-8.499999999999999778e-01 3.206000000000000306e-06
-8.000000000000000444e-01 1.891999999999999842e-06
-7.500000000000000000e-01 5.619999999999999767e-07
-6.999999999999999556e-01 -5.039999999999999603e-07
-6.500000000000000222e-01 -1.393999999999999909e-06
-5.999999999999999778e-01 -2.103999999999999676e-06
-5.500000000000000444e-01 -2.438000000000000205e-06
-5.000000000000000000e-01 -2.555999999999999753e-06
-4.500000000000000111e-01 -2.401999999999999618e-06
-4.000000000000000222e-01 -2.112000000000000277e-06
-3.499999999999999778e-01 -1.771999999999999933e-06
-2.999999999999999889e-01 -1.401999999999999875e-06
-2.500000000000000000e-01 -1.140000000000000097e-06
-2.000000000000000111e-01 -9.619999999999998527e-07
-1.499999999999999944e-01 -8.660000000000000519e-07
-1.000000000000000056e-01 -7.219999999999999271e-07
-5.000000000000000278e-02 -5.979999999999999285e-07
0.000000000000000000e+00 -5.680000000000000039e-07
5.000000000000000278e-02 -4.999999999999999774e-07
1.000000000000000056e-01 -4.599999999999999898e-07
1.499999999999999944e-01 -6.279999999999999589e-07
2.000000000000000111e-01 -8.760000000000000620e-07
2.500000000000000000e-01 -1.163999999999999994e-06
2.999999999999999889e-01 -1.606000000000000167e-06
3.499999999999999778e-01 -1.946000000000000088e-06
4.000000000000000222e-01 -2.268000000000000139e-06
4.500000000000000111e-01 -2.439999999999999508e-06
5.000000000000000000e-01 -2.297999999999999852e-06
5.500000000000000444e-01 -1.947999999999999814e-06
5.999999999999999778e-01 -1.251999999999999829e-06
6.500000000000000222e-01 -3.599999999999999943e-07
6.999999999999999556e-01 5.579999999999999938e-07
7.500000000000000000e-01 1.695999999999999940e-06
8.000000000000000444e-01 2.741999999999999751e-06
8.499999999999999778e-01 3.756000000000000122e-06
9.000000000000000222e-01 4.809999999999999687e-06
9.499999999999999556e-01 5.533999999999999870e-06
1.000000000000000000e+00 6.219999999999999740e-06
1.050000000000000044e+00 6.625999999999998902e-06
1.100000000000000089e+00 6.873999999999999746e-06
1.149999999999999911e+00 6.836000000000000279e-06
1.199999999999999956e+00 6.576000000000001075e-06
1.250000000000000000e+00 6.000000000000000152e-06
1.300000000000000044e+00 4.967999999999999699e-06
1.350000000000000089e+00 3.816000000000000395e-06
1.399999999999999911e+00 2.214000000000000317e-06
1.449999999999999956e+00 4.220000000000000465e-07
1.500000000000000000e+00 -1.355999999999999807e-06
1.550000000000000044e+00 -3.270000000000000032e-06
1.600000000000000089e+00 -4.984000000000000054e-06
1.649999999999999911e+00 -6.477999999999999641e-06
1.699999999999999956e+00 -7.603999999999998686e-06
1.750000000000000000e+00 -8.332000000000000864e-06
1.800000000000000044e+00 -8.709999999999999616e-06
1.850000000000000089e+00 -8.652000000000001188e-06
1.899999999999999911e+00 -8.081999999999998175e-06
1.949999999999999956e+00 -7.166000000000000508e-06
2.000000000000000000e+00 -5.862000000000000796e-06
2.049999999999999822e+00 -4.208000000000000199e-06
2.100000000000000089e+00 -2.167999999999999826e-06
2.149999999999999911e+00 -4.199999999999999889e-08
2.200000000000000178e+00 2.150000000000000167e-06
2.250000000000000000e+00 4.145999999999999776e-06
2.299999999999999822e+00 5.922000000000000221e-06
2.350000000000000089e+00 7.277999999999998758e-06
2.399999999999999911e+00 8.139999999999999992e-06
2.450000000000000178e+00 8.485999999999999728e-06
2.500000000000000000e+00 8.476000000000001518e-06
2.549999999999999822e+00 8.015999999999999146e-06
2.600000000000000089e+00 7.172000000000000112e-06
2.649999999999999911e+00 5.920000000000000071e-06
2.700000000000000178e+00 4.578000000000000045e-06
2.750000000000000000e+00 3.056000000000000048e-06
2.799999999999999822e+00 1.768000000000000056e-06
2.850000000000000089e+00 3.919999999999999632e-07
2.899999999999999911e+00 -8.600000000000000246e-07
2.950000000000000178e+00 -1.875999999999999911e-06
3.000000000000000000e+00 -2.701999999999999710e-06
3.049999999999999822e+00 -3.300000000000000168e-06
3.100000000000000089e+00 -3.669999999999999590e-06
3.149999999999999911e+00 -3.819999999999999848e-06
3.200000000000000178e+00 -3.638000000000000151e-06
3.250000000000000000e+00 -3.236000000000000019e-06
3.299999999999999822e+00 -2.640000000000000135e-06
3.350000000000000089e+00 -1.855999999999999891e-06
3.399999999999999911e+00 -1.005999999999999982e-06
3.450000000000000178e+00 -2.580000000000000074e-07
3.500000000000000000e+00 4.679999999999999026e-07
3.549999999999999822e+00 8.219999999999999226e-07
3.600000000000000089e+00 1.070000000000000132e-06
3.649999999999999911e+00 9.640000000000000030e-07
3.700000000000000178e+00 7.020000000000000127e-07
3.750000000000000000e+00 2.659999999999999731e-07
3.799999999999999822e+00 -1.179999999999999978e-07
3.850000000000000089e+00 -6.540000000000000064e-07
3.899999999999999911e+00 -1.046000000000000023e-06
3.950000000000000178e+00 -1.250000000000000102e-06
4.000000000000000000e+00 -1.335999999999999999e-06
4.049999999999999822e+00 -1.131999999999999919e-06
4.099999999999999645e+00 -7.919999999999999980e-07
4.150000000000000355e+00 -2.239999999999999676e-07
4.200000000000000178e+00 2.840000000000000020e-07
4.250000000000000000e+00 8.579999999999998744e-07
4.299999999999999822e+00 1.467999999999999963e-06
4.349999999999999645e+00 2.093999999999999772e-06
4.400000000000000355e+00 2.651999999999999766e-06
4.450000000000000178e+00 3.182000000000000197e-06
4.500000000000000000e+00 3.579999999999999605e-06
4.549999999999999822e+00 3.799999999999999616e-06
4.599999999999999645e+00 4.054000000000000488e-06
4.650000000000000355e+00 3.933999999999999943e-06
4.700000000000000178e+00 3.690000000000000246e-06
4.750000000000000000e+00 3.096000000000000089e-06
4.799999999999999822e+00 2.219999999999999921e-06
4.849999999999999645e+00 1.156000000000000028e-06
4.900000000000000355e+00 -5.600000000000000514e-08
4.950000000000000178e+00 -1.163999999999999994e-06
5.000000000000000000e+00 -2.331999999999999865e-06
