-5.999999999999999778e-01 -1.346000000000000115e-06
-5.500000000000000444e-01 -1.734000000000000042e-06
-5.000000000000000000e-01 -1.783999999999999775e-06
-4.500000000000000111e-01 -1.726000000000000076e-06
-4.000000000000000222e-01 -1.596000000000000051e-06
-3.499999999999999778e-01 -1.258000000000000068e-06
-2.999999999999999889e-01 -1.151999999999999939e-06
-2.500000000000000000e-01 -1.112000000000000111e-06
-2.000000000000000111e-01 -1.101999999999999995e-06
-1.499999999999999944e-01 -1.220000000000000178e-06
-1.000000000000000056e-01 -1.258000000000000068e-06
-5.000000000000000278e-02 -1.315999999999999979e-06
0.000000000000000000e+00 -1.285999999999999842e-06
5.000000000000000278e-02 -1.138000000000000158e-06
1.000000000000000056e-01 -9.900000000000000505e-07
1.499999999999999944e-01 -9.140000000000000582e-07
2.000000000000000111e-01 -7.839999999999999264e-07
2.500000000000000000e-01 -9.140000000000000582e-07
2.999999999999999889e-01 -1.010000000000000071e-06
3.499999999999999778e-01 -1.187999999999999891e-06
4.000000000000000222e-01 -1.323999999999999944e-06
4.500000000000000111e-01 -1.280000000000000027e-06
5.000000000000000000e-01 -1.136000000000000008e-06
5.500000000000000444e-01 -7.839999999999999264e-07
5.999999999999999778e-01 -2.900000000000000292e-07
