-5.000000000000000000e+00 2.472000000000000218e-06
-4.950000000000000178e+00 2.149999999999999744e-06
-4.900000000000000355e+00 1.897999999999999870e-06
-4.849999999999999645e+00 1.549999999999999983e-06
-4.799999999999999822e+00 1.049999999999999900e-06
-4.750000000000000000e+00 5.699999999999999424e-07
-4.700000000000000178e+00 6.000000000000000787e-08
-4.650000000000000355e+00 -3.800000000000000146e-07
-4.599999999999999645e+00 -8.559999999999999359e-07
-4.549999999999999822e+00 -1.348000000000000053e-06
-4.500000000000000000e+00 -1.735999999999999981e-06
-4.450000000000000178e+00 -1.937999999999999910e-06
-4.400000000000000355e+00 -2.253999999999999934e-06
-4.349999999999999645e+00 -2.506000000000000232e-06
-4.299999999999999822e+00 -2.585999999999999889e-06
-4.250000000000000000e+00 -2.498000000000000054e-06
-4.200000000000000178e+00 -2.592000000000000340e-06
-4.150000000000000355e+00 -2.443999999999999809e-06
-4.099999999999999645e+00 -2.317999999999999660e-06
-4.049999999999999822e+00 -2.104000000000000100e-06
-4.000000000000000000e+00 -1.716000000000000172e-06
-3.950000000000000178e+00 -1.322000000000000006e-06
-3.899999999999999911e+00 -8.759999999999999561e-07
-3.850000000000000089e+00 -2.440000000000000144e-07
-3.799999999999999822e+00 3.780000000000000231e-07
-3.750000000000000000e+00 9.379999999999998496e-07
-3.700000000000000178e+00 1.544000000000000167e-06
-3.649999999999999911e+00 2.084000000000000291e-06
-3.600000000000000089e+00 2.501999999999999931e-06
-3.549999999999999822e+00 2.817999999999999955e-06
-3.500000000000000000e+00 3.114000000000000170e-06
-3.450000000000000178e+00 3.253999999999999677e-06
-3.399999999999999911e+00 3.332000000000000031e-06
-3.350000000000000089e+00 3.266000000000000155e-06
-3.299999999999999822e+00 3.187999999999999801e-06
-3.250000000000000000e+00 3.142000000000000156e-06
-3.200000000000000178e+00 2.993999999999999625e-06
-3.149999999999999911e+00 2.687999999999999929e-06
-3.100000000000000089e+00 2.521999999999999740e-06
-3.049999999999999822e+00 2.195999999999999812e-06
-3.000000000000000000e+00 1.894000000000000204e-06
-2.950000000000000178e+00 1.428000000000000134e-06
-2.899999999999999911e+00 1.005999999999999770e-06
-2.850000000000000089e+00 6.560000000000000508e-07
-2.799999999999999822e+00 1.159999999999999932e-07
-2.750000000000000000e+00 -5.260000000000000249e-07
-2.700000000000000178e+00 -1.066000000000000043e-06
-2.649999999999999911e+00 -1.537999999999999928e-06
-2.600000000000000089e+00 -1.971999999999999923e-06
-2.549999999999999822e+00 -2.234000000000000125e-06
-2.500000000000000000e+00 -2.504000000000000082e-06
-2.450000000000000178e+00 -2.662000000000000093e-06
-2.399999999999999911e+00 -2.735999999999999724e-06
-2.350000000000000089e+00 -2.691999999999999806e-06
-2.299999999999999822e+00 -2.721999999999999519e-06
-2.250000000000000000e+00 -2.650000000000000039e-06
-2.200000000000000178e+00 -2.413999999999999673e-06
-2.149999999999999911e+00 -2.263999999999999838e-06
-2.100000000000000089e+00 -1.834000000000000144e-06
-2.049999999999999822e+00 -1.472000000000000052e-06
-2.000000000000000000e+00 -1.150000000000000001e-06
-1.949999999999999956e+00 -4.880000000000000287e-07
-1.899999999999999911e+00 1.599999999999999107e-08
-1.850000000000000089e+00 5.939999999999999456e-07
-1.800000000000000044e+00 1.190000000000000041e-06
-1.750000000000000000e+00 1.717999999999999899e-06
-1.699999999999999956e+00 2.263999999999999838e-06
-1.649999999999999911e+00 2.792000000000000119e-06
-1.600000000000000089e+00 3.098000000000000662e-06
-1.550000000000000044e+00 3.322000000000000551e-06
-1.500000000000000000e+00 3.518000000000000029e-06
-1.449999999999999956e+00 3.672000000000000164e-06
-1.399999999999999911e+00 3.589999999999999933e-06
-1.350000000000000089e+00 3.533999999999999537e-06
-1.300000000000000044e+00 3.371999999999999648e-06
-1.250000000000000000e+00 3.146000000000000033e-06
-1.199999999999999956e+00 2.999999999999999652e-06
-1.149999999999999911e+00 2.735999999999999724e-06
-1.100000000000000089e+00 2.347999999999999796e-06
-1.050000000000000044e+00 1.943999999999999937e-06
-1.000000000000000000e+00 1.488000000000000195e-06
-9.499999999999999556e-01 9.859999999999999617e-07
-9.000000000000000222e-01 3.299999999999999639e-07
-8.499999999999999778e-01 -2.159999999999999754e-07
-8.000000000000000444e-01 -7.380000000000000704e-07
-7.500000000000000000e-01 -1.333999999999999849e-06
-6.999999999999999556e-01 -1.922000000000000402e-06
-6.500000000000000222e-01 -2.363999999999999728e-06
-5.999999999999999778e-01 -2.799999999999999873e-06
-5.500000000000000444e-01 -2.955999999999999735e-06
-5.000000000000000000e-01 -3.092000000000000212e-06
-4.500000000000000111e-01 -2.996000000000000199e-06
-4.000000000000000222e-01 -2.942000000000000377e-06
-3.499999999999999778e-01 -2.761999999999999983e-06
-2.999999999999999889e-01 -2.528000000000000191e-06
-2.500000000000000000e-01 -2.297999999999999852e-06
-2.000000000000000111e-01 -1.902000000000000382e-06
-1.499999999999999944e-01 -1.567999999999999853e-06
-1.000000000000000056e-01 -1.122000000000000015e-06
-5.000000000000000278e-02 -7.080000000000000400e-07
0.000000000000000000e+00 -1.839999999999999800e-07
5.000000000000000278e-02 2.399999999999999786e-07
1.000000000000000056e-01 9.020000000000000037e-07
1.499999999999999944e-01 1.347999999999999842e-06
2.000000000000000111e-01 1.942000000000000211e-06
2.500000000000000000e-01 2.477999999999999822e-06
2.999999999999999889e-01 2.913999999999999968e-06
3.499999999999999778e-01 3.215999999999999787e-06
4.000000000000000222e-01 3.407999999999999812e-06
4.500000000000000111e-01 3.638000000000000151e-06
5.000000000000000000e-01 3.611999999999999892e-06
5.500000000000000444e-01 3.584000000000000329e-06
5.999999999999999778e-01 3.471999999999999961e-06
6.500000000000000222e-01 3.267999999999999882e-06
6.999999999999999556e-01 2.994000000000000049e-06
7.500000000000000000e-01 2.759999999999999833e-06
8.000000000000000444e-01 2.377999999999999933e-06
8.499999999999999778e-01 1.886000000000000239e-06
9.000000000000000222e-01 1.464000000000000086e-06
9.499999999999999556e-01 1.000000000000000167e-06
1.000000000000000000e+00 4.179999999999999578e-07
1.050000000000000044e+00 -8.199999999999999311e-08
1.100000000000000089e+00 -6.780000000000000096e-07
1.149999999999999911e+00 -1.157999999999999967e-06
1.199999999999999956e+00 -1.729999999999999953e-06
1.250000000000000000e+00 -2.095999999999999922e-06
1.300000000000000044e+00 -2.487999999999999726e-06
1.350000000000000089e+00 -2.765999999999999436e-06
1.399999999999999911e+00 -2.863999999999999599e-06
1.449999999999999956e+00 -3.084000000000000458e-06
1.500000000000000000e+00 -3.019999999999999885e-06
1.550000000000000044e+00 -2.802000000000000024e-06
1.600000000000000089e+00 -2.675999999999999875e-06
1.649999999999999911e+00 -2.290000000000000098e-06
1.699999999999999956e+00 -2.011999999999999964e-06
1.750000000000000000e+00 -1.646000000000000207e-06
1.800000000000000044e+00 -1.235999999999999897e-06
1.850000000000000089e+00 -6.959999999999999854e-07
1.899999999999999911e+00 -3.480000000000000457e-07
1.949999999999999956e+00 1.420000000000000010e-07
2.000000000000000000e+00 7.139999999999999613e-07
2.049999999999999822e+00 1.221999999999999904e-06
2.100000000000000089e+00 1.684000000000000097e-06
2.149999999999999911e+00 2.123999999999999908e-06
2.200000000000000178e+00 2.647999999999999889e-06
2.250000000000000000e+00 2.932000000000000473e-06
2.299999999999999822e+00 3.342000000000000359e-06
2.350000000000000089e+00 3.606000000000000288e-06
2.399999999999999911e+00 3.615999999999999769e-06
2.450000000000000178e+00 3.716000000000000505e-06
2.500000000000000000e+00 3.604000000000000138e-06
2.549999999999999822e+00 3.453999999999999880e-06
2.600000000000000089e+00 3.130000000000000102e-06
2.649999999999999911e+00 2.817999999999999955e-06
2.700000000000000178e+00 2.443999999999999809e-06
2.750000000000000000e+00 2.042000000000000524e-06
2.799999999999999822e+00 1.596000000000000051e-06
2.850000000000000089e+00 1.108000000000000022e-06
2.899999999999999911e+00 6.460000000000000406e-07
2.950000000000000178e+00 5.599999999999999191e-08
3.000000000000000000e+00 -3.780000000000000231e-07
3.049999999999999822e+00 -8.679999999999999904e-07
3.100000000000000089e+00 -1.365999999999999712e-06
3.149999999999999911e+00 -1.855999999999999891e-06
3.200000000000000178e+00 -2.229999999999999825e-06
3.250000000000000000e+00 -2.529999999999999917e-06
3.299999999999999822e+00 -2.802000000000000447e-06
3.350000000000000089e+00 -2.881999999999999681e-06
3.399999999999999911e+00 -2.830000000000000433e-06
3.450000000000000178e+00 -2.872000000000000200e-06
3.500000000000000000e+00 -2.619999999999999903e-06
3.549999999999999822e+00 -2.435999999999999631e-06
3.600000000000000089e+00 -2.041999999999999677e-06
3.649999999999999911e+00 -1.632000000000000002e-06
3.700000000000000178e+00 -1.165999999999999932e-06
3.750000000000000000e+00 -7.459999999999999302e-07
3.799999999999999822e+00 -3.880000000000000333e-07
3.850000000000000089e+00 1.760000000000000143e-07
3.899999999999999911e+00 7.579999999999999848e-07
3.950000000000000178e+00 1.124000000000000165e-06
4.000000000000000000e+00 1.715999999999999749e-06
4.049999999999999822e+00 2.120000000000000031e-06
4.099999999999999645e+00 2.493999999999999754e-06
4.150000000000000355e+00 2.877999999999999804e-06
4.200000000000000178e+00 3.169999999999999719e-06
4.250000000000000000e+00 3.425999999999999894e-06
4.299999999999999822e+00 3.567999999999999551e-06
4.349999999999999645e+00 3.566000000000000247e-06
4.400000000000000355e+00 3.459999999999999907e-06
4.450000000000000178e+00 3.270000000000000032e-06
4.500000000000000000e+00 3.011999999999999707e-06
4.549999999999999822e+00 2.730000000000000120e-06
4.599999999999999645e+00 2.321999999999999961e-06
4.650000000000000355e+00 1.966000000000000320e-06
4.700000000000000178e+00 1.487999999999999983e-06
4.750000000000000000e+00 1.007999999999999921e-06
4.799999999999999822e+00 5.479999999999999837e-07
4.849999999999999645e+00 6.600000000000000866e-08
4.900000000000000355e+00 -3.999999999999999819e-07
4.950000000000000178e+00 -9.139999999999998464e-07
5.000000000000000000e+00 -1.343999999999999965e-06
