-5.000000000000000000e+00 4.658000000000000126e-06
-4.950000000000000178e+00 5.987999999999999250e-06
-4.900000000000000355e+00 6.770000000000000403e-06
-4.849999999999999645e+00 7.355999999999999536e-06
-4.799999999999999822e+00 7.537999999999999657e-06
-4.750000000000000000e+00 7.472000000000000627e-06
-4.700000000000000178e+00 7.017999999999999553e-06
-4.650000000000000355e+00 5.937999999999999729e-06
-4.599999999999999645e+00 4.650000000000000372e-06
-4.549999999999999822e+00 3.131999999999999829e-06
-4.500000000000000000e+00 1.377999999999999766e-06
-4.450000000000000178e+00 -2.479999999999999972e-07
-4.400000000000000355e+00 -1.845999999999999986e-06
-4.349999999999999645e+00 -3.224000000000000388e-06
-4.299999999999999822e+00 -4.333999999999999501e-06
-4.250000000000000000e+00 -5.196000000000000735e-06
-4.200000000000000178e+00 -5.660000000000000019e-06
-4.150000000000000355e+00 -5.766000000000000360e-06
-4.099999999999999645e+00 -5.661999999999999322e-06
-4.049999999999999822e+00 -5.326000000000000337e-06
-4.000000000000000000e+00 -4.666000000000000727e-06
-3.950000000000000178e+00 -3.763999999999999876e-06
-3.899999999999999911e+00 -2.650000000000000039e-06
-3.850000000000000089e+00 -1.481999999999999956e-06
-3.799999999999999822e+00 -2.059999999999999653e-07
-3.750000000000000000e+00 1.006000000000000194e-06
-3.700000000000000178e+00 2.185999999999999907e-06
-3.649999999999999911e+00 3.059999999999999925e-06
-3.600000000000000089e+00 3.604000000000000138e-06
-3.549999999999999822e+00 3.898000000000000626e-06
-3.500000000000000000e+00 3.926000000000000189e-06
-3.450000000000000178e+00 3.654000000000000082e-06
-3.399999999999999911e+00 3.127999999999999952e-06
-3.350000000000000089e+00 2.374000000000000056e-06
-3.299999999999999822e+00 1.673999999999999981e-06
-3.250000000000000000e+00 6.640000000000000165e-07
-3.200000000000000178e+00 -1.640000000000000127e-07
-3.149999999999999911e+00 -1.056000000000000139e-06
-3.100000000000000089e+00 -1.726000000000000076e-06
-3.049999999999999822e+00 -2.139999999999999840e-06
-3.000000000000000000e+00 -2.341999999999999769e-06
-2.950000000000000178e+00 -2.197999999999999962e-06
-2.899999999999999911e+00 -1.906000000000000047e-06
-2.850000000000000089e+00 -1.280000000000000027e-06
-2.799999999999999822e+00 -5.179999999999999533e-07
-2.750000000000000000e+00 4.820000000000000015e-07
-2.700000000000000178e+00 1.680000000000000220e-06
-2.649999999999999911e+00 2.758000000000000106e-06
-2.600000000000000089e+00 3.877999999999999971e-06
-2.549999999999999822e+00 4.769999999999999223e-06
-2.500000000000000000e+00 5.347999999999999449e-06
-2.450000000000000178e+00 5.676000000000000374e-06
-2.399999999999999911e+00 5.565999999999999733e-06
-2.350000000000000089e+00 5.178000000000000229e-06
-2.299999999999999822e+00 4.423999999999999486e-06
-2.250000000000000000e+00 3.415999999999999989e-06
-2.200000000000000178e+00 2.218000000000000194e-06
-2.149999999999999911e+00 9.279999999999999453e-07
-2.100000000000000089e+00 -4.560000000000000598e-07
-2.049999999999999822e+00 -1.934000000000000033e-06
-2.000000000000000000e+00 -3.355999999999999717e-06
-1.949999999999999956e+00 -4.643999999999999921e-06
-1.899999999999999911e+00 -5.763999999999999362e-06
-1.850000000000000089e+00 -6.628000000000000746e-06
-1.800000000000000044e+00 -7.032000000000000605e-06
-1.750000000000000000e+00 -7.058000000000000864e-06
-1.699999999999999956e+00 -6.569999999999999777e-06
-1.649999999999999911e+00 -5.712000000000000538e-06
-1.600000000000000089e+00 -4.404000000000000525e-06
-1.550000000000000044e+00 -2.949999999999999708e-06
-1.500000000000000000e+00 -1.425999999999999984e-06
-1.449999999999999956e+00 2.840000000000000020e-07
-1.399999999999999911e+00 1.694000000000000002e-06
-1.350000000000000089e+00 3.151999999999999637e-06
-1.300000000000000044e+00 4.169999999999999885e-06
-1.250000000000000000e+00 5.156000000000000271e-06
-1.199999999999999956e+00 5.855999999999999498e-06
-1.149999999999999911e+00 6.254000000000000600e-06
-1.100000000000000089e+00 6.363999999999999547e-06
-1.050000000000000044e+00 6.335999999999999984e-06
-1.000000000000000000e+00 5.911999999999999470e-06
-9.499999999999999556e-01 5.489999999999999106e-06
-9.000000000000000222e-01 4.669999999999999333e-06
-8.499999999999999778e-01 3.695999999999999850e-06
-8.000000000000000444e-01 2.426000000000000151e-06
-7.500000000000000000e-01 1.297999999999999685e-06
-6.999999999999999556e-01 2.960000000000000035e-07
-6.500000000000000222e-01 -6.899999999999999582e-07
-5.999999999999999778e-01 -1.228000000000000143e-06
-5.500000000000000444e-01 -1.711999999999999872e-06
-5.000000000000000000e-01 -1.895999999999999719e-06
-4.500000000000000111e-01 -1.792000000000000165e-06
-4.000000000000000222e-01 -1.590000000000000023e-06
-3.499999999999999778e-01 -1.365999999999999923e-06
-2.999999999999999889e-01 -1.272000000000000061e-06
-2.500000000000000000e-01 -1.153999999999999878e-06
-2.000000000000000111e-01 -1.243999999999999863e-06
-1.499999999999999944e-01 -1.364000000000000197e-06
-1.000000000000000056e-01 -1.402000000000000087e-06
-5.000000000000000278e-02 -1.377999999999999978e-06
0.000000000000000000e+00 -1.379999999999999916e-06
5.000000000000000278e-02 -1.158000000000000178e-06
1.000000000000000056e-01 -1.027999999999999941e-06
1.499999999999999944e-01 -8.819999999999999834e-07
2.000000000000000111e-01 -8.099999999999998681e-07
2.500000000000000000e-01 -8.199999999999999841e-07
2.999999999999999889e-01 -9.059999999999999865e-07
3.499999999999999778e-01 -1.162000000000000055e-06
4.000000000000000222e-01 -1.258000000000000068e-06
4.500000000000000111e-01 -1.207999999999999911e-06
5.000000000000000000e-01 -1.056000000000000139e-06
5.500000000000000444e-01 -6.920000000000000026e-07
5.999999999999999778e-01 -1.800000000000000236e-07
6.500000000000000222e-01 4.839999999999999400e-07
6.999999999999999556e-01 1.239999999999999986e-06
7.500000000000000000e-01 1.919999999999999828e-06
8.000000000000000444e-01 2.513999999999999986e-06
8.499999999999999778e-01 3.133999999999999979e-06
9.000000000000000222e-01 3.576000000000000152e-06
9.499999999999999556e-01 3.816000000000000395e-06
1.000000000000000000e+00 3.890000000000000025e-06
1.050000000000000044e+00 3.833999999999999206e-06
1.100000000000000089e+00 3.626000000000000096e-06
1.149999999999999911e+00 3.305999999999999772e-06
1.199999999999999956e+00 2.849999999999999818e-06
1.250000000000000000e+00 2.492000000000000027e-06
1.300000000000000044e+00 1.915999999999999951e-06
1.350000000000000089e+00 1.301999999999999986e-06
1.399999999999999911e+00 4.420000000000000139e-07
1.449999999999999956e+00 -3.260000000000000340e-07
1.500000000000000000e+00 -1.249999999999999890e-06
1.550000000000000044e+00 -2.098000000000000072e-06
1.600000000000000089e+00 -2.844000000000000214e-06
1.649999999999999911e+00 -3.364000000000000318e-06
1.699999999999999956e+00 -3.575999999999999728e-06
1.750000000000000000e+00 -3.503999999999999824e-06
1.800000000000000044e+00 -3.133999999999999979e-06
1.850000000000000089e+00 -2.580000000000000286e-06
1.899999999999999911e+00 -1.703999999999999906e-06
1.949999999999999956e+00 -6.740000000000000267e-07
2.000000000000000000e+00 3.759999999999999788e-07
2.049999999999999822e+00 1.495999999999999949e-06
2.100000000000000089e+00 2.751999999999999655e-06
2.149999999999999911e+00 3.843999999999999957e-06
2.200000000000000178e+00 4.663999999999999730e-06
2.250000000000000000e+00 5.278000000000000966e-06
2.299999999999999822e+00 5.401999999999999271e-06
2.350000000000000089e+00 4.998000000000000259e-06
2.399999999999999911e+00 4.310000000000000239e-06
2.450000000000000178e+00 3.193999999999999404e-06
2.500000000000000000e+00 1.783999999999999775e-06
2.549999999999999822e+00 1.080000000000000009e-07
2.600000000000000089e+00 -1.666000000000000016e-06
2.649999999999999911e+00 -3.516000000000000303e-06
2.700000000000000178e+00 -5.018000000000000067e-06
2.750000000000000000e+00 -6.307999999999999575e-06
2.799999999999999822e+00 -7.211999999999999729e-06
2.850000000000000089e+00 -7.518000000000000695e-06
2.899999999999999911e+00 -7.387999999999999399e-06
2.950000000000000178e+00 -6.687999999999999325e-06
3.000000000000000000e+00 -5.349999999999999599e-06
3.049999999999999822e+00 -3.895999999999999629e-06
3.100000000000000089e+00 -1.955999999999999992e-06
3.149999999999999911e+00 2.440000000000000144e-07
3.200000000000000178e+00 2.506000000000000232e-06
3.250000000000000000e+00 4.838000000000000097e-06
3.299999999999999822e+00 7.236000000000000685e-06
3.350000000000000089e+00 9.246000000000000922e-06
3.399999999999999911e+00 1.084200000000000055e-05
3.450000000000000178e+00 1.189800000000000026e-05
3.500000000000000000e+00 1.249000000000000069e-05
3.549999999999999822e+00 1.211000000000000094e-05
3.600000000000000089e+00 1.088600000000000047e-05
3.649999999999999911e+00 9.224000000000000116e-06
3.700000000000000178e+00 6.900000000000000005e-06
3.750000000000000000e+00 4.021999999999999778e-06
3.799999999999999822e+00 1.074000000000000009e-06
3.850000000000000089e+00 -1.934000000000000033e-06
3.899999999999999911e+00 -4.857999999999999905e-06
3.950000000000000178e+00 -7.397999999999999303e-06
4.000000000000000000e+00 -9.641999999999998486e-06
4.049999999999999822e+00 -1.121800000000000000e-05
4.099999999999999645e+00 -1.220600000000000138e-05
4.150000000000000355e+00 -1.253199999999999962e-05
4.200000000000000178e+00 -1.236599999999999985e-05
4.250000000000000000e+00 -1.164000000000000036e-05
4.299999999999999822e+00 -1.036600000000000036e-05
4.349999999999999645e+00 -8.492000000000001026e-06
4.400000000000000355e+00 -6.261999999999999507e-06
4.450000000000000178e+00 -3.826000000000000299e-06
4.500000000000000000e+00 -8.299999999999999942e-07
4.549999999999999822e+00 1.596000000000000051e-06
4.599999999999999645e+00 4.334000000000000348e-06
4.650000000000000355e+00 6.739999999999999843e-06
4.700000000000000178e+00 8.766000000000000436e-06
4.750000000000000000e+00 1.019000000000000069e-05
4.799999999999999822e+00 1.105000000000000093e-05
4.849999999999999645e+00 1.127000000000000052e-05
4.900000000000000355e+00 1.103600000000000072e-05
4.950000000000000178e+00 1.029199999999999904e-05
5.000000000000000000e+00 8.987999999999999326e-06
