-5.00000000	0.00000237	-0.00000036
-4.95000000	0.00000218	-0.00000003
-4.90000000	0.00000197	0.00000015
-4.85000000	0.00000154	-0.00000009
-4.80000000	0.00000106	0.00000001
-4.75000000	0.00000054	-0.00000007
-4.70000000	0.00000016	-0.00000014
-4.65000000	-0.00000046	0.00000005
-4.60000000	-0.00000087	0.00000018
-4.55000000	-0.00000138	0.00000015
-4.50000000	-0.00000165	0.00000005
-4.45000000	-0.00000193	0.00000041
-4.40000000	-0.00000233	0.00000007
-4.35000000	-0.00000260	0.00000019
-4.30000000	-0.00000269	0.00000024
-4.25000000	-0.00000249	0.00000027
-4.20000000	-0.00000257	0.00000032
-4.15000000	-0.00000240	0.00000044
-4.10000000	-0.00000239	0.00000030
-4.05000000	-0.00000212	0.00000041
-4.00000000	-0.00000178	0.00000012
-3.95000000	-0.00000125	0.00000022
-3.90000000	-0.00000073	0.00000019
-3.85000000	-0.00000049	0.00000008
-3.80000000	0.00000041	0.00000016
-3.75000000	0.00000094	-0.00000004
-3.70000000	0.00000155	-0.00000010
-3.65000000	0.00000203	-0.00000019
-3.60000000	0.00000243	-0.00000029
-3.55000000	0.00000295	-0.00000003
-3.50000000	0.00000306	-0.00000008
-3.45000000	0.00000317	-0.00000033
-3.40000000	0.00000341	-0.00000022
-3.35000000	0.00000318	-0.00000022
-3.30000000	0.00000293	-0.00000016
-3.25000000	0.00000317	-0.00000009
-3.20000000	0.00000304	-0.00000003
-3.15000000	0.00000241	-0.00000028
-3.10000000	0.00000245	-0.00000016
-3.05000000	0.00000210	0.00000003
-3.00000000	0.00000171	-0.00000008
-2.95000000	0.00000132	0.00000010
-2.90000000	0.00000100	0.00000010
-2.85000000	0.00000065	0.00000000
-2.80000000	0.00000010	0.00000016
-2.75000000	-0.00000056	0.00000004
-2.70000000	-0.00000096	0.00000014
-2.65000000	-0.00000154	0.00000034
-2.60000000	-0.00000192	0.00000020
-2.55000000	-0.00000235	0.00000063
-2.50000000	-0.00000253	0.00000031
-2.45000000	-0.00000265	0.00000030
-2.40000000	-0.00000258	0.00000032
-2.35000000	-0.00000274	0.00000021
-2.30000000	-0.00000262	0.00000033
-2.25000000	-0.00000273	0.00000019
-2.20000000	-0.00000232	0.00000028
-2.15000000	-0.00000230	0.00000028
-2.10000000	-0.00000188	0.00000011
-2.05000000	-0.00000142	0.00000014
-2.00000000	-0.00000113	0.00000021
-1.95000000	-0.00000036	0.00000007
-1.90000000	0.00000001	-0.00000001
-1.85000000	0.00000053	-0.00000000
-1.80000000	0.00000113	0.00000003
-1.75000000	0.00000159	-0.00000012
-1.70000000	0.00000233	-0.00000012
-1.65000000	0.00000292	-0.00000023
-1.60000000	0.00000313	-0.00000020
-1.55000000	0.00000338	-0.00000013
-1.50000000	0.00000345	-0.00000024
-1.45000000	0.00000382	-0.00000008
-1.40000000	0.00000369	-0.00000023
-1.35000000	0.00000360	-0.00000014
-1.30000000	0.00000330	-0.00000016
-1.25000000	0.00000313	-0.00000010
-1.20000000	0.00000312	-0.00000000
-1.15000000	0.00000285	0.00000004
-1.10000000	0.00000232	0.00000008
-1.05000000	0.00000195	0.00000010
-1.00000000	0.00000157	0.00000004
-0.95000000	0.00000089	-0.00000003
-0.90000000	0.00000039	0.00000015
-0.85000000	-0.00000029	0.00000007
-0.80000000	-0.00000067	0.00000007
-0.75000000	-0.00000133	0.00000022
-0.70000000	-0.00000194	0.00000023
-0.65000000	-0.00000242	0.00000024
-0.60000000	-0.00000274	0.00000036
-0.55000000	-0.00000308	0.00000034
-0.50000000	-0.00000320	0.00000050
-0.45000000	-0.00000297	0.00000019
-0.40000000	-0.00000293	0.00000042
-0.35000000	-0.00000270	0.00000021
-0.30000000	-0.00000262	0.00000032
-0.25000000	-0.00000228	0.00000021
-0.20000000	-0.00000197	0.00000043
-0.15000000	-0.00000151	0.00000024
-0.10000000	-0.00000106	0.00000015
-0.05000000	-0.00000073	0.00000009
0.00000000	-0.00000018	0.00000010
0.05000000	0.00000022	0.00000016
0.10000000	0.00000085	-0.00000001
0.15000000	0.00000141	0.00000004
0.20000000	0.00000197	-0.00000005
0.25000000	0.00000246	-0.00000018
0.30000000	0.00000285	-0.00000009
0.35000000	0.00000320	-0.00000010
0.40000000	0.00000344	-0.00000021
0.45000000	0.00000366	-0.00000021
0.50000000	0.00000363	-0.00000005
0.55000000	0.00000346	-0.00000017
0.60000000	0.00000348	-0.00000019
0.65000000	0.00000328	-0.00000026
0.70000000	0.00000311	-0.00000009
0.75000000	0.00000270	-0.00000029
0.80000000	0.00000230	-0.00000023
0.85000000	0.00000206	-0.00000001
0.90000000	0.00000146	0.00000015
0.95000000	0.00000096	0.00000003
1.00000000	0.00000054	0.00000002
1.05000000	-0.00000011	-0.00000000
1.10000000	-0.00000058	0.00000002
1.15000000	-0.00000117	0.00000003
1.20000000	-0.00000171	0.00000014
1.25000000	-0.00000209	0.00000027
1.30000000	-0.00000245	0.00000027
1.35000000	-0.00000283	0.00000032
1.40000000	-0.00000258	0.00000030
1.45000000	-0.00000300	0.00000027
1.50000000	-0.00000289	0.00000046
1.55000000	-0.00000279	0.00000031
1.60000000	-0.00000267	0.00000026
1.65000000	-0.00000233	0.00000032
1.70000000	-0.00000192	0.00000015
1.75000000	-0.00000166	0.00000024
1.80000000	-0.00000122	0.00000020
1.85000000	-0.00000073	0.00000010
1.90000000	-0.00000044	0.00000005
1.95000000	0.00000015	0.00000016
2.00000000	0.00000069	0.00000012
2.05000000	0.00000119	0.00000008
2.10000000	0.00000181	0.00000011
2.15000000	0.00000209	-0.00000002
2.20000000	0.00000261	-0.00000001
2.25000000	0.00000289	-0.00000018
2.30000000	0.00000325	-0.00000023
2.35000000	0.00000369	-0.00000011
2.40000000	0.00000370	-0.00000021
2.45000000	0.00000375	-0.00000016
2.50000000	0.00000352	-0.00000009
2.55000000	0.00000353	-0.00000002
2.60000000	0.00000294	-0.00000004
2.65000000	0.00000277	-0.00000021
2.70000000	0.00000240	-0.00000013
2.75000000	0.00000197	0.00000011
2.80000000	0.00000153	0.00000014
2.85000000	0.00000104	0.00000001
2.90000000	0.00000052	0.00000001
2.95000000	0.00000002	0.00000017
3.00000000	-0.00000049	0.00000003
3.05000000	-0.00000083	0.00000012
3.10000000	-0.00000148	0.00000008
3.15000000	-0.00000208	0.00000013
3.20000000	-0.00000226	0.00000023
3.25000000	-0.00000247	0.00000029
3.30000000	-0.00000284	0.00000040
3.35000000	-0.00000297	0.00000016
3.40000000	-0.00000274	0.00000055
3.45000000	-0.00000297	0.00000025
3.50000000	-0.00000263	0.00000003
3.55000000	-0.00000248	0.00000032
3.60000000	-0.00000212	0.00000027
3.65000000	-0.00000158	0.00000018
3.70000000	-0.00000117	0.00000011
3.75000000	-0.00000076	0.00000022
3.80000000	-0.00000026	-0.00000003
3.85000000	0.00000029	0.00000010
3.90000000	0.00000074	0.00000012
3.95000000	0.00000119	0.00000006
4.00000000	0.00000176	-0.00000022
4.05000000	0.00000209	-0.00000007
4.10000000	0.00000244	-0.00000004
4.15000000	0.00000283	0.00000007
4.20000000	0.00000316	-0.00000028
4.25000000	0.00000356	0.00000006
4.30000000	0.00000355	-0.00000021
4.35000000	0.00000342	-0.00000012
4.40000000	0.00000342	-0.00000020
4.45000000	0.00000344	0.00000001
4.50000000	0.00000291	-0.00000021
4.55000000	0.00000278	-0.00000001
4.60000000	0.00000242	-0.00000006
4.65000000	0.00000189	0.00000012
4.70000000	0.00000162	-0.00000011
4.75000000	0.00000107	0.00000001
4.80000000	0.00000047	0.00000017
4.85000000	0.00000002	0.00000002
4.90000000	-0.00000036	0.00000010
4.95000000	-0.00000084	0.00000009
5.00000000	-0.00000130	0.00000026
