-5.000000000000000000e+00 5.999999999999999464e-08
-4.950000000000000178e+00 1.323999999999999944e-06
-4.900000000000000355e+00 2.443999999999999809e-06
-4.849999999999999645e+00 3.491999999999999770e-06
-4.799999999999999822e+00 4.283999999999999980e-06
-4.750000000000000000e+00 4.839999999999999400e-06
-4.700000000000000178e+00 5.061999999999999985e-06
-4.650000000000000355e+00 5.101999999999999602e-06
-4.599999999999999645e+00 5.006000000000000013e-06
-4.549999999999999822e+00 4.592000000000000250e-06
-4.500000000000000000e+00 4.028000000000000229e-06
-4.450000000000000178e+00 3.505999999999999975e-06
-4.400000000000000355e+00 2.845999999999999941e-06
-4.349999999999999645e+00 2.109999999999999703e-06
-4.299999999999999822e+00 1.396000000000000060e-06
-4.250000000000000000e+00 4.539999999999999625e-07
-4.200000000000000178e+00 -6.260000000000000204e-07
-4.150000000000000355e+00 -1.686000000000000036e-06
-4.099999999999999645e+00 -2.798000000000000147e-06
-4.049999999999999822e+00 -3.918000000000000435e-06
-4.000000000000000000e+00 -5.188000000000000134e-06
-3.950000000000000178e+00 -6.318000000000000326e-06
-3.899999999999999911e+00 -7.388000000000000246e-06
-3.850000000000000089e+00 -8.156000000000001194e-06
-3.799999999999999822e+00 -8.739999999999997635e-06
-3.750000000000000000e+00 -8.956000000000000310e-06
-3.700000000000000178e+00 -8.801999999999999752e-06
-3.649999999999999911e+00 -8.221999999999998529e-06
-3.600000000000000089e+00 -7.200000000000000521e-06
-3.549999999999999822e+00 -5.550000000000000225e-06
-3.500000000000000000e+00 -3.693999999999999699e-06
-3.450000000000000178e+00 -1.389999999999999821e-06
-3.399999999999999911e+00 9.560000000000000372e-07
-3.350000000000000089e+00 3.586000000000000056e-06
-3.299999999999999822e+00 5.937999999999998882e-06
-3.250000000000000000e+00 8.341999999999999074e-06
-3.200000000000000178e+00 1.057199999999999975e-05
-3.149999999999999911e+00 1.246399999999999959e-05
-3.100000000000000089e+00 1.395400000000000057e-05
-3.049999999999999822e+00 1.496200000000000007e-05
-3.000000000000000000e+00 1.553400000000000069e-05
-2.950000000000000178e+00 1.525800000000000028e-05
-2.899999999999999911e+00 1.438399999999999984e-05
-2.850000000000000089e+00 1.288999999999999856e-05
-2.799999999999999822e+00 1.049599999999999912e-05
-2.750000000000000000e+00 7.446000000000000368e-06
-2.700000000000000178e+00 3.878000000000000818e-06
-2.649999999999999911e+00 -1.739999999999999964e-07
-2.600000000000000089e+00 -4.172000000000000036e-06
-2.549999999999999822e+00 -8.080000000000000566e-06
-2.500000000000000000e+00 -1.151199999999999922e-05
-2.450000000000000178e+00 -1.419400000000000166e-05
-2.399999999999999911e+00 -1.600399999999999788e-05
-2.350000000000000089e+00 -1.702999999999999788e-05
-2.299999999999999822e+00 -1.717800000000000053e-05
-2.250000000000000000e+00 -1.650999999999999609e-05
-2.200000000000000178e+00 -1.517199999999999975e-05
-2.149999999999999911e+00 -1.318000000000000086e-05
-2.100000000000000089e+00 -1.069999999999999920e-05
-2.049999999999999822e+00 -7.950000000000000117e-06
-2.000000000000000000e+00 -4.680000000000000085e-06
-1.949999999999999956e+00 -1.403999999999999814e-06
-1.899999999999999911e+00 2.033999999999999923e-06
-1.850000000000000089e+00 5.230000000000000748e-06
-1.800000000000000044e+00 8.226000000000000523e-06
-1.750000000000000000e+00 1.053800000000000143e-05
-1.699999999999999956e+00 1.232399999999999923e-05
-1.649999999999999911e+00 1.334600000000000063e-05
-1.600000000000000089e+00 1.367599999999999917e-05
-1.550000000000000044e+00 1.313399999999999995e-05
-1.500000000000000000e+00 1.195000000000000078e-05
-1.449999999999999956e+00 1.030000000000000133e-05
-1.399999999999999911e+00 8.213999999999999622e-06
-1.350000000000000089e+00 5.836000000000000536e-06
-1.300000000000000044e+00 3.434000000000000071e-06
-1.250000000000000000e+00 1.238000000000000259e-06
-1.199999999999999956e+00 -8.440000000000000931e-07
-1.149999999999999911e+00 -2.424000000000000000e-06
-1.100000000000000089e+00 -3.679999999999999918e-06
-1.050000000000000044e+00 -4.637999999999999470e-06
-1.000000000000000000e+00 -4.898000000000001216e-06
-9.499999999999999556e-01 -4.918000000000000178e-06
-9.000000000000000222e-01 -4.565999999999999990e-06
-8.499999999999999778e-01 -4.029999999999999532e-06
-8.000000000000000444e-01 -3.475999999999999838e-06
-7.500000000000000000e-01 -2.560000000000000054e-06
-6.999999999999999556e-01 -1.718000000000000111e-06
-6.500000000000000222e-01 -1.073999999999999797e-06
-5.999999999999999778e-01 -3.120000000000000409e-07
-5.500000000000000444e-01 3.939999999999999546e-07
-5.000000000000000000e-01 8.899999999999999491e-07
-4.500000000000000111e-01 1.188000000000000103e-06
-4.000000000000000222e-01 1.341999999999999814e-06
-3.499999999999999778e-01 1.270000000000000123e-06
-2.999999999999999889e-01 1.128000000000000042e-06
-2.500000000000000000e-01 7.379999999999999645e-07
-2.000000000000000111e-01 2.040000000000000003e-07
-1.499999999999999944e-01 -1.140000000000000150e-07
-1.000000000000000056e-01 -6.540000000000000064e-07
-5.000000000000000278e-02 -1.280000000000000027e-06
0.000000000000000000e+00 -1.810000000000000035e-06
5.000000000000000278e-02 -2.293999999999999551e-06
1.000000000000000056e-01 -2.535999999999999945e-06
1.499999999999999944e-01 -2.543999999999999699e-06
2.000000000000000111e-01 -2.268000000000000139e-06
2.500000000000000000e-01 -1.807999999999999884e-06
2.999999999999999889e-01 -1.214000000000000150e-06
3.499999999999999778e-01 -3.540000000000000200e-07
4.000000000000000222e-01 7.239999999999999715e-07
4.500000000000000111e-01 1.434000000000000162e-06
5.000000000000000000e-01 2.259999999999999538e-06
5.500000000000000444e-01 2.732000000000000270e-06
5.999999999999999778e-01 3.142000000000000156e-06
6.500000000000000222e-01 3.300000000000000168e-06
6.999999999999999556e-01 3.308000000000000346e-06
7.500000000000000000e-01 3.272000000000000606e-06
8.000000000000000444e-01 3.321999999999999704e-06
8.499999999999999778e-01 3.226000000000000114e-06
9.000000000000000222e-01 3.250000000000000224e-06
9.499999999999999556e-01 3.221999999999999814e-06
1.000000000000000000e+00 2.998000000000000349e-06
1.050000000000000044e+00 2.704000000000000284e-06
1.100000000000000089e+00 2.336000000000000165e-06
1.149999999999999911e+00 1.692000000000000063e-06
1.199999999999999956e+00 1.074000000000000009e-06
1.250000000000000000e+00 3.639999999999999772e-07
1.300000000000000044e+00 -2.599999999999999988e-07
1.350000000000000089e+00 -7.799999999999999435e-07
1.399999999999999911e+00 -1.255999999999999918e-06
1.449999999999999956e+00 -1.617999999999999798e-06
1.500000000000000000e+00 -1.673999999999999981e-06
1.550000000000000044e+00 -1.655999999999999688e-06
1.600000000000000089e+00 -1.766000000000000117e-06
1.649999999999999911e+00 -1.648000000000000146e-06
1.699999999999999956e+00 -1.831999999999999993e-06
1.750000000000000000e+00 -1.966000000000000320e-06
1.800000000000000044e+00 -2.255999999999999661e-06
1.850000000000000089e+00 -2.510000000000000109e-06
1.899999999999999911e+00 -2.775999999999999764e-06
1.949999999999999956e+00 -2.919999999999999995e-06
2.000000000000000000e+00 -3.024000000000000185e-06
2.049999999999999822e+00 -3.037999999999999543e-06
2.100000000000000089e+00 -2.979999999999999844e-06
2.149999999999999911e+00 -2.833999999999999887e-06
2.200000000000000178e+00 -2.571999999999999685e-06
2.250000000000000000e+00 -2.293999999999999975e-06
2.299999999999999822e+00 -1.898000000000000081e-06
2.350000000000000089e+00 -1.199999999999999946e-06
2.399999999999999911e+00 -3.220000000000000511e-07
2.450000000000000178e+00 5.900000000000000686e-07
2.500000000000000000e+00 1.712000000000000295e-06
2.549999999999999822e+00 2.816000000000000228e-06
2.600000000000000089e+00 3.987999999999999764e-06
2.649999999999999911e+00 4.969999999999999849e-06
2.700000000000000178e+00 5.868000000000000399e-06
2.750000000000000000e+00 6.695999999999999926e-06
2.799999999999999822e+00 7.160000000000000904e-06
2.850000000000000089e+00 7.580000000000000271e-06
2.899999999999999911e+00 7.649999999999999601e-06
2.950000000000000178e+00 7.603999999999999533e-06
3.000000000000000000e+00 7.054000000000001411e-06
3.049999999999999822e+00 6.273999999999999562e-06
3.100000000000000089e+00 5.229999999999999901e-06
3.149999999999999911e+00 3.958000000000000052e-06
3.200000000000000178e+00 2.415999999999999823e-06
3.250000000000000000e+00 7.799999999999999435e-07
3.299999999999999822e+00 -8.840000000000000278e-07
3.350000000000000089e+00 -2.560000000000000054e-06
3.399999999999999911e+00 -4.165999999999999585e-06
3.450000000000000178e+00 -5.559999999999999283e-06
3.500000000000000000e+00 -6.779999999999999460e-06
3.549999999999999822e+00 -7.646000000000000994e-06
3.600000000000000089e+00 -8.138000000000000688e-06
3.649999999999999911e+00 -8.331999999999999170e-06
3.700000000000000178e+00 -7.988000000000000431e-06
3.750000000000000000e+00 -7.399999999999999453e-06
3.799999999999999822e+00 -6.660000000000000609e-06
3.850000000000000089e+00 -5.750000000000000004e-06
3.899999999999999911e+00 -4.607999999999999758e-06
3.950000000000000178e+00 -3.574000000000000001e-06
4.000000000000000000e+00 -2.426000000000000151e-06
4.049999999999999822e+00 -1.171999999999999960e-06
4.099999999999999645e+00 -4.000000000000000084e-08
4.150000000000000355e+00 1.168000000000000083e-06
4.200000000000000178e+00 2.405999999999999919e-06
4.250000000000000000e+00 3.525999999999999783e-06
4.299999999999999822e+00 4.504000000000000415e-06
4.349999999999999645e+00 5.302000000000000228e-06
4.400000000000000355e+00 5.969999999999999592e-06
4.450000000000000178e+00 6.242000000000000546e-06
4.500000000000000000e+00 6.381999999999999205e-06
4.549999999999999822e+00 6.304000000000000968e-06
4.599999999999999645e+00 6.012000000000000207e-06
4.650000000000000355e+00 5.776000000000000264e-06
4.700000000000000178e+00 5.429999999999998833e-06
4.750000000000000000e+00 4.935999999999999836e-06
4.799999999999999822e+00 4.553999999999999936e-06
4.849999999999999645e+00 4.111999999999999763e-06
4.900000000000000355e+00 3.527999999999999934e-06
4.950000000000000178e+00 3.304000000000000045e-06
5.000000000000000000e+00 2.706000000000000011e-06
