-5.999999999999999778e-01 -1.269999999999999911e-06
-5.500000000000000444e-01 -3.339999999999999997e-07
-5.000000000000000000e-01 4.700000000000000528e-07
-4.500000000000000111e-01 1.002000000000000105e-06
-4.000000000000000222e-01 1.477999999999999656e-06
-3.499999999999999778e-01 1.750000000000000186e-06
-2.999999999999999889e-01 1.782000000000000260e-06
-2.500000000000000000e-01 1.707999999999999995e-06
-2.000000000000000111e-01 1.413999999999999930e-06
-1.499999999999999944e-01 1.039999999999999995e-06
-1.000000000000000056e-01 5.079999999999999431e-07
-5.000000000000000278e-02 -7.400000000000000089e-08
0.000000000000000000e+00 -7.719999999999998719e-07
5.000000000000000278e-02 -1.517999999999999908e-06
1.000000000000000056e-01 -2.139999999999999840e-06
1.499999999999999944e-01 -2.610000000000000422e-06
2.000000000000000111e-01 -2.934000000000000200e-06
2.500000000000000000e-01 -2.975999999999999967e-06
2.999999999999999889e-01 -2.563999999999999931e-06
3.499999999999999778e-01 -2.033999999999999923e-06
4.000000000000000222e-01 -1.277999999999999877e-06
4.500000000000000111e-01 -2.999999999999999864e-07
5.000000000000000000e-01 7.279999999999999544e-07
5.500000000000000444e-01 1.732000000000000104e-06
5.999999999999999778e-01 2.486000000000000423e-06
