-5.999999999999999778e-01 -3.656000000000000233e-06
-5.500000000000000444e-01 -3.890000000000000025e-06
-5.000000000000000000e-01 -3.744000000000000068e-06
-4.500000000000000111e-01 -3.326000000000000428e-06
-4.000000000000000222e-01 -2.610000000000000422e-06
-3.499999999999999778e-01 -1.675999999999999920e-06
-2.999999999999999889e-01 -7.239999999999999715e-07
-2.500000000000000000e-01 4.299999999999999594e-07
-2.000000000000000111e-01 1.498000000000000100e-06
-1.499999999999999944e-01 2.347999999999999796e-06
-1.000000000000000056e-01 3.177999999999999896e-06
-5.000000000000000278e-02 3.698000000000000000e-06
0.000000000000000000e+00 4.009999999999999723e-06
5.000000000000000278e-02 4.035999999999999983e-06
1.000000000000000056e-01 3.850000000000000408e-06
1.499999999999999944e-01 3.374000000000000646e-06
2.000000000000000111e-01 2.789999999999999969e-06
2.500000000000000000e-01 1.959999999999999869e-06
2.999999999999999889e-01 1.050000000000000111e-06
3.499999999999999778e-01 -2.000000000000002193e-09
4.000000000000000222e-01 -8.600000000000000246e-07
4.500000000000000111e-01 -1.778000000000000172e-06
5.000000000000000000e-01 -2.533999999999999794e-06
5.500000000000000444e-01 -3.030000000000000636e-06
5.999999999999999778e-01 -3.359999999999999594e-06
