-5.000000000000000000e+00 2.584999999999999814e-06
-4.950000000000000178e+00 3.429999999999999771e-06
-4.900000000000000355e+00 3.994999999999999867e-06
-4.849999999999999645e+00 4.407499999999999729e-06
-4.799999999999999822e+00 4.624999999999999764e-06
-4.750000000000000000e+00 4.652499999999999924e-06
-4.700000000000000178e+00 4.502499999999999667e-06
-4.650000000000000355e+00 4.132499999999999821e-06
-4.599999999999999645e+00 3.629999999999999973e-06
-4.549999999999999822e+00 3.099999999999999966e-06
-4.500000000000000000e+00 2.439999999999999932e-06
-4.450000000000000178e+00 1.779999999999999898e-06
-4.400000000000000355e+00 1.097499999999999868e-06
-4.349999999999999645e+00 3.400000000000000270e-07
-4.299999999999999822e+00 -3.999999999999999819e-07
-4.250000000000000000e+00 -1.207500000000000086e-06
-4.200000000000000178e+00 -1.914999999999999876e-06
-4.150000000000000355e+00 -2.707499999999999912e-06
-4.099999999999999645e+00 -3.250000000000000224e-06
-4.049999999999999822e+00 -3.740000000000000191e-06
-4.000000000000000000e+00 -3.999999999999999819e-06
-3.950000000000000178e+00 -4.102500000000000108e-06
-3.899999999999999911e+00 -3.994999999999999867e-06
-3.850000000000000089e+00 -3.707500000000000078e-06
-3.799999999999999822e+00 -3.354999999999999642e-06
-3.750000000000000000e+00 -2.747500000000000376e-06
-3.700000000000000178e+00 -2.092500000000000294e-06
-3.649999999999999911e+00 -1.360000000000000108e-06
-3.600000000000000089e+00 -5.175000000000000216e-07
-3.549999999999999822e+00 3.774999999999999856e-07
-3.500000000000000000e+00 1.385000000000000080e-06
-3.450000000000000178e+00 2.354999999999999899e-06
-3.399999999999999911e+00 3.317500000000000001e-06
-3.350000000000000089e+00 4.194999999999999646e-06
-3.299999999999999822e+00 4.894999999999999720e-06
-3.250000000000000000e+00 5.392500000000000463e-06
-3.200000000000000178e+00 5.582499999999999491e-06
-3.149999999999999911e+00 5.604999999999999699e-06
-3.100000000000000089e+00 5.275000000000001164e-06
-3.049999999999999822e+00 4.757499999999999766e-06
-3.000000000000000000e+00 4.084999999999999852e-06
-2.950000000000000178e+00 3.279999999999999936e-06
-2.899999999999999911e+00 2.432500000000000004e-06
-2.850000000000000089e+00 1.504999999999999990e-06
-2.799999999999999822e+00 5.025000000000000593e-07
-2.750000000000000000e+00 -4.424999999999999985e-07
-2.700000000000000178e+00 -1.457500000000000021e-06
-2.649999999999999911e+00 -2.459999999999999740e-06
-2.600000000000000089e+00 -3.414999999999999914e-06
-2.549999999999999822e+00 -4.277500000000000127e-06
-2.500000000000000000e+00 -4.829999999999999496e-06
-2.450000000000000178e+00 -5.254999999999999662e-06
-2.399999999999999911e+00 -5.354999999999999551e-06
-2.350000000000000089e+00 -5.222500000000000396e-06
-2.299999999999999822e+00 -4.775000000000000869e-06
-2.250000000000000000e+00 -4.092500000000000204e-06
-2.200000000000000178e+00 -3.237499999999999920e-06
-2.149999999999999911e+00 -2.290000000000000098e-06
-2.100000000000000089e+00 -1.329999999999999972e-06
-2.049999999999999822e+00 -3.025000000000000154e-07
-2.000000000000000000e+00 5.750000000000000004e-07
-1.949999999999999956e+00 1.482499999999999994e-06
-1.899999999999999911e+00 2.452499999999999812e-06
-1.850000000000000089e+00 3.252500000000000200e-06
-1.800000000000000044e+00 4.155000000000000029e-06
-1.750000000000000000e+00 4.892500000000000168e-06
-1.699999999999999956e+00 5.482499999999999601e-06
-1.649999999999999911e+00 5.959999999999999688e-06
-1.600000000000000089e+00 6.085000000000000185e-06
-1.550000000000000044e+00 5.934999999999999927e-06
-1.500000000000000000e+00 5.485000000000000001e-06
-1.449999999999999956e+00 4.792499999999999431e-06
-1.399999999999999911e+00 3.877499999999999721e-06
-1.350000000000000089e+00 2.800000000000000297e-06
-1.300000000000000044e+00 1.790000000000000014e-06
-1.250000000000000000e+00 7.149999999999999306e-07
-1.199999999999999956e+00 -4.250000000000000072e-07
-1.149999999999999911e+00 -1.397499999999999961e-06
-1.100000000000000089e+00 -2.245000000000000105e-06
-1.050000000000000044e+00 -3.149999999999999910e-06
-1.000000000000000000e+00 -3.907500000000000281e-06
-9.499999999999999556e-01 -4.665000000000000228e-06
-9.000000000000000222e-01 -5.192500000000000684e-06
-8.499999999999999778e-01 -5.442500000000000831e-06
-8.000000000000000444e-01 -5.502500000000000257e-06
-7.500000000000000000e-01 -5.262500000000000013e-06
-6.999999999999999556e-01 -4.722500000000000101e-06
-6.500000000000000222e-01 -3.965000000000000154e-06
-5.999999999999999778e-01 -2.934999999999999851e-06
-5.500000000000000444e-01 -1.790000000000000014e-06
-5.000000000000000000e-01 -5.824999999999999286e-07
-4.500000000000000111e-01 6.075000000000000069e-07
-4.000000000000000222e-01 1.622500000000000136e-06
-3.499999999999999778e-01 2.690000000000000079e-06
-2.999999999999999889e-01 3.519999999999999756e-06
-2.500000000000000000e-01 4.305000000000000287e-06
-2.000000000000000111e-01 4.887500000000000216e-06
-1.499999999999999944e-01 5.345000000000000494e-06
-1.000000000000000056e-01 5.652500000000000514e-06
-5.000000000000000278e-02 5.814999999999999382e-06
0.000000000000000000e+00 5.852500000000000294e-06
5.000000000000000278e-02 5.565000000000000082e-06
1.000000000000000056e-01 5.097499999999999899e-06
1.499999999999999944e-01 4.367500000000000112e-06
2.000000000000000111e-01 3.487500000000000067e-06
2.500000000000000000e-01 2.454999999999999788e-06
2.999999999999999889e-01 1.309999999999999951e-06
3.499999999999999778e-01 1.549999999999999983e-07
4.000000000000000222e-01 -8.699999999999999289e-07
4.500000000000000111e-01 -1.829999999999999843e-06
5.000000000000000000e-01 -2.695000000000000032e-06
5.500000000000000444e-01 -3.397500000000000082e-06
5.999999999999999778e-01 -3.989999999999999915e-06
6.500000000000000222e-01 -4.510000000000000018e-06
6.999999999999999556e-01 -4.770000000000000070e-06
7.500000000000000000e-01 -4.927499999999999833e-06
8.000000000000000444e-01 -4.969999999999999849e-06
8.499999999999999778e-01 -4.722500000000000101e-06
9.000000000000000222e-01 -4.354999999999999808e-06
9.499999999999999556e-01 -3.657499999999999710e-06
1.000000000000000000e+00 -2.797500000000000321e-06
1.050000000000000044e+00 -1.877500000000000024e-06
1.100000000000000089e+00 -7.275000000000000227e-07
1.149999999999999911e+00 3.699999999999999515e-07
1.199999999999999956e+00 1.437500000000000001e-06
1.250000000000000000e+00 2.424999999999999652e-06
1.300000000000000044e+00 3.342500000000000185e-06
1.350000000000000089e+00 4.045000000000000235e-06
1.399999999999999911e+00 4.595000000000000051e-06
1.449999999999999956e+00 5.012499999999999866e-06
1.500000000000000000e+00 5.252500000000000956e-06
1.550000000000000044e+00 5.442499999999999984e-06
1.600000000000000089e+00 5.344999999999999647e-06
1.649999999999999911e+00 5.135000000000000811e-06
1.699999999999999956e+00 4.714999999999999750e-06
1.750000000000000000e+00 4.155000000000000029e-06
1.800000000000000044e+00 3.377499999999999850e-06
1.850000000000000089e+00 2.377500000000000107e-06
1.899999999999999911e+00 1.392500000000000008e-06
1.949999999999999956e+00 3.374999999999999980e-07
2.000000000000000000e+00 -6.674999999999999619e-07
2.049999999999999822e+00 -1.655000000000000036e-06
2.100000000000000089e+00 -2.520000000000000013e-06
2.149999999999999911e+00 -3.325000000000000352e-06
2.200000000000000178e+00 -3.927500000000000090e-06
2.250000000000000000e+00 -4.364999999999999712e-06
2.299999999999999822e+00 -4.667499999999999781e-06
2.350000000000000089e+00 -4.887500000000000216e-06
2.399999999999999911e+00 -4.947499999999999641e-06
2.450000000000000178e+00 -4.824999999999999543e-06
2.500000000000000000e+00 -4.459999999999999650e-06
2.549999999999999822e+00 -3.929999999999999642e-06
2.600000000000000089e+00 -3.212499999999999736e-06
2.649999999999999911e+00 -2.240000000000000153e-06
2.700000000000000178e+00 -1.199999999999999946e-06
2.750000000000000000e+00 -9.250000000000000111e-08
2.799999999999999822e+00 1.069999999999999920e-06
2.850000000000000089e+00 2.185000000000000256e-06
2.899999999999999911e+00 3.284999999999999888e-06
2.950000000000000178e+00 4.277499999999999280e-06
3.000000000000000000e+00 5.040000000000000026e-06
3.049999999999999822e+00 5.640000000000000211e-06
3.100000000000000089e+00 6.060000000000000425e-06
3.149999999999999911e+00 6.247499999999999900e-06
3.200000000000000178e+00 6.307500000000000173e-06
3.250000000000000000e+00 6.087500000000000585e-06
3.299999999999999822e+00 5.709999999999999540e-06
3.350000000000000089e+00 5.022499999999999770e-06
3.399999999999999911e+00 4.067499999999999596e-06
3.450000000000000178e+00 3.034999999999999741e-06
3.500000000000000000e+00 1.799999999999999919e-06
3.549999999999999822e+00 4.374999999999999405e-07
3.600000000000000089e+00 -9.500000000000000100e-07
3.649999999999999911e+00 -2.237500000000000177e-06
3.700000000000000178e+00 -3.364999999999999969e-06
3.750000000000000000e+00 -4.259999999999999871e-06
3.799999999999999822e+00 -5.022499999999999770e-06
3.850000000000000089e+00 -5.472500000000000544e-06
3.899999999999999911e+00 -5.682500000000000227e-06
3.950000000000000178e+00 -5.687500000000000179e-06
4.000000000000000000e+00 -5.454999999999999441e-06
4.049999999999999822e+00 -5.052500000000000330e-06
4.099999999999999645e+00 -4.442500000000000241e-06
4.150000000000000355e+00 -3.629999999999999973e-06
4.200000000000000178e+00 -2.642500000000000111e-06
4.250000000000000000e+00 -1.562500000000000075e-06
4.299999999999999822e+00 -4.149999999999999971e-07
4.349999999999999645e+00 7.700000000000000393e-07
4.400000000000000355e+00 1.967500000000000221e-06
4.450000000000000178e+00 3.062499999999999901e-06
4.500000000000000000e+00 4.030000000000000379e-06
4.549999999999999822e+00 4.789999999999999879e-06
4.599999999999999645e+00 5.344999999999999647e-06
4.650000000000000355e+00 5.592499999999999395e-06
4.700000000000000178e+00 5.635000000000000259e-06
4.750000000000000000e+00 5.552500000000000625e-06
4.799999999999999822e+00 5.297499999999999678e-06
4.849999999999999645e+00 4.807500000000000134e-06
4.900000000000000355e+00 4.240000000000000062e-06
4.950000000000000178e+00 3.569999999999999701e-06
5.000000000000000000e+00 2.744999999999999976e-06
