-1.000000000000000000e+01 1.436441890966164151e-06
-9.949999999999999289e+00 1.960187933513997854e-06
-9.900000000000000355e+00 2.297187277466750849e-06
-9.849999999999999645e+00 2.525720749830125751e-06
-9.800000000000000711e+00 2.651453201856041044e-06
-9.750000000000000000e+00 2.710024098093021852e-06
-9.699999999999999289e+00 2.690000379333862984e-06
-9.650000000000000355e+00 2.575815701988836495e-06
-9.599999999999999645e+00 2.495714694578427186e-06
-9.550000000000000711e+00 2.365787179691325469e-06
-9.500000000000000000e+00 2.255716095177054769e-06
-9.449999999999999289e+00 2.172913965632513519e-06
-9.400000000000000355e+00 2.153202645515061409e-06
-9.349999999999999645e+00 2.056469135708690527e-06
-9.300000000000000711e+00 1.889714372111104388e-06
-9.250000000000000000e+00 1.582131086702427656e-06
-9.199999999999999289e+00 1.086211352380749321e-06
-9.150000000000000355e+00 5.098719326998712622e-07
-9.099999999999999645e+00 -2.389816831850491211e-07
-9.050000000000000711e+00 -9.654374074765811408e-07
-9.000000000000000000e+00 -1.629839731697692851e-06
-8.949999999999999289e+00 -2.192501134432955236e-06
-8.900000000000000355e+00 -2.563379863877106218e-06
-8.849999999999999645e+00 -2.693129959655091932e-06
-8.800000000000000711e+00 -2.659609070552149007e-06
-8.750000000000000000e+00 -2.471853803219315280e-06
-8.699999999999999289e+00 -2.186842379284966937e-06
-8.650000000000000355e+00 -1.917526042182733893e-06
-8.599999999999999645e+00 -1.697150673382674589e-06
-8.550000000000000711e+00 -1.561961744024455501e-06
-8.500000000000000000e+00 -1.546875718923766056e-06
-8.449999999999999289e+00 -1.548168766837855182e-06
-8.400000000000000355e+00 -1.585215494267358289e-06
-8.349999999999999645e+00 -1.605203909737555837e-06
-8.300000000000000711e+00 -1.425791581071041952e-06
-8.250000000000000000e+00 -1.115527696122479314e-06
-8.199999999999999289e+00 -6.416258048655678625e-07
-8.150000000000000355e+00 -4.716449719776899894e-08
-8.099999999999999645e+00 7.126051658870987278e-07
-8.050000000000000711e+00 1.468488741418696990e-06
-8.000000000000000000e+00 2.108898542183689520e-06
-7.950000000000000178e+00 2.665778976400783304e-06
-7.900000000000000355e+00 3.006061902766692273e-06
-7.849999999999999645e+00 3.154288625775053516e-06
-7.799999999999999822e+00 3.125714285714285978e-06
-7.750000000000000000e+00 2.974313503369564298e-06
-7.700000000000000178e+00 2.707161326736844332e-06
-7.650000000000000355e+00 2.391582602993000329e-06
-7.599999999999999645e+00 2.147150460969332045e-06
-7.549999999999999822e+00 1.912876346857618206e-06
-7.500000000000000000e+00 1.755719516439958911e-06
-7.450000000000000178e+00 1.690048906429174308e-06
-7.400000000000000355e+00 1.573295644077574362e-06
-7.349999999999999645e+00 1.426611512698276670e-06
-7.299999999999999822e+00 1.215145913804895410e-06
-7.250000000000000000e+00 8.668462660585161238e-07
-7.200000000000000178e+00 4.091404628820607817e-07
-7.150000000000000355e+00 -1.793468876854264574e-07
-7.099999999999999645e+00 -8.187122790812212073e-07
-7.049999999999999822e+00 -1.474651809473569805e-06
-7.000000000000000000e+00 -2.024382495922131071e-06
-6.950000000000000178e+00 -2.436719943209037067e-06
-6.900000000000000355e+00 -2.652860220015139606e-06
-6.849999999999999645e+00 -2.704813547461379734e-06
-6.799999999999999822e+00 -2.576634808966048788e-06
-6.750000000000000000e+00 -2.317248544357409297e-06
-6.700000000000000178e+00 -2.051206215565735995e-06
-6.650000000000000355e+00 -1.791167103270025730e-06
-6.599999999999999645e+00 -1.618921913887543408e-06
-6.549999999999999822e+00 -1.434530428753746707e-06
-6.500000000000000000e+00 -1.346163103803107736e-06
-6.450000000000000178e+00 -1.306399476361168182e-06
-6.400000000000000355e+00 -1.228343002020300928e-06
-6.349999999999999645e+00 -1.114044845761312777e-06
-6.299999999999999822e+00 -9.005485856421300156e-07
-6.250000000000000000e+00 -5.340526611655064384e-07
-6.200000000000000178e+00 -7.374805428080174890e-08
-6.150000000000000355e+00 5.180122920297138831e-07
-6.099999999999999645e+00 1.166667152575214618e-06
-6.049999999999999822e+00 1.768931996477893381e-06
-6.000000000000000000e+00 2.283159286280878582e-06
-5.950000000000000178e+00 2.728769252365076582e-06
-5.900000000000000355e+00 2.982898535563921649e-06
-5.849999999999999645e+00 3.011431621033967203e-06
-5.799999999999999822e+00 2.951463144590756098e-06
-5.750000000000000000e+00 2.742880952277613321e-06
-5.700000000000000178e+00 2.435714704650152640e-06
-5.650000000000000355e+00 2.104303171297970181e-06
-5.599999999999999645e+00 1.824858395400943520e-06
-5.549999999999999822e+00 1.557222147391479434e-06
-5.500000000000000000e+00 1.341477254555513069e-06
-5.450000000000000178e+00 1.217307165301296209e-06
-5.400000000000000355e+00 1.082583832828682641e-06
-5.349999999999999645e+00 9.365939158810002506e-07
-5.299999999999999822e+00 7.157499278265232489e-07
-5.250000000000000000e+00 4.124788182564094715e-07
-5.200000000000000178e+00 7.409315702794249284e-08
-5.150000000000000355e+00 -4.554119014694279756e-07
-5.099999999999999645e+00 -9.828509136015224257e-07
-5.049999999999999822e+00 -1.451069978199760342e-06
-5.000000000000000000e+00 -1.878343277834952827e-06
-4.950000000000000178e+00 -2.192994411711055954e-06
-4.900000000000000355e+00 -2.381923849431336728e-06
-4.849999999999999645e+00 -2.418981063951328608e-06
-4.799999999999999822e+00 -2.347127206277703726e-06
-4.750000000000000000e+00 -2.162119613825699906e-06
-4.700000000000000178e+00 -1.950088433368903224e-06
-4.650000000000000355e+00 -1.762189037555741896e-06
-4.599999999999999645e+00 -1.604282534025597332e-06
-4.549999999999999822e+00 -1.482398084737245219e-06
-4.500000000000000000e+00 -1.363937876375696535e-06
-4.450000000000000178e+00 -1.253384804993165480e-06
-4.400000000000000355e+00 -1.089925105084692122e-06
-4.349999999999999645e+00 -8.220891753604944131e-07
-4.299999999999999822e+00 -4.804865731097752509e-07
-4.250000000000000000e+00 -7.229474816502853977e-08
-4.200000000000000178e+00 4.773823180125342826e-07
-4.150000000000000355e+00 1.067483212122450926e-06
-4.099999999999999645e+00 1.676061953947224536e-06
-4.049999999999999822e+00 2.204470874548968657e-06
-4.000000000000000000e+00 2.670343935655831672e-06
-3.950000000000000178e+00 2.999260453062741669e-06
-3.899999999999999911e+00 3.138665386460185508e-06
-3.850000000000000089e+00 3.150008098467076688e-06
-3.799999999999999822e+00 3.069999999999999829e-06
-3.750000000000000000e+00 2.868662491440203601e-06
-3.700000000000000178e+00 2.630038798503294846e-06
-3.649999999999999911e+00 2.422928317687723666e-06
-3.600000000000000089e+00 2.190205469813277888e-06
-3.549999999999999822e+00 1.955789417319246739e-06
-3.500000000000000000e+00 1.697142857142856927e-06
-3.450000000000000178e+00 1.397937985836602616e-06
-3.399999999999999911e+00 1.036108299437498501e-06
-3.350000000000000089e+00 6.036758151490900567e-07
-3.299999999999999822e+00 1.119857862700914758e-07
-3.250000000000000000e+00 -4.649533661057431947e-07
-3.200000000000000178e+00 -1.052549867934909683e-06
-3.149999999999999911e+00 -1.660297489940293930e-06
-3.100000000000000089e+00 -2.270683615485136942e-06
-3.049999999999999822e+00 -2.785476180300310706e-06
-3.000000000000000000e+00 -3.200734609557050991e-06
-2.950000000000000178e+00 -3.470795062712135285e-06
-2.899999999999999911e+00 -3.574026769197283729e-06
-2.850000000000000089e+00 -3.505515770371961781e-06
-2.799999999999999822e+00 -3.262260703555003039e-06
-2.750000000000000000e+00 -2.886394544996881671e-06
-2.700000000000000178e+00 -2.381517694793016815e-06
-2.649999999999999911e+00 -1.861204898303619856e-06
-2.600000000000000089e+00 -1.410691681554890117e-06
-2.549999999999999822e+00 -9.728403606691792195e-07
-2.500000000000000000e+00 -5.458900240591937933e-07
-2.450000000000000178e+00 -1.424350908380403957e-07
-2.399999999999999911e+00 3.221388976633450321e-07
-2.350000000000000089e+00 8.326623148745504761e-07
-2.299999999999999822e+00 1.349349805632025151e-06
-2.250000000000000000e+00 1.917794758229847390e-06
-2.200000000000000178e+00 2.497764306457325737e-06
-2.149999999999999911e+00 3.048935913410059536e-06
-2.100000000000000089e+00 3.482875893539119366e-06
-2.049999999999999822e+00 3.710017602686663095e-06
-2.000000000000000000e+00 3.811428839151843521e-06
-1.949999999999999956e+00 3.751507180114277657e-06
-1.899999999999999911e+00 3.515842280133668497e-06
-1.850000000000000089e+00 3.123212958424940557e-06
-1.800000000000000044e+00 2.672272212090340951e-06
-1.750000000000000000e+00 2.129457629519396408e-06
-1.699999999999999956e+00 1.638930089032077645e-06
-1.649999999999999911e+00 1.219910501902931021e-06
-1.600000000000000089e+00 8.406994172735470207e-07
-1.550000000000000044e+00 5.643309204315338261e-07
-1.500000000000000000e+00 3.081014940117053394e-07
-1.449999999999999956e+00 8.824825835131715207e-08
-1.399999999999999911e+00 -2.658256295132627560e-07
-1.350000000000000089e+00 -5.786860556643889125e-07
-1.300000000000000044e+00 -1.041758717021267075e-06
-1.250000000000000000e+00 -1.511339451868940925e-06
-1.199999999999999956e+00 -2.037702788205685372e-06
-1.149999999999999911e+00 -2.495908897473983209e-06
-1.100000000000000089e+00 -2.927728101572052296e-06
-1.050000000000000044e+00 -3.301558382809857398e-06
-1.000000000000000000e+00 -3.469218873440638318e-06
-9.499999999999999556e-01 -3.533820560682451893e-06
-9.000000000000000222e-01 -3.387866103418769450e-06
-8.499999999999999778e-01 -3.105701471914688552e-06
-8.000000000000000444e-01 -2.700891009444468410e-06
-7.500000000000000000e-01 -2.203065118957527567e-06
-6.999999999999999556e-01 -1.688454189790296944e-06
-6.500000000000000222e-01 -1.170307826241995676e-06
-5.999999999999999778e-01 -7.214512019081357937e-07
-5.500000000000000444e-01 -3.135087799441042704e-07
-5.000000000000000000e-01 8.687311883149012195e-08
-4.500000000000000111e-01 3.880879344916034696e-07
-4.000000000000000222e-01 7.464377989860254011e-07
-3.499999999999999778e-01 1.207146238372272322e-06
-2.999999999999999889e-01 1.687172492784351741e-06
-2.500000000000000000e-01 2.255743236944402336e-06
-2.000000000000000111e-01 2.848574652527191279e-06
-1.499999999999999944e-01 3.411548215178820046e-06
-1.000000000000000056e-01 3.855759011014616470e-06
-5.000000000000000278e-02 4.170024470147945239e-06
0.000000000000000000e+00 4.284287857856844235e-06
5.000000000000000278e-02 4.157241039586769460e-06
1.000000000000000056e-01 3.827337221108382097e-06
1.499999999999999944e-01 3.369008816872295344e-06
2.000000000000000111e-01 2.753190727805370456e-06
2.500000000000000000e-01 2.095773200067805510e-06
2.999999999999999889e-01 1.483160580019051241e-06
3.499999999999999778e-01 9.128850878798872206e-07
4.000000000000000222e-01 4.469031762916794397e-07
4.500000000000000111e-01 9.463140092388110056e-08
5.000000000000000000e-01 -2.629890973141708277e-07
5.500000000000000444e-01 -6.260240590017125387e-07
5.999999999999999778e-01 -9.928910580024500614e-07
6.500000000000000222e-01 -1.436134977454900352e-06
6.999999999999999556e-01 -1.880037450777651532e-06
7.500000000000000000e-01 -2.397682980185117804e-06
8.000000000000000444e-01 -2.848564980648956990e-06
8.499999999999999778e-01 -3.207650293932190474e-06
9.000000000000000222e-01 -3.417136287619103041e-06
9.499999999999999556e-01 -3.484639178463336005e-06
1.000000000000000000e+00 -3.433890219680345386e-06
1.050000000000000044e+00 -3.209952952799102511e-06
1.100000000000000089e+00 -2.858075919072772200e-06
1.149999999999999911e+00 -2.469567424733757144e-06
1.199999999999999956e+00 -2.014379430444006055e-06
1.250000000000000000e+00 -1.526521990590080479e-06
1.300000000000000044e+00 -1.003699280112305084e-06
1.350000000000000089e+00 -5.127477002207152962e-07
1.399999999999999911e+00 -1.050655771896965590e-07
1.449999999999999956e+00 4.028976676679140087e-07
1.500000000000000000e+00 8.598647259533183889e-07
1.550000000000000044e+00 1.241826337722479132e-06
1.600000000000000089e+00 1.652185318458741328e-06
1.649999999999999911e+00 2.127546253604017424e-06
1.699999999999999956e+00 2.610047305850127549e-06
1.750000000000000000e+00 3.052865499019247895e-06
1.800000000000000044e+00 3.428582142840401845e-06
1.850000000000000089e+00 3.730004377083386970e-06
1.899999999999999911e+00 3.882873961910382974e-06
1.949999999999999956e+00 3.841460712823087515e-06
2.000000000000000000e+00 3.711517649871292738e-06
2.049999999999999822e+00 3.344849833425001713e-06
2.100000000000000089e+00 2.878686279169293463e-06
2.149999999999999911e+00 2.348801257437243141e-06
2.200000000000000178e+00 1.764877864768840152e-06
2.250000000000000000e+00 1.212857984182780725e-06
2.299999999999999822e+00 6.743401915039255693e-07
2.350000000000000089e+00 2.177903878990633962e-07
2.399999999999999911e+00 -1.694288123342060154e-07
2.450000000000000178e+00 -5.101940407175230739e-07
2.500000000000000000e+00 -8.234137502383796720e-07
2.549999999999999822e+00 -1.150369062341228317e-06
2.600000000000000089e+00 -1.545744652461151269e-06
2.649999999999999911e+00 -2.003181652944604028e-06
2.700000000000000178e+00 -2.499031649194037518e-06
2.750000000000000000e+00 -2.954905295626654999e-06
2.799999999999999822e+00 -3.423336777747341625e-06
2.850000000000000089e+00 -3.720695842315037986e-06
2.899999999999999911e+00 -3.823180105939161568e-06
2.950000000000000178e+00 -3.748841998074953620e-06
3.000000000000000000e+00 -3.518444113467177941e-06
3.049999999999999822e+00 -3.059785573386155107e-06
3.100000000000000089e+00 -2.503087481247011772e-06
3.149999999999999911e+00 -1.891615226008002331e-06
3.200000000000000178e+00 -1.270147830059195101e-06
3.250000000000000000e+00 -6.310891136660139400e-07
3.299999999999999822e+00 -1.084679958441612382e-07
3.350000000000000089e+00 4.384597344973768049e-07
3.399999999999999911e+00 9.565509897116659253e-07
3.450000000000000178e+00 1.334973820732382626e-06
3.500000000000000000e+00 1.725814211865677885e-06
3.549999999999999822e+00 2.053018186346479443e-06
3.600000000000000089e+00 2.387177481154388841e-06
3.649999999999999911e+00 2.714291729316642899e-06
3.700000000000000178e+00 3.038612062324857396e-06
3.750000000000000000e+00 3.355733746826741137e-06
3.799999999999999822e+00 3.608708288322026107e-06
3.850000000000000089e+00 3.785727493238416604e-06
3.899999999999999911e+00 3.842909187114387201e-06
3.950000000000000178e+00 3.748650097171034932e-06
4.000000000000000000e+00 3.444501681917821049e-06
4.049999999999999822e+00 2.970288929806427177e-06
4.099999999999999645e+00 2.414422650385362213e-06
4.150000000000000355e+00 1.758994378754462148e-06
4.200000000000000178e+00 1.132865249475588701e-06
4.250000000000000000e+00 5.232395167002725348e-07
4.299999999999999822e+00 -6.074369035848371084e-08
4.349999999999999645e+00 -5.376232654100862942e-07
4.400000000000000355e+00 -1.005090106631728630e-06
4.450000000000000178e+00 -1.421991991710852032e-06
4.500000000000000000e+00 -1.799844097556842094e-06
4.549999999999999822e+00 -2.128065136336243871e-06
4.599999999999999645e+00 -2.437529696313085928e-06
4.650000000000000355e+00 -2.758325801004985443e-06
4.700000000000000178e+00 -3.022735617324958059e-06
4.750000000000000000e+00 -3.273277393982854375e-06
4.799999999999999822e+00 -3.408652256256368601e-06
4.849999999999999645e+00 -3.461748113309228193e-06
4.900000000000000355e+00 -3.407728311485227373e-06
4.950000000000000178e+00 -3.215315707989002300e-06
5.000000000000000000e+00 -2.807707322383026935e-06
5.049999999999999822e+00 -2.345870013971144260e-06
5.099999999999999645e+00 -1.733452965520977100e-06
5.150000000000000355e+00 -1.022920987632366407e-06
5.200000000000000178e+00 -3.212126258732806408e-07
5.250000000000000000e+00 3.498862789011099821e-07
5.299999999999999822e+00 9.187224936879270736e-07
5.349999999999999645e+00 1.429830873400980874e-06
5.400000000000000355e+00 1.811433641272761008e-06
5.450000000000000178e+00 2.163176047446184695e-06
5.500000000000000000e+00 2.450201574381593692e-06
5.549999999999999822e+00 2.728706428971464887e-06
5.599999999999999645e+00 2.970087953071354877e-06
5.650000000000000355e+00 3.252895099847557182e-06
5.700000000000000178e+00 3.465756683287951833e-06
5.750000000000000000e+00 3.641431093425120342e-06
5.799999999999999822e+00 3.698671024427391835e-06
5.849999999999999645e+00 3.660381657361841450e-06
5.900000000000000355e+00 3.561554922977849225e-06
5.950000000000000178e+00 3.240166599395274258e-06
6.000000000000000000e+00 2.828675683504381550e-06
6.049999999999999822e+00 2.314444879888224246e-06
6.099999999999999645e+00 1.638571428571428523e-06
6.150000000000000355e+00 9.564357729377870440e-07
6.200000000000000178e+00 2.600627867673967711e-07
6.250000000000000000e+00 -4.060762972443398436e-07
6.299999999999999822e+00 -9.459904646367601464e-07
6.349999999999999645e+00 -1.430824651616496500e-06
6.400000000000000355e+00 -1.789407609192700144e-06
6.450000000000000178e+00 -2.067064368141645082e-06
6.500000000000000000e+00 -2.275947885060245270e-06
6.549999999999999822e+00 -2.525916685490797672e-06
6.599999999999999645e+00 -2.702182035892853079e-06
6.650000000000000355e+00 -2.943875343966915547e-06
6.700000000000000178e+00 -3.093540340246865967e-06
6.750000000000000000e+00 -3.254026391273131504e-06
6.799999999999999822e+00 -3.328424276330363756e-06
6.849999999999999645e+00 -3.316316188366918766e-06
6.900000000000000355e+00 -3.170427770017472071e-06
6.950000000000000178e+00 -2.888109684728128484e-06
7.000000000000000000e+00 -2.425808933034883181e-06
7.049999999999999822e+00 -1.770813257189118074e-06
7.099999999999999645e+00 -1.058440323479480523e-06
7.150000000000000355e+00 -2.581448731046272060e-07
7.200000000000000178e+00 5.711945949552766740e-07
7.250000000000000000e+00 1.269989554834115617e-06
7.299999999999999822e+00 1.915317419209289012e-06
7.349999999999999645e+00 2.428949550395673770e-06
7.400000000000000355e+00 2.791639120587013857e-06
7.450000000000000178e+00 2.974287086592245441e-06
7.500000000000000000e+00 3.092857472781242585e-06
7.549999999999999822e+00 3.155715579124096250e-06
7.599999999999999645e+00 3.221474184029316172e-06
7.650000000000000355e+00 3.232996335618468887e-06
7.700000000000000178e+00 3.267308072529483359e-06
7.750000000000000000e+00 3.248632993511365064e-06
7.799999999999999822e+00 3.156025012187168906e-06
7.849999999999999645e+00 2.947231492331024096e-06
7.900000000000000355e+00 2.644289187309596563e-06
7.950000000000000178e+00 2.221898893711761751e-06
8.000000000000000000e+00 1.681531129291251077e-06
8.050000000000000711e+00 1.072343418949016181e-06
8.099999999999999645e+00 4.158713498088523027e-07
8.150000000000000355e+00 -2.489037187839703378e-07
8.199999999999999289e+00 -8.716580494104559946e-07
8.250000000000000000e+00 -1.467811087216301971e-06
8.300000000000000711e+00 -1.952032953887106614e-06
8.349999999999999645e+00 -2.376920490973175697e-06
8.400000000000000355e+00 -2.650263367736751429e-06
8.449999999999999289e+00 -2.856404547464435323e-06
8.500000000000000000e+00 -2.932515114702597168e-06
8.550000000000000711e+00 -2.977007468816253491e-06
8.599999999999999645e+00 -2.976932402761648897e-06
8.650000000000000355e+00 -2.958386556961101879e-06
8.699999999999999289e+00 -2.892765430644989994e-06
8.750000000000000000e+00 -2.797115496728874143e-06
8.800000000000000711e+00 -2.629073321650090640e-06
8.849999999999999645e+00 -2.361695171192220718e-06
8.900000000000000355e+00 -1.973748117833950312e-06
8.949999999999999289e+00 -1.424257773045888107e-06
9.000000000000000000e+00 -7.799699104609675655e-07
9.050000000000000711e+00 -1.181144377633964691e-07
9.099999999999999645e+00 6.350638727316959520e-07
9.150000000000000355e+00 1.317426371717964320e-06
9.199999999999999289e+00 1.907532865418853185e-06
9.250000000000000000e+00 2.334733302079005049e-06
9.300000000000000711e+00 2.611453579123773709e-06
9.349999999999999645e+00 2.780062031314981784e-06
9.400000000000000355e+00 2.888594036932860820e-06
9.449999999999999289e+00 2.931807619603876296e-06
9.500000000000000000e+00 2.954708798110679042e-06
9.550000000000000711e+00 3.000688696459734748e-06
9.599999999999999645e+00 3.033508442280613727e-06
9.650000000000000355e+00 3.047290532889297340e-06
9.699999999999999289e+00 3.030775815004522624e-06
9.750000000000000000e+00 2.919024508570055175e-06
9.800000000000000711e+00 2.734621564685105574e-06
9.849999999999999645e+00 2.424664504459054840e-06
9.900000000000000355e+00 2.010317266056301221e-06
9.949999999999999289e+00 1.456477439101699385e-06
1.000000000000000000e+01 8.957245385605956540e-07
