-5.999999999999999778e-01 6.300000000000001091e-07
-5.500000000000000444e-01 9.599999999999999142e-07
-5.000000000000000000e-01 9.940000000000001392e-07
-4.500000000000000111e-01 1.027999999999999941e-06
-4.000000000000000222e-01 9.579999999999999757e-07
-3.499999999999999778e-01 7.640000000000000120e-07
-2.999999999999999889e-01 6.520000000000000679e-07
-2.500000000000000000e-01 3.779999999999999172e-07
-2.000000000000000111e-01 3.299999999999999639e-07
-1.499999999999999944e-01 1.579999999999999854e-07
-1.000000000000000056e-01 -2.999999999999999732e-08
-5.000000000000000278e-02 -6.400000000000000399e-08
0.000000000000000000e+00 -1.239999999999999986e-07
5.000000000000000278e-02 -8.799999999999999390e-08
1.000000000000000056e-01 -3.000000000000001055e-08
1.499999999999999944e-01 1.199999999999999827e-08
2.000000000000000111e-01 1.040000000000000048e-07
2.500000000000000000e-01 -2.646977960169688707e-24
2.999999999999999889e-01 1.220000000000000072e-07
3.499999999999999778e-01 1.999999999999996816e-09
4.000000000000000222e-01 8.600000000000001570e-08
4.500000000000000111e-01 1.819999999999999886e-07
5.000000000000000000e-01 4.540000000000000684e-07
5.500000000000000444e-01 6.559999999999999449e-07
5.999999999999999778e-01 7.879999999999999093e-07
