-5.999999999999999778e-01 4.379999999999999781e-07
-5.500000000000000444e-01 6.020000000000001231e-07
-5.000000000000000000e-01 5.319999999999999463e-07
-4.500000000000000111e-01 4.380000000000000310e-07
-4.000000000000000222e-01 3.659999999999999686e-07
-3.499999999999999778e-01 2.500000000000000416e-07
-2.999999999999999889e-01 2.519999999999999801e-07
-2.500000000000000000e-01 1.760000000000000407e-07
-2.000000000000000111e-01 1.579999999999999854e-07
-1.499999999999999944e-01 1.959999999999999816e-07
-1.000000000000000056e-01 8.400000000000001102e-08
-5.000000000000000278e-02 6.599999999999999543e-08
0.000000000000000000e+00 1.739999999999999964e-07
5.000000000000000278e-02 5.400000000000000047e-08
1.000000000000000056e-01 2.319999999999999863e-07
1.499999999999999944e-01 2.119999999999999925e-07
2.000000000000000111e-01 2.019999999999999824e-07
2.500000000000000000e-01 1.660000000000000306e-07
2.999999999999999889e-01 7.799999999999999700e-08
3.499999999999999778e-01 1.399999999999999798e-08
4.000000000000000222e-01 1.559999999999999940e-07
4.500000000000000111e-01 1.699999999999999870e-07
5.000000000000000000e-01 2.759999999999999833e-07
5.500000000000000444e-01 4.179999999999999578e-07
5.999999999999999778e-01 4.899999999999999672e-07
