-5.000000000000000000e+00 -1.119999999999999865e-06
-4.950000000000000178e+00 -2.559999999999999630e-07
-4.900000000000000355e+00 6.219999999999999316e-07
-4.849999999999999645e+00 1.425999999999999984e-06
-4.799999999999999822e+00 2.208000000000000290e-06
-4.750000000000000000e+00 2.952000000000000281e-06
-4.700000000000000178e+00 3.502000000000000098e-06
-4.650000000000000355e+00 3.872000000000000367e-06
-4.599999999999999645e+00 4.159999999999999981e-06
-4.549999999999999822e+00 4.152000000000000227e-06
-4.500000000000000000e+00 3.873999999999999670e-06
-4.450000000000000178e+00 3.538000000000000261e-06
-4.400000000000000355e+00 2.919999999999999995e-06
-4.349999999999999645e+00 2.279999999999999770e-06
-4.299999999999999822e+00 1.515999999999999758e-06
-4.250000000000000000e+00 6.300000000000000033e-07
-4.200000000000000178e+00 -1.679999999999999956e-07
-4.150000000000000355e+00 -9.999999999999999547e-07
-4.099999999999999645e+00 -1.664000000000000077e-06
-4.049999999999999822e+00 -2.281999999999999920e-06
-4.000000000000000000e+00 -2.734000000000000421e-06
-3.950000000000000178e+00 -2.991999999999999898e-06
-3.899999999999999911e+00 -3.180000000000000047e-06
-3.850000000000000089e+00 -3.127999999999999952e-06
-3.799999999999999822e+00 -2.856000000000000269e-06
-3.750000000000000000e+00 -2.513999999999999986e-06
-3.700000000000000178e+00 -1.986000000000000128e-06
-3.649999999999999911e+00 -1.343999999999999965e-06
-3.600000000000000089e+00 -6.160000000000000102e-07
-3.549999999999999822e+00 2.380000000000000136e-07
-3.500000000000000000e+00 1.074000000000000009e-06
-3.450000000000000178e+00 1.833999999999999720e-06
-3.399999999999999911e+00 2.409999999999999796e-06
-3.350000000000000089e+00 3.022000000000000035e-06
-3.299999999999999822e+00 3.432000000000000344e-06
-3.250000000000000000e+00 3.649999999999999782e-06
-3.200000000000000178e+00 3.688000000000000096e-06
-3.149999999999999911e+00 3.622000000000000219e-06
-3.100000000000000089e+00 3.378000000000000523e-06
-3.049999999999999822e+00 2.941999999999999954e-06
-3.000000000000000000e+00 2.331999999999999865e-06
-2.950000000000000178e+00 1.656000000000000111e-06
-2.899999999999999911e+00 9.020000000000000037e-07
-2.850000000000000089e+00 5.400000000000000047e-08
-2.799999999999999822e+00 -6.640000000000000165e-07
-2.750000000000000000e+00 -1.476000000000000141e-06
-2.700000000000000178e+00 -1.996000000000000032e-06
-2.649999999999999911e+00 -2.476000000000000095e-06
-2.600000000000000089e+00 -2.805999999999999901e-06
-2.549999999999999822e+00 -2.954000000000000008e-06
-2.500000000000000000e+00 -2.912000000000000241e-06
-2.450000000000000178e+00 -2.775999999999999764e-06
-2.399999999999999911e+00 -2.452000000000000410e-06
-2.350000000000000089e+00 -2.049999999999999854e-06
-2.299999999999999822e+00 -1.496000000000000161e-06
-2.250000000000000000e+00 -8.859999999999999663e-07
-2.200000000000000178e+00 -1.579999999999999854e-07
-2.149999999999999911e+00 5.440000000000000008e-07
-2.100000000000000089e+00 1.216000000000000089e-06
-2.049999999999999822e+00 1.968000000000000046e-06
-2.000000000000000000e+00 2.461999999999999891e-06
-1.949999999999999956e+00 2.945999999999999831e-06
-1.899999999999999911e+00 3.294000000000000141e-06
-1.850000000000000089e+00 3.414000000000000263e-06
-1.800000000000000044e+00 3.424000000000000590e-06
-1.750000000000000000e+00 3.298000000000000442e-06
-1.699999999999999956e+00 2.975999999999999967e-06
-1.649999999999999911e+00 2.557999999999999480e-06
-1.600000000000000089e+00 2.107999999999999977e-06
-1.550000000000000044e+00 1.588000000000000085e-06
-1.500000000000000000e+00 9.199999999999999795e-07
-1.449999999999999956e+00 2.519999999999999801e-07
-1.399999999999999911e+00 -5.139999999999999704e-07
-1.350000000000000089e+00 -1.077999999999999886e-06
-1.300000000000000044e+00 -1.661999999999999927e-06
-1.250000000000000000e+00 -2.134000000000000236e-06
-1.199999999999999956e+00 -2.448000000000000109e-06
-1.149999999999999911e+00 -2.671999999999999998e-06
-1.100000000000000089e+00 -2.699999999999999984e-06
-1.050000000000000044e+00 -2.669999999999999847e-06
-1.000000000000000000e+00 -2.383999999999999960e-06
-9.499999999999999556e-01 -2.024000000000000019e-06
-9.000000000000000222e-01 -1.501999999999999765e-06
-8.499999999999999778e-01 -8.920000000000000994e-07
-8.000000000000000444e-01 -2.960000000000000035e-07
-7.500000000000000000e-01 4.140000000000000279e-07
-6.999999999999999556e-01 1.131999999999999919e-06
-6.500000000000000222e-01 1.859999999999999768e-06
-5.999999999999999778e-01 2.389999999999999987e-06
-5.500000000000000444e-01 2.859999999999999722e-06
-5.000000000000000000e-01 3.238000000000000593e-06
-4.500000000000000111e-01 3.435999999999999798e-06
-4.000000000000000222e-01 3.518000000000000029e-06
-3.499999999999999778e-01 3.436000000000000221e-06
-2.999999999999999889e-01 3.289999999999999841e-06
-2.500000000000000000e-01 2.975999999999999967e-06
-2.000000000000000111e-01 2.540000000000000245e-06
-1.499999999999999944e-01 2.011999999999999964e-06
-1.000000000000000056e-01 1.406000000000000176e-06
-5.000000000000000278e-02 6.419999999999999519e-07
0.000000000000000000e+00 -4.000000000000000084e-08
5.000000000000000278e-02 -7.879999999999999093e-07
1.000000000000000056e-01 -1.492000000000000072e-06
1.499999999999999944e-01 -2.118000000000000304e-06
2.000000000000000111e-01 -2.649999999999999615e-06
2.500000000000000000e-01 -2.851999999999999968e-06
2.999999999999999889e-01 -3.139999999999999583e-06
3.499999999999999778e-01 -3.096000000000000089e-06
4.000000000000000222e-01 -2.979999999999999844e-06
4.500000000000000111e-01 -2.657999999999999793e-06
5.000000000000000000e-01 -2.185999999999999907e-06
5.500000000000000444e-01 -1.694000000000000002e-06
5.999999999999999778e-01 -1.012000000000000009e-06
6.500000000000000222e-01 -3.579999999999999499e-07
6.999999999999999556e-01 3.799999999999999616e-07
7.500000000000000000e-01 1.193999999999999918e-06
8.000000000000000444e-01 1.897999999999999870e-06
8.499999999999999778e-01 2.572000000000000108e-06
9.000000000000000222e-01 3.161999999999999965e-06
9.499999999999999556e-01 3.629999999999999973e-06
1.000000000000000000e+00 3.847999999999999411e-06
1.050000000000000044e+00 3.943999999999999847e-06
1.100000000000000089e+00 3.790000000000000136e-06
1.149999999999999911e+00 3.536000000000000111e-06
1.199999999999999956e+00 3.192000000000000101e-06
1.250000000000000000e+00 2.584000000000000163e-06
1.300000000000000044e+00 1.769999999999999994e-06
1.350000000000000089e+00 9.860000000000001735e-07
1.399999999999999911e+00 1.299999999999999994e-07
1.449999999999999956e+00 -7.179999999999999442e-07
1.500000000000000000e+00 -1.459999999999999997e-06
1.550000000000000044e+00 -2.224000000000000221e-06
1.600000000000000089e+00 -2.837999999999999764e-06
1.649999999999999911e+00 -3.262000000000000278e-06
1.699999999999999956e+00 -3.577999999999999878e-06
1.750000000000000000e+00 -3.584000000000000329e-06
1.800000000000000044e+00 -3.368000000000000195e-06
1.850000000000000089e+00 -2.988000000000000021e-06
1.899999999999999911e+00 -2.414000000000000096e-06
1.949999999999999956e+00 -1.744000000000000158e-06
2.000000000000000000e+00 -8.160000000000000012e-07
2.049999999999999822e+00 7.799999999999999700e-08
2.100000000000000089e+00 9.719999999999999687e-07
2.149999999999999911e+00 1.889999999999999904e-06
2.200000000000000178e+00 2.677999999999999601e-06
2.250000000000000000e+00 3.282000000000000087e-06
2.299999999999999822e+00 3.949999999999999451e-06
2.350000000000000089e+00 4.339999999999999952e-06
2.399999999999999911e+00 4.425999999999999637e-06
2.450000000000000178e+00 4.405999999999999828e-06
2.500000000000000000e+00 4.136000000000000719e-06
2.549999999999999822e+00 3.634000000000000274e-06
2.600000000000000089e+00 2.973999999999999817e-06
2.649999999999999911e+00 2.208000000000000290e-06
2.700000000000000178e+00 1.287999999999999993e-06
2.750000000000000000e+00 3.400000000000000270e-07
2.799999999999999822e+00 -5.599999999999999323e-07
2.850000000000000089e+00 -1.431999999999999800e-06
2.899999999999999911e+00 -2.207999999999999866e-06
2.950000000000000178e+00 -2.895999999999999886e-06
3.000000000000000000e+00 -3.351999999999999840e-06
3.049999999999999822e+00 -3.615999999999999769e-06
3.100000000000000089e+00 -3.743999999999999221e-06
3.149999999999999911e+00 -3.486000000000000166e-06
3.200000000000000178e+00 -3.183999999999999924e-06
3.250000000000000000e+00 -2.668000000000000121e-06
3.299999999999999822e+00 -1.919999999999999828e-06
3.350000000000000089e+00 -1.097999999999999906e-06
3.399999999999999911e+00 -1.799999999999999971e-07
3.450000000000000178e+00 6.920000000000000026e-07
3.500000000000000000e+00 1.549999999999999983e-06
3.549999999999999822e+00 2.284000000000000070e-06
3.600000000000000089e+00 3.046000000000000144e-06
3.649999999999999911e+00 3.541999999999999715e-06
3.700000000000000178e+00 3.974000000000000407e-06
3.750000000000000000e+00 4.245999999999999666e-06
3.799999999999999822e+00 4.281999999999999830e-06
3.850000000000000089e+00 4.154000000000000377e-06
3.899999999999999911e+00 3.676000000000000041e-06
3.950000000000000178e+00 3.219999999999999664e-06
4.000000000000000000e+00 2.381999999999999810e-06
4.049999999999999822e+00 1.557999999999999949e-06
4.099999999999999645e+00 6.099999999999999830e-07
4.150000000000000355e+00 -4.139999999999999220e-07
4.200000000000000178e+00 -1.311999999999999890e-06
4.250000000000000000e+00 -2.073999999999999963e-06
4.299999999999999822e+00 -2.794000000000000270e-06
4.349999999999999645e+00 -3.210000000000000183e-06
4.400000000000000355e+00 -3.542000000000000138e-06
4.450000000000000178e+00 -3.691999999999999973e-06
4.500000000000000000e+00 -3.610000000000000165e-06
4.549999999999999822e+00 -3.369999999999999922e-06
4.599999999999999645e+00 -2.866000000000000173e-06
4.650000000000000355e+00 -2.185999999999999907e-06
4.700000000000000178e+00 -1.406000000000000176e-06
4.750000000000000000e+00 -5.099999999999999875e-07
4.799999999999999822e+00 3.299999999999999639e-07
4.849999999999999645e+00 1.296000000000000170e-06
4.900000000000000355e+00 2.206000000000000139e-06
4.950000000000000178e+00 2.904000000000000063e-06
5.000000000000000000e+00 3.415999999999999989e-06
