-5.000000000000000000e+00 3.153999999999999787e-06
-4.950000000000000178e+00 2.184000000000000181e-06
-4.900000000000000355e+00 1.175999999999999837e-06
-4.849999999999999645e+00 8.000000000000000167e-08
-4.799999999999999822e+00 -7.679999999999998890e-07
-4.750000000000000000e+00 -1.455999999999999909e-06
-4.700000000000000178e+00 -1.892000000000000266e-06
-4.650000000000000355e+00 -1.990000000000000429e-06
-4.599999999999999645e+00 -1.763999999999999967e-06
-4.549999999999999822e+00 -1.298000000000000109e-06
-4.500000000000000000e+00 -5.000000000000000833e-07
-4.450000000000000178e+00 4.319999999999999508e-07
-4.400000000000000355e+00 1.624000000000000037e-06
-4.349999999999999645e+00 2.877999999999999804e-06
-4.299999999999999822e+00 4.060000000000000092e-06
-4.250000000000000000e+00 5.270000000000000365e-06
-4.200000000000000178e+00 6.267999999999999958e-06
-4.150000000000000355e+00 7.050000000000000263e-06
-4.099999999999999645e+00 7.398000000000000997e-06
-4.049999999999999822e+00 7.304000000000000711e-06
-4.000000000000000000e+00 6.982000000000000237e-06
-3.950000000000000178e+00 6.117999999999999700e-06
-3.899999999999999911e+00 4.794000000000000179e-06
-3.850000000000000089e+00 3.298000000000000018e-06
-3.799999999999999822e+00 1.315999999999999979e-06
-3.750000000000000000e+00 -8.420000000000000487e-07
-3.700000000000000178e+00 -3.071999999999999556e-06
-3.649999999999999911e+00 -5.273999999999999819e-06
-3.600000000000000089e+00 -7.325999999999999823e-06
-3.549999999999999822e+00 -8.847999999999998973e-06
-3.500000000000000000e+00 -9.898000000000000778e-06
-3.450000000000000178e+00 -1.038000000000000057e-05
-3.399999999999999911e+00 -1.023800000000000091e-05
-3.350000000000000089e+00 -9.610000000000001164e-06
-3.299999999999999822e+00 -8.546000000000000848e-06
-3.250000000000000000e+00 -7.087999999999999730e-06
-3.200000000000000178e+00 -5.351999999999999749e-06
-3.149999999999999911e+00 -3.371999999999999648e-06
-3.100000000000000089e+00 -1.136000000000000008e-06
-3.049999999999999822e+00 1.131999999999999919e-06
-3.000000000000000000e+00 3.453999999999999880e-06
-2.950000000000000178e+00 5.606000000000000197e-06
-2.899999999999999911e+00 7.534000000000001050e-06
-2.850000000000000089e+00 9.022000000000001034e-06
-2.799999999999999822e+00 1.013399999999999987e-05
-2.750000000000000000e+00 1.066400000000000158e-05
-2.700000000000000178e+00 1.056000000000000054e-05
-2.649999999999999911e+00 1.006599999999999985e-05
-2.600000000000000089e+00 9.060000000000001348e-06
-2.549999999999999822e+00 7.455999999999999425e-06
-2.500000000000000000e+00 5.591999999999999146e-06
-2.450000000000000178e+00 3.642000000000000028e-06
-2.399999999999999911e+00 1.777999999999999960e-06
-2.350000000000000089e+00 -2.539999999999999716e-07
-2.299999999999999822e+00 -2.146000000000000290e-06
-2.250000000000000000e+00 -3.629999999999999973e-06
-2.200000000000000178e+00 -4.896000000000000219e-06
-2.149999999999999911e+00 -5.809999999999999430e-06
-2.100000000000000089e+00 -6.352000000000000339e-06
-2.049999999999999822e+00 -6.550000000000000815e-06
-2.000000000000000000e+00 -6.404000000000000011e-06
-1.949999999999999956e+00 -5.946000000000000330e-06
-1.899999999999999911e+00 -5.222000000000000147e-06
-1.850000000000000089e+00 -4.210000000000000349e-06
-1.800000000000000044e+00 -3.043999999999999994e-06
-1.750000000000000000e+00 -1.825999999999999754e-06
-1.699999999999999956e+00 -5.800000000000000585e-07
-1.649999999999999911e+00 6.079999999999999386e-07
-1.600000000000000089e+00 1.494000000000000011e-06
-1.550000000000000044e+00 2.211999999999999743e-06
-1.500000000000000000e+00 2.810000000000000625e-06
-1.449999999999999956e+00 3.135999999999999706e-06
-1.399999999999999911e+00 3.304000000000000045e-06
-1.350000000000000089e+00 3.243999999999999349e-06
-1.300000000000000044e+00 3.232000000000000142e-06
-1.250000000000000000e+00 2.750000000000000352e-06
-1.199999999999999956e+00 2.493999999999999754e-06
-1.149999999999999911e+00 2.052000000000000005e-06
-1.100000000000000089e+00 1.556000000000000010e-06
-1.050000000000000044e+00 9.919999999999999890e-07
-1.000000000000000000e+00 6.120000000000000274e-07
-9.499999999999999556e-01 1.239999999999999986e-07
-9.000000000000000222e-01 -1.879999999999999894e-07
-8.499999999999999778e-01 -4.820000000000000015e-07
-8.000000000000000444e-01 -3.820000000000000060e-07
-7.500000000000000000e-01 -3.439999999999999569e-07
-6.999999999999999556e-01 -6.999999999999999154e-08
-6.500000000000000222e-01 1.139999999999999885e-07
-5.999999999999999778e-01 2.879999999999999848e-07
-5.500000000000000444e-01 3.880000000000000333e-07
-5.000000000000000000e-01 5.039999999999999603e-07
-4.500000000000000111e-01 5.659999999999999596e-07
-4.000000000000000222e-01 4.519999999999999711e-07
-3.499999999999999778e-01 5.220000000000000420e-07
-2.999999999999999889e-01 5.259999999999999190e-07
-2.500000000000000000e-01 6.640000000000000165e-07
-2.000000000000000111e-01 6.300000000000000033e-07
-1.499999999999999944e-01 6.460000000000000406e-07
-1.000000000000000056e-01 5.279999999999999634e-07
-5.000000000000000278e-02 4.880000000000000287e-07
0.000000000000000000e+00 4.680000000000000085e-07
5.000000000000000278e-02 3.779999999999999702e-07
1.000000000000000056e-01 4.080000000000000006e-07
1.499999999999999944e-01 3.319999999999999553e-07
2.000000000000000111e-01 4.239999999999999850e-07
2.500000000000000000e-01 3.759999999999999788e-07
2.999999999999999889e-01 2.839999999999999490e-07
3.499999999999999778e-01 3.060000000000000137e-07
4.000000000000000222e-01 3.359999999999999911e-07
4.500000000000000111e-01 4.160000000000000193e-07
5.000000000000000000e-01 3.599999999999999943e-07
5.500000000000000444e-01 3.359999999999999911e-07
5.999999999999999778e-01 1.279999999999999815e-07
6.500000000000000222e-01 -8.599999999999998923e-08
6.999999999999999556e-01 -4.339999999999999952e-07
7.500000000000000000e-01 -6.599999999999999278e-07
8.000000000000000444e-01 -9.320000000000000341e-07
8.499999999999999778e-01 -1.083999999999999913e-06
9.000000000000000222e-01 -1.152000000000000151e-06
9.499999999999999556e-01 -1.101999999999999995e-06
1.000000000000000000e+00 -1.123999999999999953e-06
1.050000000000000044e+00 -1.225999999999999781e-06
1.100000000000000089e+00 -1.194000000000000130e-06
1.149999999999999911e+00 -1.246000000000000013e-06
1.199999999999999956e+00 -1.187999999999999891e-06
1.250000000000000000e+00 -9.900000000000000505e-07
1.300000000000000044e+00 -6.219999999999999316e-07
1.350000000000000089e+00 -1.719999999999999785e-07
1.399999999999999911e+00 5.379999999999999735e-07
1.449999999999999956e+00 1.356000000000000019e-06
1.500000000000000000e+00 2.368000000000000028e-06
1.550000000000000044e+00 3.278000000000000210e-06
1.600000000000000089e+00 4.214000000000000650e-06
1.649999999999999911e+00 5.113999999999999656e-06
1.699999999999999956e+00 6.025999999999999564e-06
1.750000000000000000e+00 6.607999999999999244e-06
1.800000000000000044e+00 6.917999999999999664e-06
1.850000000000000089e+00 6.805999999999999720e-06
1.899999999999999911e+00 6.316000000000000176e-06
1.949999999999999956e+00 5.372000000000000405e-06
2.000000000000000000e+00 4.123999999999999818e-06
2.049999999999999822e+00 2.521999999999999740e-06
2.100000000000000089e+00 6.880000000000000197e-07
2.149999999999999911e+00 -1.406000000000000176e-06
2.200000000000000178e+00 -3.657999999999999959e-06
2.250000000000000000e+00 -5.796000000000000072e-06
2.299999999999999822e+00 -7.941999999999999516e-06
2.350000000000000089e+00 -9.530000000000000236e-06
2.399999999999999911e+00 -1.082999999999999965e-05
2.450000000000000178e+00 -1.134199999999999915e-05
2.500000000000000000e+00 -1.139000000000000106e-05
2.549999999999999822e+00 -1.064400000000000007e-05
2.600000000000000089e+00 -9.297999999999999747e-06
2.649999999999999911e+00 -7.245999999999999742e-06
2.700000000000000178e+00 -4.997999999999999412e-06
2.750000000000000000e+00 -2.258000000000000235e-06
2.799999999999999822e+00 6.020000000000001231e-07
2.850000000000000089e+00 3.593999999999999810e-06
2.899999999999999911e+00 6.533999999999999613e-06
2.950000000000000178e+00 9.126000000000002071e-06
3.000000000000000000e+00 1.134599999999999945e-05
3.049999999999999822e+00 1.295400000000000167e-05
3.100000000000000089e+00 1.396400000000000047e-05
3.149999999999999911e+00 1.424200000000000018e-05
3.200000000000000178e+00 1.363599999999999955e-05
3.250000000000000000e+00 1.243399999999999988e-05
3.299999999999999822e+00 1.034799999999999986e-05
3.350000000000000089e+00 7.809999999999999763e-06
3.399999999999999911e+00 5.011999999999999616e-06
3.450000000000000178e+00 1.754000000000000063e-06
3.500000000000000000e+00 -1.393999999999999909e-06
3.549999999999999822e+00 -4.415999999999999732e-06
3.600000000000000089e+00 -7.045999999999999963e-06
3.649999999999999911e+00 -9.168000000000000991e-06
3.700000000000000178e+00 -1.067999999999999939e-05
3.750000000000000000e+00 -1.159399999999999945e-05
3.799999999999999822e+00 -1.180600000000000013e-05
3.850000000000000089e+00 -1.140000000000000097e-05
3.899999999999999911e+00 -1.043000000000000178e-05
3.950000000000000178e+00 -8.884000000000001677e-06
4.000000000000000000e+00 -6.849999999999999637e-06
4.049999999999999822e+00 -4.558000000000001083e-06
4.099999999999999645e+00 -1.612000000000000194e-06
4.150000000000000355e+00 5.160000000000000148e-07
4.200000000000000178e+00 3.078000000000000007e-06
4.250000000000000000e+00 5.192000000000000434e-06
4.299999999999999822e+00 6.943999999999999923e-06
4.349999999999999645e+00 8.097999999999999377e-06
4.400000000000000355e+00 8.814000000000000654e-06
4.450000000000000178e+00 8.959999999999998917e-06
4.500000000000000000e+00 8.588000000000001462e-06
4.549999999999999822e+00 7.660000000000001199e-06
4.599999999999999645e+00 6.433999999999999724e-06
4.650000000000000355e+00 4.991999999999999808e-06
4.700000000000000178e+00 3.357999999999999867e-06
4.750000000000000000e+00 1.679999999999999797e-06
4.799999999999999822e+00 -2.999999999999999732e-08
4.849999999999999645e+00 -1.613999999999999709e-06
4.900000000000000355e+00 -2.972000000000000090e-06
4.950000000000000178e+00 -4.060000000000000092e-06
5.000000000000000000e+00 -4.818000000000000288e-06
