-5.999999999999999778e-01 6.140000000000000717e-07
-5.500000000000000444e-01 5.479999999999999837e-07
-5.000000000000000000e-01 4.320000000000000037e-07
-4.500000000000000111e-01 3.019999999999999779e-07
-4.000000000000000222e-01 3.080000000000000051e-07
-3.499999999999999778e-01 2.060000000000000182e-07
-2.999999999999999889e-01 2.020000000000000089e-07
-2.500000000000000000e-01 1.439999999999999924e-07
-2.000000000000000111e-01 1.579999999999999854e-07
-1.499999999999999944e-01 1.320000000000000173e-07
-1.000000000000000056e-01 7.399999999999998765e-08
-5.000000000000000278e-02 1.480000000000000018e-07
0.000000000000000000e+00 2.840000000000000549e-07
5.000000000000000278e-02 2.060000000000000182e-07
1.000000000000000056e-01 1.800000000000000236e-07
1.499999999999999944e-01 2.019999999999999824e-07
2.000000000000000111e-01 1.299999999999999994e-07
2.500000000000000000e-01 4.399999999999999695e-08
2.999999999999999889e-01 1.400000000000000294e-08
3.499999999999999778e-01 1.119999999999999838e-07
4.000000000000000222e-01 2.440000000000000144e-07
4.500000000000000111e-01 3.820000000000000060e-07
5.000000000000000000e-01 5.719999999999999868e-07
5.500000000000000444e-01 5.620000000000000826e-07
5.999999999999999778e-01 4.379999999999999781e-07
