-5.000000000000000000e+00 3.411999999999999689e-06
-4.950000000000000178e+00 2.867999999999999476e-06
-4.900000000000000355e+00 1.883999999999999877e-06
-4.849999999999999645e+00 1.058000000000000077e-06
-4.799999999999999822e+00 2.520000000000000331e-07
-4.750000000000000000e+00 -4.420000000000000139e-07
-4.700000000000000178e+00 -8.940000000000000379e-07
-4.650000000000000355e+00 -1.217999999999999816e-06
-4.599999999999999645e+00 -1.214000000000000150e-06
-4.549999999999999822e+00 -9.800000000000001462e-07
-4.500000000000000000e+00 -4.099999999999999920e-07
-4.450000000000000178e+00 3.279999999999999725e-07
-4.400000000000000355e+00 1.063999999999999893e-06
-4.349999999999999645e+00 2.170000000000000399e-06
-4.299999999999999822e+00 3.260000000000000128e-06
-4.250000000000000000e+00 4.330000000000000048e-06
-4.200000000000000178e+00 5.241999999999999955e-06
-4.150000000000000355e+00 6.118000000000000547e-06
-4.099999999999999645e+00 6.718000000000000731e-06
-4.049999999999999822e+00 6.881999999999999500e-06
-4.000000000000000000e+00 6.622000000000000295e-06
-3.950000000000000178e+00 5.967999999999999442e-06
-3.899999999999999911e+00 4.888000000000000465e-06
-3.850000000000000089e+00 3.384000000000000126e-06
-3.799999999999999822e+00 1.646000000000000207e-06
-3.750000000000000000e+00 -3.860000000000000418e-07
-3.700000000000000178e+00 -2.417999999999999973e-06
-3.649999999999999911e+00 -4.319999999999999296e-06
-3.600000000000000089e+00 -6.161999999999999617e-06
-3.549999999999999822e+00 -7.659999999999999505e-06
-3.500000000000000000e+00 -8.669999999999999999e-06
-3.450000000000000178e+00 -9.236000000000001018e-06
-3.399999999999999911e+00 -9.388000000000000579e-06
-3.350000000000000089e+00 -8.947999999999999709e-06
-3.299999999999999822e+00 -8.253999999999999239e-06
-3.250000000000000000e+00 -7.064000000000000468e-06
-3.200000000000000178e+00 -5.530000000000000417e-06
-3.149999999999999911e+00 -3.821999999999999999e-06
-3.100000000000000089e+00 -1.851999999999999802e-06
-3.049999999999999822e+00 2.820000000000000105e-07
-3.000000000000000000e+00 2.426000000000000151e-06
-2.950000000000000178e+00 4.580000000000000195e-06
-2.899999999999999911e+00 6.433999999999999724e-06
-2.850000000000000089e+00 7.975999999999999529e-06
-2.799999999999999822e+00 9.051999999999999053e-06
-2.750000000000000000e+00 9.610000000000001164e-06
-2.700000000000000178e+00 9.694000000000000698e-06
-2.649999999999999911e+00 9.320000000000000552e-06
-2.600000000000000089e+00 8.543999999999999851e-06
-2.549999999999999822e+00 7.336000000000000574e-06
-2.500000000000000000e+00 5.796000000000000919e-06
-2.450000000000000178e+00 4.208000000000000199e-06
-2.399999999999999911e+00 2.481999999999999699e-06
-2.350000000000000089e+00 7.479999999999999746e-07
-2.299999999999999822e+00 -9.239999999999999624e-07
-2.250000000000000000e+00 -2.573999999999999835e-06
-2.200000000000000178e+00 -3.800000000000000040e-06
-2.149999999999999911e+00 -4.795999999999999482e-06
-2.100000000000000089e+00 -5.470000000000000144e-06
-2.049999999999999822e+00 -5.824000000000000482e-06
-2.000000000000000000e+00 -5.803999999999999826e-06
-1.949999999999999956e+00 -5.541999999999999624e-06
-1.899999999999999911e+00 -4.975999999999999453e-06
-1.850000000000000089e+00 -4.206000000000000049e-06
-1.800000000000000044e+00 -3.236000000000000019e-06
-1.750000000000000000e+00 -2.234000000000000125e-06
-1.699999999999999956e+00 -1.183999999999999802e-06
-1.649999999999999911e+00 -1.100000000000000056e-07
-1.600000000000000089e+00 7.180000000000000501e-07
-1.550000000000000044e+00 1.539999999999999867e-06
-1.500000000000000000e+00 2.127999999999999785e-06
-1.449999999999999956e+00 2.572000000000000532e-06
-1.399999999999999911e+00 2.839999999999999914e-06
-1.350000000000000089e+00 2.961999999999999762e-06
-1.300000000000000044e+00 2.879999999999999954e-06
-1.250000000000000000e+00 2.678000000000000025e-06
-1.199999999999999956e+00 2.453999999999999713e-06
-1.149999999999999911e+00 2.073999999999999963e-06
-1.100000000000000089e+00 1.713999999999999810e-06
-1.050000000000000044e+00 1.161999999999999844e-06
-1.000000000000000000e+00 7.799999999999999435e-07
-9.499999999999999556e-01 5.120000000000000319e-07
-9.000000000000000222e-01 2.100000000000000276e-07
-8.499999999999999778e-01 1.160000000000000064e-07
-8.000000000000000444e-01 -7.200000000000000945e-08
-7.500000000000000000e-01 4.199999999999999228e-08
-6.999999999999999556e-01 1.460000000000000103e-07
-6.500000000000000222e-01 2.800000000000000191e-07
-5.999999999999999778e-01 5.740000000000001371e-07
-5.500000000000000444e-01 6.499999999999999176e-07
-5.000000000000000000e-01 5.840000000000000413e-07
-4.500000000000000111e-01 6.320000000000000476e-07
-4.000000000000000222e-01 5.360000000000000350e-07
-3.499999999999999778e-01 4.640000000000000256e-07
-2.999999999999999889e-01 4.519999999999999711e-07
-2.500000000000000000e-01 4.519999999999999711e-07
-2.000000000000000111e-01 4.379999999999999781e-07
-1.499999999999999944e-01 4.639999999999999727e-07
-1.000000000000000056e-01 4.680000000000000085e-07
-5.000000000000000278e-02 3.820000000000000060e-07
0.000000000000000000e+00 2.059999999999999653e-07
5.000000000000000278e-02 1.499999999999999932e-07
1.000000000000000056e-01 7.800000000000001023e-08
1.499999999999999944e-01 1.360000000000000002e-07
2.000000000000000111e-01 1.199999999999999893e-07
2.500000000000000000e-01 1.459999999999999839e-07
2.999999999999999889e-01 1.619999999999999683e-07
3.499999999999999778e-01 2.659999999999999731e-07
4.000000000000000222e-01 2.980000000000000479e-07
4.500000000000000111e-01 4.080000000000000006e-07
5.000000000000000000e-01 3.479999999999999927e-07
5.500000000000000444e-01 5.359999999999999292e-07
5.999999999999999778e-01 4.400000000000000224e-07
6.500000000000000222e-01 3.379999999999999826e-07
6.999999999999999556e-01 1.000000000000000021e-08
7.500000000000000000e-01 -1.859999999999999979e-07
8.000000000000000444e-01 -4.839999999999999400e-07
8.499999999999999778e-01 -6.379999999999999690e-07
9.000000000000000222e-01 -8.299999999999999942e-07
9.499999999999999556e-01 -8.679999999999999904e-07
1.000000000000000000e+00 -9.159999999999999967e-07
1.050000000000000044e+00 -1.081999999999999974e-06
1.100000000000000089e+00 -1.076000000000000159e-06
1.149999999999999911e+00 -1.384000000000000005e-06
1.199999999999999956e+00 -1.390000000000000032e-06
1.250000000000000000e+00 -1.399999999999999937e-06
1.300000000000000044e+00 -1.169999999999999809e-06
1.350000000000000089e+00 -7.740000000000000221e-07
1.399999999999999911e+00 -2.200000000000000112e-07
1.449999999999999956e+00 4.859999999999999844e-07
1.500000000000000000e+00 1.409999999999999841e-06
1.550000000000000044e+00 2.313999999999999783e-06
1.600000000000000089e+00 3.267999999999999882e-06
1.649999999999999911e+00 4.243999999999999516e-06
1.699999999999999956e+00 5.222000000000000147e-06
1.750000000000000000e+00 5.927999999999999825e-06
1.800000000000000044e+00 6.524000000000000556e-06
1.850000000000000089e+00 6.860000000000000388e-06
1.899999999999999911e+00 6.772000000000000553e-06
1.949999999999999956e+00 6.253999999999999753e-06
2.000000000000000000e+00 5.321999999999999190e-06
2.049999999999999822e+00 3.884000000000000421e-06
2.100000000000000089e+00 2.119999999999999608e-06
2.149999999999999911e+00 1.059999999999999963e-07
2.200000000000000178e+00 -2.164000000000000372e-06
2.250000000000000000e+00 -4.292000000000000581e-06
2.299999999999999822e+00 -6.536000000000001458e-06
2.350000000000000089e+00 -8.431999999999999906e-06
2.399999999999999911e+00 -1.008000000000000005e-05
2.450000000000000178e+00 -1.094799999999999920e-05
2.500000000000000000e+00 -1.146800000000000099e-05
2.549999999999999822e+00 -1.120200000000000049e-05
2.600000000000000089e+00 -1.025199999999999942e-05
2.649999999999999911e+00 -8.759999999999999138e-06
2.700000000000000178e+00 -6.569999999999999777e-06
2.750000000000000000e+00 -3.966000000000000653e-06
2.799999999999999822e+00 -1.154000000000000090e-06
2.850000000000000089e+00 1.756000000000000213e-06
2.899999999999999911e+00 4.833999999999999796e-06
2.950000000000000178e+00 7.673999999999999710e-06
3.000000000000000000e+00 1.025199999999999942e-05
3.049999999999999822e+00 1.236000000000000025e-05
3.100000000000000089e+00 1.384800000000000192e-05
3.149999999999999911e+00 1.450999999999999830e-05
3.200000000000000178e+00 1.433999999999999823e-05
3.250000000000000000e+00 1.347599999999999939e-05
3.299999999999999822e+00 1.170999999999999969e-05
3.350000000000000089e+00 9.360000000000000169e-06
3.399999999999999911e+00 6.418000000000000216e-06
3.450000000000000178e+00 3.217999999999999937e-06
3.500000000000000000e+00 2.199999999999999848e-08
3.549999999999999822e+00 -3.260000000000000128e-06
3.600000000000000089e+00 -6.248000000000000149e-06
3.649999999999999911e+00 -8.639999999999998593e-06
3.700000000000000178e+00 -1.055799999999999954e-05
3.750000000000000000e+00 -1.167799999999999898e-05
3.799999999999999822e+00 -1.217400000000000067e-05
3.850000000000000089e+00 -1.191999999999999938e-05
3.899999999999999911e+00 -1.108400000000000094e-05
3.950000000000000178e+00 -9.620000000000001068e-06
4.000000000000000000e+00 -7.663999999999999806e-06
4.049999999999999822e+00 -5.247999999999999559e-06
4.099999999999999645e+00 -2.367999999999999605e-06
4.150000000000000355e+00 2.040000000000000003e-07
4.200000000000000178e+00 2.915999999999999694e-06
4.250000000000000000e+00 5.127999999999999861e-06
4.299999999999999822e+00 7.140000000000000249e-06
4.349999999999999645e+00 8.601999999999999973e-06
4.400000000000000355e+00 9.361999999999999473e-06
4.450000000000000178e+00 9.598000000000001956e-06
4.500000000000000000e+00 9.171999999999999598e-06
4.549999999999999822e+00 8.168000000000000401e-06
4.599999999999999645e+00 6.800000000000000116e-06
4.650000000000000355e+00 5.178000000000000229e-06
4.700000000000000178e+00 3.436000000000000221e-06
4.750000000000000000e+00 1.481999999999999956e-06
4.799999999999999822e+00 -3.839999999999999445e-07
4.849999999999999645e+00 -2.206000000000000139e-06
4.900000000000000355e+00 -3.754000000000000396e-06
4.950000000000000178e+00 -5.050000000000000777e-06
5.000000000000000000e+00 -5.932000000000000125e-06
