-54.35 -4.17 0.00
-54.30 -4.12 0.00
-54.25 -4.08 0.00
-54.20 -4.06 0.00
-54.15 -4.06 0.00
-54.10 -4.08 0.00
-54.05 -4.12 0.00
-54.00 -4.15 0.00
-53.95 -4.19 0.00
-53.90 -4.21 0.00
-53.85 -4.22 0.00
-53.80 -4.21 0.00
-53.75 -4.18 0.00
-53.70 -4.15 0.00
-53.65 -4.12 0.00
-53.60 -4.09 0.00
-53.55 -4.08 0.00
-53.50 -4.09 0.00
-53.45 -4.11 0.00
-53.40 -4.15 0.00
-53.35 -4.19 0.00
-53.30 -4.23 0.00
-53.25 -4.26 0.00
-53.20 -4.27 0.00
-53.15 -4.27 0.00
-53.10 -4.24 0.00
-53.05 -4.20 0.00
-53.00 -4.16 0.00
-52.95 -4.13 0.00
-52.90 -4.11 0.00
-52.85 -4.12 0.00
-52.80 -4.15 0.00
-52.75 -4.19 0.00
-52.70 -4.23 0.00
-52.65 -4.26 0.00
-52.60 -4.28 0.00
-52.55 -4.27 0.00
-52.50 -4.23 0.00
-52.45 -4.18 0.00
-52.40 -4.14 0.00
-52.35 -4.10 0.00
-52.30 -4.07 0.00
-52.25 -4.07 0.00
-52.20 -4.08 0.00
-52.15 -4.11 0.00
-52.10 -4.14 0.00
-52.05 -4.17 0.00
-52.00 -4.18 0.00
-51.95 -4.18 0.00
-51.90 -4.17 0.00
-51.85 -4.14 0.00
-51.80 -4.11 0.00
-51.75 -4.07 0.00
-51.70 -4.05 0.00
-51.65 -4.04 0.00
-51.60 -4.05 0.00
-51.55 -4.07 0.00
-51.50 -4.10 0.00
-51.45 -4.13 0.00
-51.40 -4.16 0.00
-51.35 -4.17 0.00
-51.30 -4.17 0.00
-51.25 -4.16 0.00
-51.20 -4.13 0.00
-51.15 -4.10 0.00
-51.10 -4.07 0.00
-51.05 -4.05 0.00
-51.00 -4.05 0.00
-50.95 -4.07 0.00
-50.90 -4.10 0.00
-50.85 -4.13 0.00
-50.80 -4.16 0.00
-50.75 -4.18 0.00
-50.70 -4.18 0.00
-50.65 -4.17 0.00
-50.60 -4.14 0.00
-50.55 -4.10 0.00
-50.50 -4.07 0.00
-50.45 -4.05 0.00
-50.40 -4.05 0.00
-50.35 -4.06 0.00
-50.30 -4.09 0.00
-50.25 -4.12 0.00
-50.20 -4.15 0.00
-50.15 -4.17 0.00
-50.10 -4.17 0.00
-50.05 -4.16 0.00
-50.00 -4.13 0.00
-49.95 -4.09 0.00
-49.90 -4.06 0.00
-49.85 -4.04 0.00
-49.80 -4.04 0.00
-49.75 -4.05 0.00
-49.70 -4.07 0.00
-49.65 -4.10 0.00
-49.60 -4.13 0.00
-49.55 -4.15 0.00
-49.50 -4.16 0.00
-49.45 -4.14 0.00
-49.40 -4.11 0.00
-49.35 -4.08 0.00
-49.30 -4.04 0.00
-49.25 -4.02 0.00
-49.20 -4.02 0.00
-49.15 -4.03 0.00
-49.10 -4.06 0.00
-49.05 -4.09 0.00
-49.00 -4.12 0.00
-48.95 -4.15 0.00
-48.90 -4.15 0.00
-48.85 -4.15 0.00
-48.80 -4.12 0.00
-48.75 -4.09 0.00
-48.70 -4.06 0.00
-48.65 -4.04 0.00
-48.60 -4.04 0.00
-48.55 -4.05 0.00
-48.50 -4.07 0.00
-48.45 -4.11 0.00
-48.40 -4.15 0.00
-48.35 -4.18 0.00
-48.30 -4.20 0.00
-48.25 -4.20 0.00
-48.20 -4.18 0.00
-48.15 -4.15 0.00
-48.10 -4.11 0.00
-48.05 -4.08 0.00
-48.00 -4.06 0.00
-47.95 -4.07 0.00
-47.90 -4.09 0.00
-47.85 -4.12 0.00
-47.80 -4.16 0.00
-47.75 -4.20 0.00
-47.70 -4.23 0.00
-47.65 -4.23 0.00
-47.60 -4.22 0.00
-47.55 -4.19 0.00
-47.50 -4.15 0.00
-47.45 -4.11 0.00
-47.40 -4.08 0.00
-47.35 -4.07 0.00
-47.30 -4.08 0.00
-47.25 -4.11 0.00
-47.20 -4.15 0.00
-47.15 -4.19 0.00
-47.10 -4.22 0.00
-47.05 -4.24 0.00
-47.00 -4.24 0.00
-46.95 -4.22 0.00
-46.90 -4.18 0.00
-46.85 -4.14 0.00
-46.80 -4.10 0.00
-46.75 -4.08 0.00
-46.70 -4.08 0.00
-46.65 -4.10 0.00
-46.60 -4.13 0.00
-46.55 -4.18 0.00
-46.50 -4.22 0.00
-46.45 -4.25 0.00
-46.40 -4.26 0.00
-46.35 -4.25 0.00
-46.30 -4.23 0.00
-46.25 -4.19 0.00
-46.20 -4.14 0.00
-46.15 -4.11 0.00
-46.10 -4.09 0.00
-46.05 -4.10 0.00
-46.00 -4.12 0.00
-45.95 -4.16 0.00
-45.90 -4.20 0.00
-45.85 -4.24 0.00
-45.80 -4.27 0.00
-45.75 -4.28 0.00
-45.70 -4.27 0.00
-45.65 -4.24 0.00
-45.60 -4.19 0.00
-45.55 -4.15 0.00
-45.50 -4.12 0.00
-45.45 -4.10 0.00
-45.40 -4.11 0.00
-45.35 -4.14 0.00
-45.30 -4.18 0.00
-45.25 -4.22 0.00
-45.20 -4.26 0.00
-45.15 -4.28 0.00
-45.10 -4.29 0.00
-45.05 -4.27 0.00
-45.00 -4.23 0.00
-44.95 -4.19 0.00
-44.90 -4.15 0.00
-44.85 -4.12 0.00
-44.80 -4.10 0.00
-44.75 -4.11 0.00
-44.70 -4.14 0.00
-44.65 -4.18 0.00
-44.60 -4.23 0.00
-44.55 -4.26 0.00
-44.50 -4.28 0.00
-44.45 -4.28 0.00
-44.40 -4.26 0.00
-44.35 -4.22 0.00
-44.30 -4.17 0.00
-44.25 -4.13 0.00
-44.20 -4.11 0.00
-44.15 -4.10 0.00
-44.10 -4.11 0.00
-44.05 -4.14 0.00
-44.00 -4.18 0.00
-43.95 -4.23 0.00
-43.90 -4.26 0.00
-43.85 -4.27 0.00
-43.80 -4.27 0.00
-43.75 -4.25 0.00
-43.70 -4.21 0.00
-43.65 -4.17 0.00
-43.60 -4.13 0.00
-43.55 -4.11 0.00
-43.50 -4.10 0.00
-43.45 -4.12 0.00
-43.40 -4.15 0.00
-43.35 -4.19 0.00
-43.30 -4.23 0.00
-43.25 -4.26 0.00
-43.20 -4.27 0.00
-43.15 -4.26 0.00
-43.10 -4.24 0.00
-43.05 -4.20 0.00
-43.00 -4.15 0.00
-42.95 -4.12 0.00
-42.90 -4.10 0.00
-42.85 -4.09 0.00
-42.80 -4.11 0.00
-42.75 -4.14 0.00
-42.70 -4.18 0.00
-42.65 -4.22 0.00
-42.60 -4.24 0.00
-42.55 -4.24 0.00
-42.50 -4.23 0.00
-42.45 -4.20 0.00
-42.40 -4.16 0.00
-42.35 -4.12 0.00
-42.30 -4.09 0.00
-42.25 -4.07 0.00
-42.20 -4.07 0.00
-42.15 -4.09 0.00
-42.10 -4.13 0.00
-42.05 -4.16 0.00
-42.00 -4.19 0.00
-41.95 -4.20 0.00
-41.90 -4.20 0.00
-41.85 -4.18 0.00
-41.80 -4.15 0.00
-41.75 -4.11 0.00
-41.70 -4.08 0.00
-41.65 -4.06 0.00
-41.60 -4.05 0.00
-41.55 -4.06 0.00
-41.50 -4.09 0.00
-41.45 -4.12 0.00
-41.40 -4.15 0.00
-41.35 -4.17 0.00
-41.30 -4.18 0.00
-41.25 -4.17 0.00
-41.20 -4.14 0.00
-41.15 -4.11 0.00
-41.10 -4.07 0.00
-41.05 -4.05 0.00
-41.00 -4.04 0.00
-40.95 -4.04 0.00
-40.90 -4.06 0.00
-40.85 -4.09 0.00
-40.80 -4.12 0.00
-40.75 -4.14 0.00
-40.70 -4.14 0.00
-40.65 -4.14 0.00
-40.60 -4.11 0.00
-40.55 -4.08 0.00
-40.50 -4.05 0.00
-40.45 -4.03 0.00
-40.40 -4.02 0.00
-40.35 -4.03 0.00
-40.30 -4.04 0.00
-40.25 -4.07 0.00
-40.20 -4.09 0.00
-40.15 -4.11 0.00
-40.10 -4.11 0.00
-40.05 -4.11 0.00
-40.00 -4.08 0.00
-39.95 -4.06 0.00
-39.90 -4.03 0.00
-39.85 -4.01 0.00
-39.80 -4.01 0.00
-39.75 -4.02 0.00
-39.70 -4.03 0.00
-39.65 -4.06 0.00
-39.60 -4.08 0.00
-39.55 -4.10 0.00
-39.50 -4.10 0.00
-39.45 -4.09 0.00
-39.40 -4.07 0.00
-39.35 -4.05 0.00
-39.30 -4.02 0.00
-39.25 -4.01 0.00
-39.20 -4.01 0.00
-39.15 -4.02 0.00
-39.10 -4.05 0.00
-39.05 -4.08 0.00
-39.00 -4.11 0.00
-38.95 -4.12 0.00
-38.90 -4.13 0.00
-38.85 -4.12 0.00
-38.80 -4.09 0.00
-38.75 -4.06 0.00
-38.70 -4.04 0.00
-38.65 -4.02 0.00
-38.60 -4.02 0.00
-38.55 -4.04 0.00
-38.50 -4.07 0.00
-38.45 -4.11 0.00
-38.40 -4.14 0.00
-38.35 -4.17 0.00
-38.30 -4.18 0.00
-38.25 -4.17 0.00
-38.20 -4.15 0.00
-38.15 -4.11 0.00
-38.10 -4.08 0.00
-38.05 -4.06 0.00
-38.00 -4.05 0.00
-37.95 -4.06 0.00
-37.90 -4.09 0.00
-37.85 -4.13 0.00
-37.80 -4.18 0.00
-37.75 -4.21 0.00
-37.70 -4.23 0.00
-37.65 -4.23 0.00
-37.60 -4.21 0.00
-37.55 -4.18 0.00
-37.50 -4.14 0.00
-37.45 -4.10 0.00
-37.40 -4.08 0.00
-37.35 -4.08 0.00
-37.30 -4.10 0.00
-37.25 -4.13 0.00
-37.20 -4.18 0.00
-37.15 -4.22 0.00
-37.10 -4.25 0.00
-37.05 -4.26 0.00
-37.00 -4.26 0.00
-36.95 -4.23 0.00
-36.90 -4.19 0.00
-36.85 -4.15 0.00
-36.80 -4.11 0.00
-36.75 -4.09 0.00
-36.70 -4.10 0.00
-36.65 -4.12 0.00
-36.60 -4.16 0.00
-36.55 -4.20 0.00
-36.50 -4.24 0.00
-36.45 -4.27 0.00
-36.40 -4.28 0.00
-36.35 -4.27 0.00
-36.30 -4.24 0.00
-36.25 -4.20 0.00
-36.20 -4.16 0.00
-36.15 -4.12 0.00
-36.10 -4.10 0.00
-36.05 -4.11 0.00
-36.00 -4.13 0.00
-35.95 -4.17 0.00
-35.90 -4.22 0.00
-35.85 -4.26 0.00
-35.80 -4.28 0.00
-35.75 -4.29 0.00
-35.70 -4.28 0.00
-35.65 -4.24 0.00
-35.60 -4.20 0.00
-35.55 -4.16 0.00
-35.50 -4.12 0.00
-35.45 -4.11 0.00
-35.40 -4.12 0.00
-35.35 -4.15 0.00
-35.30 -4.19 0.00
-35.25 -4.23 0.00
-35.20 -4.27 0.00
-35.15 -4.29 0.00
-35.10 -4.30 0.00
-35.05 -4.28 0.00
-35.00 -4.25 0.00
-34.95 -4.20 0.00
-34.90 -4.16 0.00
-34.85 -4.13 0.00
-34.80 -4.12 0.00
-34.75 -4.13 0.00
-34.70 -4.15 0.00
-34.65 -4.20 0.00
-34.60 -4.24 0.00
-34.55 -4.28 0.00
-34.50 -4.30 0.00
-34.45 -4.31 0.00
-34.40 -4.29 0.00
-34.35 -4.25 0.00
-34.30 -4.21 0.00
-34.25 -4.16 0.00
-34.20 -4.13 0.00
-34.15 -4.12 0.00
-34.10 -4.13 0.00
-34.05 -4.16 0.00
-34.00 -4.20 0.00
-33.95 -4.24 0.00
-33.90 -4.28 0.00
-33.85 -4.31 0.00
-33.80 -4.31 0.00
-33.75 -4.29 0.00
-33.70 -4.25 0.00
-33.65 -4.21 0.00
-33.60 -4.17 0.00
-33.55 -4.13 0.00
-33.50 -4.12 0.00
-33.45 -4.12 0.00
-33.40 -4.15 0.00
-33.35 -4.19 0.00
-33.30 -4.24 0.00
-33.25 -4.27 0.00
-33.20 -4.30 0.00
-33.15 -4.30 0.00
-33.10 -4.28 0.00
-33.05 -4.25 0.00
-33.00 -4.20 0.00
-32.95 -4.16 0.00
-32.90 -4.12 0.00
-32.85 -4.10 0.00
-32.80 -4.11 0.00
-32.75 -4.13 0.00
-32.70 -4.17 0.00
-32.65 -4.21 0.00
-32.60 -4.24 0.00
-32.55 -4.26 0.00
-32.50 -4.26 0.00
-32.45 -4.24 0.00
-32.40 -4.21 0.00
-32.35 -4.17 0.00
-32.30 -4.12 0.00
-32.25 -4.09 0.00
-32.20 -4.08 0.00
-32.15 -4.08 0.00
-32.10 -4.10 0.00
-32.05 -4.13 0.00
-32.00 -4.17 0.00
-31.95 -4.20 0.00
-31.90 -4.21 0.00
-31.85 -4.21 0.00
-31.80 -4.18 0.00
-31.75 -4.15 0.00
-31.70 -4.11 0.00
-31.65 -4.07 0.00
-31.60 -4.05 0.00
-31.55 -4.04 0.00
-31.50 -4.05 0.00
-31.45 -4.07 0.00
-31.40 -4.10 0.00
-31.35 -4.13 0.00
-31.30 -4.14 0.00
-31.25 -4.15 0.00
-31.20 -4.14 0.00
-31.15 -4.11 0.00
-31.10 -4.08 0.00
-31.05 -4.05 0.00
-31.00 -4.02 0.00
-30.95 -4.01 0.00
-30.90 -4.01 0.00
-30.85 -4.03 0.00
-30.80 -4.05 0.00
-30.75 -4.07 0.00
-30.70 -4.09 0.00
-30.65 -4.09 0.00
-30.60 -4.08 0.00
-30.55 -4.06 0.00
-30.50 -4.04 0.00
-30.45 -4.01 0.00
-30.40 -3.99 0.00
-30.35 -3.98 0.00
-30.30 -3.99 0.00
-30.25 -4.00 0.00
-30.20 -4.01 0.00
-30.15 -4.03 0.00
-30.10 -4.04 0.00
-30.05 -4.04 0.00
-30.00 -4.03 0.00
-29.95 -4.01 0.00
-29.90 -3.99 0.00
-29.85 -3.98 0.00
-29.80 -3.97 0.00
-29.75 -3.97 0.00
-29.70 -3.98 0.00
-29.65 -3.99 0.00
-29.60 -4.00 0.00
-29.55 -4.01 0.00
-29.50 -4.01 0.00
-29.45 -4.00 0.00
-29.40 -3.99 0.00
-29.35 -3.97 0.00
-29.30 -3.96 0.00
-29.25 -3.96 0.00
-29.20 -3.97 0.00
-29.15 -3.99 0.00
-29.10 -4.02 0.00
-29.05 -4.04 0.00
-29.00 -4.06 0.00
-28.95 -4.06 0.00
-28.90 -4.06 0.00
-28.85 -4.04 0.00
-28.80 -4.02 0.00
-28.75 -4.00 0.00
-28.70 -3.99 0.00
-28.65 -3.99 0.00
-28.60 -4.01 0.00
-28.55 -4.05 0.00
-28.50 -4.09 0.00
-28.45 -4.13 0.00
-28.40 -4.16 0.00
-28.35 -4.17 0.00
-28.30 -4.17 0.00
-28.25 -4.15 0.00
-28.20 -4.11 0.00
-28.15 -4.08 0.00
-28.10 -4.06 0.00
-28.05 -4.05 0.00
-28.00 -4.06 0.00
-27.95 -4.09 0.00
-27.90 -4.13 0.00
-27.85 -4.18 0.00
-27.80 -4.22 0.00
-27.75 -4.25 0.00
-27.70 -4.26 0.00
-27.65 -4.25 0.00
-27.60 -4.22 0.00
-27.55 -4.18 0.00
-27.50 -4.14 0.00
-27.45 -4.11 0.00
-27.40 -4.10 0.00
-27.35 -4.11 0.00
-27.30 -4.13 0.00
-27.25 -4.18 0.00
-27.20 -4.22 0.00
-27.15 -4.27 0.00
-27.10 -4.29 0.00
-27.05 -4.30 0.00
-27.00 -4.29 0.00
-26.95 -4.25 0.00
-26.90 -4.21 0.00
-26.85 -4.17 0.00
-26.80 -4.13 0.00
-26.75 -4.11 0.00
-26.70 -4.12 0.00
-26.65 -4.15 0.00
-26.60 -4.19 0.00
-26.55 -4.23 0.00
-26.50 -4.27 0.00
-26.45 -4.30 0.00
-26.40 -4.31 0.00
-26.35 -4.29 0.00
-26.30 -4.26 0.00
-26.25 -4.21 0.00
-26.20 -4.17 0.00
-26.15 -4.13 0.00
-26.10 -4.12 0.00
-26.05 -4.12 0.00
-26.00 -4.15 0.00
-25.95 -4.19 0.00
-25.90 -4.23 0.00
-25.85 -4.27 0.00
-25.80 -4.30 0.00
-25.75 -4.30 0.00
-25.70 -4.29 0.00
-25.65 -4.25 0.00
-25.60 -4.21 0.00
-25.55 -4.16 0.00
-25.50 -4.13 0.00
-25.45 -4.12 0.00
-25.40 -4.13 0.00
-25.35 -4.16 0.00
-25.30 -4.20 0.00
-25.25 -4.24 0.00
-25.20 -4.28 0.00
-25.15 -4.31 0.00
-25.10 -4.31 0.00
-25.05 -4.30 0.00
-25.00 -4.26 0.00
-24.95 -4.21 0.00
-24.90 -4.17 0.00
-24.85 -4.14 0.00
-24.80 -4.13 0.00
-24.75 -4.14 0.00
-24.70 -4.17 0.00
-24.65 -4.22 0.00
-24.60 -4.26 0.00
-24.55 -4.31 0.00
-24.50 -4.33 0.00
-24.45 -4.34 0.00
-24.40 -4.32 0.00
-24.35 -4.29 0.00
-24.30 -4.24 0.00
-24.25 -4.19 0.00
-24.20 -4.16 0.00
-24.15 -4.14 0.00
-24.10 -4.15 0.00
-24.05 -4.18 0.00
-24.00 -4.22 0.00
-23.95 -4.27 0.00
-23.90 -4.32 0.00
-23.85 -4.35 0.00
-23.80 -4.36 0.00
-23.75 -4.35 0.00
-23.70 -4.32 0.00
-23.65 -4.27 0.00
-23.60 -4.22 0.00
-23.55 -4.18 0.00
-23.50 -4.15 0.00
-23.45 -4.15 0.00
-23.40 -4.17 0.00
-23.35 -4.21 0.00
-23.30 -4.26 0.00
-23.25 -4.31 0.00
-23.20 -4.34 0.00
-23.15 -4.36 0.00
-23.10 -4.35 0.00
-23.05 -4.33 0.00
-23.00 -4.28 0.00
-22.95 -4.23 0.00
-22.90 -4.18 0.00
-22.85 -4.15 0.00
-22.80 -4.13 0.00
-22.75 -4.14 0.00
-22.70 -4.17 0.00
-22.65 -4.21 0.00
-22.60 -4.25 0.00
-22.55 -4.29 0.00
-22.50 -4.32 0.00
-22.45 -4.32 0.00
-22.40 -4.29 0.00
-22.35 -4.25 0.00
-22.30 -4.20 0.00
-22.25 -4.15 0.00
-22.20 -4.11 0.00
-22.15 -4.08 0.00
-22.10 -4.08 0.00
-22.05 -4.10 0.00
-22.00 -4.13 0.00
-21.95 -4.17 0.00
-21.90 -4.20 0.00
-21.85 -4.23 0.00
-21.80 -4.23 0.00
-21.75 -4.21 0.00
-21.70 -4.17 0.00
-21.65 -4.13 0.00
-21.60 -4.08 0.00
-21.55 -4.04 0.00
-21.50 -4.01 0.00
-21.45 -4.01 0.00
-21.40 -4.02 0.00
-21.35 -4.04 0.00
-21.30 -4.07 0.00
-21.25 -4.10 0.00
-21.20 -4.11 0.00
-21.15 -4.11 0.00
-21.10 -4.09 0.00
-21.05 -4.06 0.00
-21.00 -4.02 0.00
-20.95 -3.99 0.00
-20.90 -3.96 0.00
-20.85 -3.95 0.00
-20.80 -3.95 0.00
-20.75 -3.96 0.00
-20.70 -3.99 0.00
-20.65 -4.01 0.00
-20.60 -4.02 0.00
-20.55 -4.02 0.00
-20.50 -4.01 0.00
-20.45 -3.99 0.00
-20.40 -3.96 0.00
-20.35 -3.93 0.00
-20.30 -3.91 0.00
-20.25 -3.90 0.00
-20.20 -3.89 0.00
-20.15 -3.89 0.00
-20.10 -3.90 0.00
-20.05 -3.91 0.00
-20.00 -3.92 0.00
-19.95 -3.92 0.00
-19.90 -3.91 0.00
-19.85 -3.90 0.00
-19.80 -3.89 0.00
-19.75 -3.88 0.00
-19.70 -3.86 0.00
-19.65 -3.84 0.00
-19.60 -3.83 0.00
-19.55 -3.81 0.00
-19.50 -3.81 0.00
-19.45 -3.81 0.00
-19.40 -3.82 0.00
-19.35 -3.83 0.00
-19.30 -3.86 0.00
-19.25 -3.89 0.00
-19.20 -3.92 0.00
-19.15 -3.95 0.00
-19.10 -3.97 0.00
-19.05 -3.97 0.00
-19.00 -3.97 0.00
-18.95 -3.95 0.00
-18.90 -3.93 0.00
-18.85 -3.91 0.00
-18.80 -3.91 0.00
-18.75 -3.93 0.00
-18.70 -3.97 0.00
-18.65 -4.02 0.00
-18.60 -4.07 0.00
-18.55 -4.13 0.00
-18.50 -4.18 0.00
-18.45 -4.21 0.00
-18.40 -4.22 0.00
-18.35 -4.21 0.00
-18.30 -4.18 0.00
-18.25 -4.14 0.00
-18.20 -4.11 0.00
-18.15 -4.08 0.00
-18.10 -4.08 0.00
-18.05 -4.10 0.00
-18.00 -4.14 0.00
-17.95 -4.19 0.00
-17.90 -4.24 0.00
-17.85 -4.29 0.00
-17.80 -4.33 0.00
-17.75 -4.35 0.00
-17.70 -4.34 0.00
-17.65 -4.31 0.00
-17.60 -4.27 0.00
-17.55 -4.22 0.00
-17.50 -4.17 0.00
-17.45 -4.15 0.00
-17.40 -4.15 0.00
-17.35 -4.17 0.00
-17.30 -4.21 0.00
-17.25 -4.26 0.00
-17.20 -4.31 0.00
-17.15 -4.35 0.00
-17.10 -4.37 0.00
-17.05 -4.37 0.00
-17.00 -4.35 0.00
-16.95 -4.30 0.00
-16.90 -4.25 0.00
-16.85 -4.20 0.00
-16.80 -4.16 0.00
-16.75 -4.15 0.00
-16.70 -4.15 0.00
-16.65 -4.18 0.00
-16.60 -4.22 0.00
-16.55 -4.26 0.00
-16.50 -4.31 0.00
-16.45 -4.33 0.00
-16.40 -4.34 0.00
-16.35 -4.32 0.00
-16.30 -4.28 0.00
-16.25 -4.23 0.00
-16.20 -4.18 0.00
-16.15 -4.14 0.00
-16.10 -4.12 0.00
-16.05 -4.12 0.00
-16.00 -4.14 0.00
-15.95 -4.18 0.00
-15.90 -4.22 0.00
-15.85 -4.26 0.00
-15.80 -4.29 0.00
-15.75 -4.29 0.00
-15.70 -4.27 0.00
-15.65 -4.23 0.00
-15.60 -4.19 0.00
-15.55 -4.15 0.00
-15.50 -4.12 0.00
-15.45 -4.11 0.00
-15.40 -4.12 0.00
-15.35 -4.15 0.00
-15.30 -4.20 0.00
-15.25 -4.24 0.00
-15.20 -4.28 0.00
-15.15 -4.30 0.00
-15.10 -4.30 0.00
-15.05 -4.28 0.00
-15.00 -4.24 0.00
-14.95 -4.20 0.00
-14.90 -4.16 0.00
-14.85 -4.14 0.00
-14.80 -4.14 0.00
-14.75 -4.16 0.00
-14.70 -4.20 0.00
-14.65 -4.25 0.00
-14.60 -4.31 0.00
-14.55 -4.35 0.00
-14.50 -4.38 0.00
-14.45 -4.38 0.00
-14.40 -4.36 0.00
-14.35 -4.32 0.00
-14.30 -4.27 0.00
-14.25 -4.22 0.00
-14.20 -4.19 0.00
-14.15 -4.18 0.00
-14.10 -4.19 0.00
-14.05 -4.23 0.00
-14.00 -4.28 0.00
-13.95 -4.34 0.00
-13.90 -4.39 0.00
-13.85 -4.43 0.00
-13.80 -4.45 0.00
-13.75 -4.44 0.00
-13.70 -4.41 0.00
-13.65 -4.36 0.00
-13.60 -4.30 0.00
-13.55 -4.25 0.00
-13.50 -4.22 0.00
-13.45 -4.20 0.00
-13.40 -4.22 0.00
-13.35 -4.26 0.00
-13.30 -4.31 0.00
-13.25 -4.37 0.00
-13.20 -4.42 0.00
-13.15 -4.46 0.00
-13.10 -4.47 0.00
-13.05 -4.46 0.00
-13.00 -4.42 0.00
-12.95 -4.36 0.00
-12.90 -4.30 0.00
-12.85 -4.25 0.00
-12.80 -4.21 0.00
-12.75 -4.19 0.00
-12.70 -4.20 0.00
-12.65 -4.23 0.00
-12.60 -4.29 0.00
-12.55 -4.34 0.00
-12.50 -4.40 0.00
-12.45 -4.43 0.00
-12.40 -4.44 0.00
-12.35 -4.42 0.00
-12.30 -4.38 0.00
-12.25 -4.32 0.00
-12.20 -4.25 0.00
-12.15 -4.19 0.00
-12.10 -4.14 0.00
-12.05 -4.11 0.00
-12.00 -4.11 0.00
-11.95 -4.14 0.00
-11.90 -4.19 0.00
-11.85 -4.24 0.00
-11.80 -4.29 0.00
-11.75 -4.31 0.00
-11.70 -4.31 0.00
-11.65 -4.28 0.00
-11.60 -4.23 0.00
-11.55 -4.17 0.00
-11.50 -4.09 0.00
-11.45 -4.02 0.00
-11.40 -3.96 0.00
-11.35 -3.93 0.00
-11.30 -3.92 0.00
-11.25 -3.94 0.00
-11.20 -3.98 0.00
-11.15 -4.03 0.00
-11.10 -4.06 0.00
-11.05 -4.06 0.00
-11.00 -4.05 0.00
-10.95 -4.01 0.00
-10.90 -3.95 0.00
-10.85 -3.89 0.00
-10.80 -3.83 0.00
-10.75 -3.79 0.00
-10.70 -3.77 0.00
-10.65 -3.77 0.00
-10.60 -3.79 0.00
-10.55 -3.83 0.00
-10.50 -3.86 0.00
-10.45 -3.88 0.00
-10.40 -3.87 0.00
-10.35 -3.85 0.00
-10.30 -3.81 0.00
-10.25 -3.76 0.00
-10.20 -3.72 0.00
-10.15 -3.69 0.00
-10.10 -3.67 0.00
-10.05 -3.69 0.00
-10.00 -3.71 0.00
-9.95 -3.75 0.00
-9.90 -3.77 0.00
-9.85 -3.77 0.00
-9.80 -3.74 0.00
-9.75 -3.68 0.00
-9.70 -3.59 0.00
-9.65 -3.49 0.00
-9.60 -3.41 0.00
-9.55 -3.40 0.00
-9.50 -3.48 0.00
-9.45 -3.61 0.00
-9.40 -3.74 0.00
-9.35 -3.86 0.00
-9.30 -3.96 0.00
-9.25 -4.04 0.00
-9.20 -4.08 0.00
-9.15 -4.09 0.00
-9.10 -4.06 0.00
-9.05 -4.02 0.00
-9.00 -3.97 0.00
-8.95 -3.94 0.00
-8.90 -3.95 0.00
-8.85 -4.00 0.00
-8.80 -4.07 0.00
-8.75 -4.15 0.00
-8.70 -4.24 0.00
-8.65 -4.32 0.00
-8.60 -4.39 0.00
-8.55 -4.44 0.00
-8.50 -4.46 0.00
-8.45 -4.46 0.00
-8.40 -4.43 0.00
-8.35 -4.37 0.00
-8.30 -4.31 0.00
-8.25 -4.26 0.00
-8.20 -4.22 0.00
-8.15 -4.22 0.00
-8.10 -4.24 0.00
-8.05 -4.28 0.00
-8.00 -4.34 0.00
-7.95 -4.40 0.00
-7.90 -4.46 0.00
-7.85 -4.50 0.00
-7.80 -4.53 0.00
-7.75 -4.52 0.00
-7.70 -4.49 0.00
-7.65 -4.44 0.00
-7.60 -4.38 0.00
-7.55 -4.32 0.00
-7.50 -4.28 0.00
-7.45 -4.25 0.00
-7.40 -4.25 0.00
-7.35 -4.28 0.00
-7.30 -4.32 0.00
-7.25 -4.37 0.00
-7.20 -4.42 0.00
-7.15 -4.46 0.00
-7.10 -4.48 0.00
-7.05 -4.48 0.00
-7.00 -4.45 0.00
-6.95 -4.41 0.00
-6.90 -4.35 0.00
-6.85 -4.28 0.00
-6.80 -4.23 0.00
-6.75 -4.19 0.00
-6.70 -4.18 0.00
-6.65 -4.19 0.00
-6.60 -4.23 0.00
-6.55 -4.27 0.00
-6.50 -4.31 0.00
-6.45 -4.34 0.00
-6.40 -4.35 0.00
-6.35 -4.33 0.00
-6.30 -4.30 0.00
-6.25 -4.25 0.00
-6.20 -4.19 0.00
-6.15 -4.14 0.00
-6.10 -4.09 0.00
-6.05 -4.07 0.00
-6.00 -4.06 0.00
-5.95 -4.07 0.00
-5.90 -4.10 0.00
-5.85 -4.12 0.00
-5.80 -4.14 0.00
-5.75 -4.14 0.00
-5.70 -4.13 0.00
-5.65 -4.10 0.00
-5.60 -4.07 0.00
-5.55 -4.05 0.00
-5.50 -4.05 0.00
-5.45 -4.06 0.00
-5.40 -4.09 0.00
-5.35 -4.12 0.00
-5.30 -4.17 0.00
-5.25 -4.20 0.00
-5.20 -4.23 0.00
-5.15 -4.23 0.00
-5.10 -4.21 0.00
-5.05 -4.18 0.00
-5.00 -4.15 0.00
-4.95 -4.12 0.00
-4.90 -4.12 0.00
-4.85 -4.14 0.00
-4.80 -4.19 0.00
-4.75 -4.24 0.00
-4.70 -4.31 0.00
-4.65 -4.37 0.00
-4.60 -4.42 0.00
-4.55 -4.46 0.00
-4.50 -4.47 0.00
-4.45 -4.45 0.00
-4.40 -4.41 0.00
-4.35 -4.36 0.00
-4.30 -4.31 0.00
-4.25 -4.27 0.00
-4.20 -4.25 0.00
-4.15 -4.26 0.00
-4.10 -4.30 0.00
-4.05 -4.35 0.00
-4.00 -4.42 0.00
-3.95 -4.48 0.00
-3.90 -4.54 0.00
-3.85 -4.58 0.00
-3.80 -4.59 0.00
-3.75 -4.57 0.00
-3.70 -4.53 0.00
-3.65 -4.48 0.00
-3.60 -4.42 0.00
-3.55 -4.36 0.00
-3.50 -4.32 0.00
-3.45 -4.31 0.00
-3.40 -4.32 0.00
-3.35 -4.37 0.00
-3.30 -4.42 0.00
-3.25 -4.49 0.00
-3.20 -4.55 0.00
-3.15 -4.60 0.00
-3.10 -4.63 0.00
-3.05 -4.63 0.00
-3.00 -4.61 0.00
-2.95 -4.56 0.00
-2.90 -4.49 0.00
-2.85 -4.43 0.00
-2.80 -4.37 0.00
-2.75 -4.33 0.00
-2.70 -4.31 0.00
-2.65 -4.33 0.00
-2.60 -4.37 0.00
-2.55 -4.43 0.00
-2.50 -4.50 0.00
-2.45 -4.57 0.00
-2.40 -4.62 0.00
-2.35 -4.65 0.00
-2.30 -4.64 0.00
-2.25 -4.61 0.00
-2.20 -4.55 0.00
-2.15 -4.48 0.00
-2.10 -4.41 0.00
-2.05 -4.34 0.00
-2.00 -4.30 0.00
-1.95 -4.27 0.00
-1.90 -4.28 0.00
-1.85 -4.32 0.00
-1.80 -4.39 0.00
-1.75 -4.47 0.00
-1.70 -4.55 0.00
-1.65 -4.60 0.00
-1.60 -4.63 0.00
-1.55 -4.61 0.00
-1.50 -4.57 0.00
-1.45 -4.51 0.00
-1.40 -4.43 0.00
-1.35 -4.35 0.00
-1.30 -4.27 0.00
-1.25 -4.19 0.00
-1.20 -4.14 0.00
-1.15 -4.12 0.00
-1.10 -4.15 0.00
-1.05 -4.22 0.00
-1.00 -4.31 0.00
-0.95 -4.41 0.00
-0.90 -4.47 0.00
-0.85 -4.49 0.00
-0.80 -4.47 0.00
-0.75 -4.41 0.00
-0.70 -4.35 0.00
-0.65 -4.27 0.00
-0.60 -4.19 0.00
-0.55 -4.11 0.00
-0.50 -4.03 0.00
-0.45 -3.94 0.00
-0.40 -3.83 0.00
-0.35 -3.69 0.00
-0.30 -3.48 0.00
-0.25 -3.17 0.00
-0.20 -2.75 0.00
-0.15 -2.28 0.00
-0.10 -1.95 0.00
-0.05 -1.94 0.00
-0.00 -2.26 0.00
0.05 -2.79 0.00
0.10 -3.32 0.00
0.15 -3.77 0.00
0.20 -4.11 0.00
0.25 -4.31 0.00
0.30 -4.42 0.00
0.35 -4.49 0.00
0.40 -4.55 0.00
0.45 -4.61 0.00
0.50 -4.68 0.00
0.55 -4.75 0.00
0.60 -4.82 0.00
0.65 -4.88 0.00
0.70 -4.90 0.00
0.75 -4.88 0.00
0.80 -4.80 0.00
0.85 -4.69 0.00
0.90 -4.57 0.00
0.95 -4.47 0.00
1.00 -4.42 0.00
1.05 -4.41 0.00
1.10 -4.44 0.00
1.15 -4.49 0.00
1.20 -4.56 0.00
1.25 -4.63 0.00
1.30 -4.70 0.00
1.35 -4.76 0.00
1.40 -4.80 0.00
1.45 -4.82 0.00
1.50 -4.80 0.00
1.55 -4.75 0.00
1.60 -4.68 0.00
1.65 -4.60 0.00
1.70 -4.53 0.00
1.75 -4.47 0.00
1.80 -4.44 0.00
1.85 -4.44 0.00
1.90 -4.47 0.00
1.95 -4.51 0.00
2.00 -4.57 0.00
2.05 -4.63 0.00
2.10 -4.69 0.00
2.15 -4.73 0.00
2.20 -4.75 0.00
2.25 -4.74 0.00
2.30 -4.71 0.00
2.35 -4.65 0.00
2.40 -4.59 0.00
2.45 -4.52 0.00
2.50 -4.47 0.00
2.55 -4.43 0.00
2.60 -4.41 0.00
2.65 -4.42 0.00
2.70 -4.45 0.00
2.75 -4.50 0.00
2.80 -4.56 0.00
2.85 -4.61 0.00
2.90 -4.65 0.00
2.95 -4.67 0.00
3.00 -4.67 0.00
3.05 -4.64 0.00
3.10 -4.59 0.00
3.15 -4.53 0.00
3.20 -4.46 0.00
3.25 -4.40 0.00
3.30 -4.34 0.00
3.35 -4.31 0.00
3.40 -4.30 0.00
3.45 -4.31 0.00
3.50 -4.34 0.00
3.55 -4.39 0.00
3.60 -4.44 0.00
3.65 -4.47 0.00
3.70 -4.49 0.00
3.75 -4.48 0.00
3.80 -4.44 0.00
3.85 -4.38 0.00
3.90 -4.29 0.00
3.95 -4.19 0.00
4.00 -4.08 0.00
4.05 -3.95 0.00
4.10 -3.82 0.00
4.15 -3.74 0.00
4.20 -3.76 0.00
4.25 -3.86 0.00
4.30 -4.00 0.00
4.35 -4.14 0.00
4.40 -4.26 0.00
4.45 -4.35 0.00
4.50 -4.42 0.00
4.55 -4.48 0.00
4.60 -4.51 0.00
4.65 -4.51 0.00
4.70 -4.49 0.00
4.75 -4.45 0.00
4.80 -4.40 0.00
4.85 -4.35 0.00
4.90 -4.32 0.00
4.95 -4.32 0.00
5.00 -4.35 0.00
5.05 -4.40 0.00
5.10 -4.47 0.00
5.15 -4.54 0.00
5.20 -4.61 0.00
5.25 -4.67 0.00
5.30 -4.72 0.00
5.35 -4.75 0.00
5.40 -4.76 0.00
5.45 -4.74 0.00
5.50 -4.69 0.00
5.55 -4.63 0.00
5.60 -4.56 0.00
5.65 -4.50 0.00
5.70 -4.46 0.00
5.75 -4.45 0.00
5.80 -4.46 0.00
5.85 -4.50 0.00
5.90 -4.56 0.00
5.95 -4.62 0.00
6.00 -4.68 0.00
6.05 -4.74 0.00
6.10 -4.78 0.00
6.15 -4.79 0.00
6.20 -4.78 0.00
6.25 -4.74 0.00
6.30 -4.69 0.00
6.35 -4.62 0.00
6.40 -4.55 0.00
6.45 -4.50 0.00
6.50 -4.47 0.00
6.55 -4.46 0.00
6.60 -4.48 0.00
6.65 -4.53 0.00
6.70 -4.59 0.00
6.75 -4.65 0.00
6.80 -4.72 0.00
6.85 -4.77 0.00
6.90 -4.80 0.00
6.95 -4.81 0.00
7.00 -4.78 0.00
7.05 -4.74 0.00
7.10 -4.68 0.00
7.15 -4.61 0.00
7.20 -4.55 0.00
7.25 -4.50 0.00
7.30 -4.47 0.00
7.35 -4.47 0.00
7.40 -4.49 0.00
7.45 -4.54 0.00
7.50 -4.61 0.00
7.55 -4.68 0.00
7.60 -4.75 0.00
7.65 -4.80 0.00
7.70 -4.83 0.00
7.75 -4.83 0.00
7.80 -4.80 0.00
7.85 -4.75 0.00
7.90 -4.69 0.00
7.95 -4.62 0.00
8.00 -4.56 0.00
8.05 -4.51 0.00
8.10 -4.48 0.00
8.15 -4.48 0.00
8.20 -4.50 0.00
8.25 -4.56 0.00
8.30 -4.63 0.00
8.35 -4.71 0.00
8.40 -4.79 0.00
8.45 -4.85 0.00
8.50 -4.89 0.00
8.55 -4.89 0.00
8.60 -4.86 0.00
8.65 -4.82 0.00
8.70 -4.76 0.00
8.75 -4.69 0.00
8.80 -4.63 0.00
8.85 -4.58 0.00
8.90 -4.54 0.00
8.95 -4.53 0.00
9.00 -4.54 0.00
9.05 -4.59 0.00
9.10 -4.66 0.00
9.15 -4.75 0.00
9.20 -4.85 0.00
9.25 -4.93 0.00
9.30 -4.98 0.00
9.35 -5.00 0.00
9.40 -4.98 0.00
9.45 -4.94 0.00
9.50 -4.88 0.00
9.55 -4.81 0.00
9.60 -4.74 0.00
9.65 -4.67 0.00
9.70 -4.60 0.00
9.75 -4.54 0.00
9.80 -4.49 0.00
9.85 -4.46 0.00
9.90 -4.45 0.00
9.95 -4.48 0.00
10.00 -4.53 0.00
10.05 -4.58 0.00
10.10 -4.61 0.00
10.15 -4.60 0.00
10.20 -4.56 0.00
10.25 -4.52 0.00
10.30 -4.47 0.00
10.35 -4.44 0.00
10.40 -4.43 0.00
10.45 -4.44 0.00
10.50 -4.48 0.00
10.55 -4.53 0.00
10.60 -4.58 0.00
10.65 -4.63 0.00
10.70 -4.65 0.00
10.75 -4.64 0.00
10.80 -4.60 0.00
10.85 -4.53 0.00
10.90 -4.46 0.00
10.95 -4.40 0.00
11.00 -4.38 0.00
11.05 -4.40 0.00
11.10 -4.44 0.00
11.15 -4.51 0.00
11.20 -4.59 0.00
11.25 -4.67 0.00
11.30 -4.75 0.00
11.35 -4.82 0.00
11.40 -4.88 0.00
11.45 -4.91 0.00
11.50 -4.92 0.00
11.55 -4.89 0.00
11.60 -4.84 0.00
11.65 -4.77 0.00
11.70 -4.70 0.00
11.75 -4.64 0.00
11.80 -4.59 0.00
11.85 -4.57 0.00
11.90 -4.58 0.00
11.95 -4.61 0.00
12.00 -4.66 0.00
12.05 -4.72 0.00
12.10 -4.78 0.00
12.15 -4.85 0.00
12.20 -4.89 0.00
12.25 -4.93 0.00
12.30 -4.93 0.00
12.35 -4.92 0.00
12.40 -4.88 0.00
12.45 -4.83 0.00
12.50 -4.78 0.00
12.55 -4.72 0.00
12.60 -4.68 0.00
12.65 -4.65 0.00
12.70 -4.65 0.00
12.75 -4.66 0.00
12.80 -4.70 0.00
12.85 -4.75 0.00
12.90 -4.81 0.00
12.95 -4.88 0.00
13.00 -4.94 0.00
13.05 -4.98 0.00
13.10 -5.01 0.00
13.15 -5.02 0.00
13.20 -5.01 0.00
13.25 -4.99 0.00
13.30 -4.96 0.00
13.35 -4.94 0.00
13.40 -4.92 0.00
13.45 -4.90 0.00
13.50 -4.91 0.00
13.55 -4.93 0.00
13.60 -4.96 0.00
13.65 -5.01 0.00
13.70 -5.07 0.00
13.75 -5.14 0.00
13.80 -5.21 0.00
13.85 -5.26 0.00
13.90 -5.30 0.00
13.95 -5.32 0.00
14.00 -5.33 0.00
14.05 -5.33 0.00
14.10 -5.33 0.00
14.15 -5.34 0.00
14.20 -5.36 0.00
14.25 -5.38 0.00
14.30 -5.41 0.00
14.35 -5.44 0.00
14.40 -5.46 0.00
14.45 -5.45 0.00
14.50 -5.41 0.00
14.55 -5.34 0.00
14.60 -5.25 0.00
14.65 -5.16 0.00
14.70 -5.07 0.00
14.75 -5.00 0.00
14.80 -4.95 0.00
14.85 -4.93 0.00
14.90 -4.93 0.00
14.95 -4.95 0.00
15.00 -4.98 0.00
15.05 -5.02 0.00
15.10 -5.06 0.00
15.15 -5.09 0.00
15.20 -5.12 0.00
15.25 -5.12 0.00
15.30 -5.10 0.00
15.35 -5.06 0.00
15.40 -4.99 0.00
15.45 -4.92 0.00
15.50 -4.84 0.00
15.55 -4.77 0.00
15.60 -4.72 0.00
15.65 -4.69 0.00
15.70 -4.69 0.00
15.75 -4.71 0.00
15.80 -4.74 0.00
15.85 -4.79 0.00
15.90 -4.85 0.00
15.95 -4.90 0.00
16.00 -4.94 0.00
16.05 -4.97 0.00
16.10 -4.97 0.00
16.15 -4.95 0.00
16.20 -4.91 0.00
16.25 -4.85 0.00
16.30 -4.78 0.00
16.35 -4.71 0.00
16.40 -4.66 0.00
16.45 -4.62 0.00
16.50 -4.60 0.00
16.55 -4.61 0.00
16.60 -4.64 0.00
16.65 -4.69 0.00
16.70 -4.74 0.00
16.75 -4.81 0.00
16.80 -4.86 0.00
16.85 -4.90 0.00
16.90 -4.92 0.00
16.95 -4.92 0.00
17.00 -4.89 0.00
17.05 -4.84 0.00
17.10 -4.77 0.00
17.15 -4.71 0.00
17.20 -4.65 0.00
17.25 -4.60 0.00
17.30 -4.57 0.00
17.35 -4.56 0.00
17.40 -4.58 0.00
17.45 -4.62 0.00
17.50 -4.68 0.00
17.55 -4.75 0.00
17.60 -4.81 0.00
17.65 -4.87 0.00
17.70 -4.90 0.00
17.75 -4.91 0.00
17.80 -4.89 0.00
17.85 -4.86 0.00
17.90 -4.80 0.00
17.95 -4.74 0.00
18.00 -4.67 0.00
18.05 -4.61 0.00
18.10 -4.57 0.00
18.15 -4.55 0.00
18.20 -4.55 0.00
18.25 -4.58 0.00
18.30 -4.63 0.00
18.35 -4.70 0.00
18.40 -4.77 0.00
18.45 -4.84 0.00
18.50 -4.89 0.00
18.55 -4.92 0.00
18.60 -4.92 0.00
18.65 -4.89 0.00
18.70 -4.84 0.00
18.75 -4.78 0.00
18.80 -4.72 0.00
18.85 -4.65 0.00
18.90 -4.60 0.00
18.95 -4.55 0.00
19.00 -4.53 0.00
19.05 -4.53 0.00
19.10 -4.57 0.00
19.15 -4.62 0.00
19.20 -4.69 0.00
19.25 -4.77 0.00
19.30 -4.84 0.00
19.35 -4.89 0.00
19.40 -4.90 0.00
19.45 -4.89 0.00
19.50 -4.85 0.00
19.55 -4.79 0.00
19.60 -4.72 0.00
19.65 -4.65 0.00
19.70 -4.57 0.00
19.75 -4.50 0.00
19.80 -4.44 0.00
19.85 -4.40 0.00
19.90 -4.39 0.00
19.95 -4.41 0.00
20.00 -4.46 0.00
20.05 -4.53 0.00
20.10 -4.59 0.00
20.15 -4.64 0.00
20.20 -4.65 0.00
20.25 -4.63 0.00
20.30 -4.58 0.00
20.35 -4.51 0.00
20.40 -4.43 0.00
20.45 -4.34 0.00
20.50 -4.26 0.00
20.55 -4.20 0.00
20.60 -4.16 0.00
20.65 -4.15 0.00
20.70 -4.17 0.00
20.75 -4.22 0.00
20.80 -4.27 0.00
20.85 -4.31 0.00
20.90 -4.32 0.00
20.95 -4.30 0.00
21.00 -4.26 0.00
21.05 -4.22 0.00
21.10 -4.20 0.00
21.15 -4.21 0.00
21.20 -4.25 0.00
21.25 -4.33 0.00
21.30 -4.41 0.00
21.35 -4.51 0.00
21.40 -4.61 0.00
21.45 -4.70 0.00
21.50 -4.78 0.00
21.55 -4.83 0.00
21.60 -4.86 0.00
21.65 -4.85 0.00
21.70 -4.82 0.00
21.75 -4.76 0.00
21.80 -4.70 0.00
21.85 -4.64 0.00
21.90 -4.59 0.00
21.95 -4.57 0.00
22.00 -4.58 0.00
22.05 -4.61 0.00
22.10 -4.67 0.00
22.15 -4.73 0.00
22.20 -4.81 0.00
22.25 -4.88 0.00
22.30 -4.94 0.00
22.35 -4.99 0.00
22.40 -5.02 0.00
22.45 -5.02 0.00
22.50 -5.00 0.00
22.55 -4.96 0.00
22.60 -4.91 0.00
22.65 -4.85 0.00
22.70 -4.80 0.00
22.75 -4.76 0.00
22.80 -4.74 0.00
22.85 -4.74 0.00
22.90 -4.75 0.00
22.95 -4.79 0.00
23.00 -4.84 0.00
23.05 -4.90 0.00
23.10 -4.97 0.00
23.15 -5.03 0.00
23.20 -5.07 0.00
23.25 -5.11 0.00
23.30 -5.12 0.00
23.35 -5.12 0.00
23.40 -5.10 0.00
23.45 -5.06 0.00
23.50 -5.02 0.00
23.55 -4.97 0.00
23.60 -4.93 0.00
23.65 -4.89 0.00
23.70 -4.87 0.00
23.75 -4.86 0.00
23.80 -4.87 0.00
23.85 -4.89 0.00
23.90 -4.93 0.00
23.95 -4.97 0.00
24.00 -5.03 0.00
24.05 -5.08 0.00
24.10 -5.12 0.00
24.15 -5.16 0.00
24.20 -5.18 0.00
24.25 -5.18 0.00
24.30 -5.17 0.00
24.35 -5.14 0.00
24.40 -5.10 0.00
24.45 -5.05 0.00
24.50 -4.99 0.00
24.55 -4.94 0.00
24.60 -4.89 0.00
24.65 -4.86 0.00
24.70 -4.85 0.00
24.75 -4.85 0.00
24.80 -4.87 0.00
24.85 -4.91 0.00
24.90 -4.95 0.00
24.95 -5.00 0.00
25.00 -5.05 0.00
25.05 -5.09 0.00
25.10 -5.12 0.00
25.15 -5.12 0.00
25.20 -5.11 0.00
25.25 -5.08 0.00
25.30 -5.03 0.00
25.35 -4.97 0.00
25.40 -4.90 0.00
25.45 -4.84 0.00
25.50 -4.79 0.00
25.55 -4.75 0.00
25.60 -4.74 0.00
25.65 -4.75 0.00
25.70 -4.78 0.00
25.75 -4.82 0.00
25.80 -4.87 0.00
25.85 -4.92 0.00
25.90 -4.97 0.00
25.95 -5.01 0.00
26.00 -5.03 0.00
26.05 -5.03 0.00
26.10 -5.00 0.00
26.15 -4.96 0.00
26.20 -4.90 0.00
26.25 -4.83 0.00
26.30 -4.77 0.00
26.35 -4.71 0.00
26.40 -4.67 0.00
26.45 -4.65 0.00
26.50 -4.66 0.00
26.55 -4.68 0.00
26.60 -4.72 0.00
26.65 -4.78 0.00
26.70 -4.84 0.00
26.75 -4.89 0.00
26.80 -4.94 0.00
26.85 -4.96 0.00
26.90 -4.96 0.00
26.95 -4.94 0.00
27.00 -4.90 0.00
27.05 -4.84 0.00
27.10 -4.78 0.00
27.15 -4.71 0.00
27.20 -4.66 0.00
27.25 -4.61 0.00
27.30 -4.59 0.00
27.35 -4.59 0.00
27.40 -4.62 0.00
27.45 -4.66 0.00
27.50 -4.72 0.00
27.55 -4.79 0.00
27.60 -4.85 0.00
27.65 -4.89 0.00
27.70 -4.92 0.00
27.75 -4.92 0.00
27.80 -4.90 0.00
27.85 -4.85 0.00
27.90 -4.80 0.00
27.95 -4.73 0.00
28.00 -4.67 0.00
28.05 -4.61 0.00
28.10 -4.57 0.00
28.15 -4.54 0.00
28.20 -4.54 0.00
28.25 -4.57 0.00
28.30 -4.62 0.00
28.35 -4.68 0.00
28.40 -4.75 0.00
28.45 -4.81 0.00
28.50 -4.86 0.00
28.55 -4.89 0.00
28.60 -4.88 0.00
28.65 -4.86 0.00
28.70 -4.81 0.00
28.75 -4.75 0.00
28.80 -4.68 0.00
28.85 -4.61 0.00
28.90 -4.55 0.00
28.95 -4.51 0.00
29.00 -4.48 0.00
29.05 -4.48 0.00
29.10 -4.51 0.00
29.15 -4.56 0.00
29.20 -4.63 0.00
29.25 -4.70 0.00
29.30 -4.76 0.00
29.35 -4.81 0.00
29.40 -4.82 0.00
29.45 -4.81 0.00
29.50 -4.77 0.00
29.55 -4.71 0.00
29.60 -4.64 0.00
29.65 -4.57 0.00
29.70 -4.49 0.00
29.75 -4.42 0.00
29.80 -4.37 0.00
29.85 -4.34 0.00
29.90 -4.34 0.00
29.95 -4.38 0.00
30.00 -4.44 0.00
30.05 -4.51 0.00
30.10 -4.58 0.00
30.15 -4.63 0.00
30.20 -4.65 0.00
30.25 -4.64 0.00
30.30 -4.60 0.00
30.35 -4.53 0.00
30.40 -4.45 0.00
30.45 -4.36 0.00
30.50 -4.28 0.00
30.55 -4.20 0.00
30.60 -4.15 0.00
30.65 -4.14 0.00
30.70 -4.17 0.00
30.75 -4.22 0.00
30.80 -4.30 0.00
30.85 -4.38 0.00
30.90 -4.44 0.00
30.95 -4.47 0.00
31.00 -4.46 0.00
31.05 -4.42 0.00
31.10 -4.36 0.00
31.15 -4.30 0.00
31.20 -4.24 0.00
31.25 -4.20 0.00
31.30 -4.20 0.00
31.35 -4.24 0.00
31.40 -4.30 0.00
31.45 -4.39 0.00
31.50 -4.49 0.00
31.55 -4.59 0.00
31.60 -4.67 0.00
31.65 -4.73 0.00
31.70 -4.75 0.00
31.75 -4.74 0.00
31.80 -4.71 0.00
31.85 -4.65 0.00
31.90 -4.59 0.00
31.95 -4.53 0.00
32.00 -4.49 0.00
32.05 -4.47 0.00
32.10 -4.48 0.00
32.15 -4.53 0.00
32.20 -4.59 0.00
32.25 -4.67 0.00
32.30 -4.75 0.00
32.35 -4.82 0.00
32.40 -4.89 0.00
32.45 -4.94 0.00
32.50 -4.95 0.00
32.55 -4.95 0.00
32.60 -4.91 0.00
32.65 -4.86 0.00
32.70 -4.80 0.00
32.75 -4.74 0.00
32.80 -4.69 0.00
32.85 -4.65 0.00
32.90 -4.64 0.00
32.95 -4.65 0.00
33.00 -4.68 0.00
33.05 -4.73 0.00
33.10 -4.80 0.00
33.15 -4.86 0.00
33.20 -4.93 0.00
33.25 -4.98 0.00
33.30 -5.02 0.00
33.35 -5.03 0.00
33.40 -5.02 0.00
33.45 -4.99 0.00
33.50 -4.94 0.00
33.55 -4.89 0.00
33.60 -4.83 0.00
33.65 -4.77 0.00
33.70 -4.73 0.00
33.75 -4.71 0.00
33.80 -4.71 0.00
33.85 -4.73 0.00
33.90 -4.77 0.00
33.95 -4.82 0.00
34.00 -4.88 0.00
34.05 -4.94 0.00
34.10 -4.99 0.00
34.15 -5.03 0.00
34.20 -5.06 0.00
34.25 -5.06 0.00
34.30 -5.03 0.00
34.35 -4.99 0.00
34.40 -4.94 0.00
34.45 -4.88 0.00
34.50 -4.82 0.00
34.55 -4.77 0.00
34.60 -4.74 0.00
34.65 -4.72 0.00
34.70 -4.72 0.00
34.75 -4.74 0.00
34.80 -4.78 0.00
34.85 -4.84 0.00
34.90 -4.90 0.00
34.95 -4.95 0.00
35.00 -5.00 0.00
35.05 -5.03 0.00
35.10 -5.04 0.00
35.15 -5.03 0.00
35.20 -5.00 0.00
35.25 -4.95 0.00
35.30 -4.89 0.00
35.35 -4.83 0.00
35.40 -4.78 0.00
35.45 -4.73 0.00
35.50 -4.69 0.00
35.55 -4.68 0.00
35.60 -4.69 0.00
35.65 -4.72 0.00
35.70 -4.77 0.00
35.75 -4.82 0.00
35.80 -4.88 0.00
35.85 -4.93 0.00
35.90 -4.97 0.00
35.95 -4.99 0.00
36.00 -4.99 0.00
36.05 -4.97 0.00
36.10 -4.93 0.00
36.15 -4.87 0.00
36.20 -4.81 0.00
36.25 -4.75 0.00
36.30 -4.69 0.00
36.35 -4.65 0.00
36.40 -4.63 0.00
36.45 -4.62 0.00
36.50 -4.65 0.00
36.55 -4.69 0.00
36.60 -4.74 0.00
36.65 -4.80 0.00
36.70 -4.86 0.00
36.75 -4.90 0.00
36.80 -4.93 0.00
36.85 -4.94 0.00
36.90 -4.92 0.00
36.95 -4.88 0.00
37.00 -4.83 0.00
37.05 -4.77 0.00
37.10 -4.70 0.00
37.15 -4.64 0.00
37.20 -4.59 0.00
37.25 -4.56 0.00
37.30 -4.56 0.00
37.35 -4.57 0.00
37.40 -4.61 0.00
37.45 -4.67 0.00
37.50 -4.73 0.00
37.55 -4.79 0.00
37.60 -4.84 0.00
37.65 -4.87 0.00
37.70 -4.88 0.00
37.75 -4.87 0.00
37.80 -4.83 0.00
37.85 -4.78 0.00
37.90 -4.71 0.00
37.95 -4.65 0.00
38.00 -4.58 0.00
38.05 -4.53 0.00
38.10 -4.50 0.00
38.15 -4.49 0.00
38.20 -4.50 0.00
38.25 -4.54 0.00
38.30 -4.59 0.00
38.35 -4.66 0.00
38.40 -4.72 0.00
38.45 -4.78 0.00
38.50 -4.81 0.00
38.55 -4.82 0.00
38.60 -4.80 0.00
38.65 -4.76 0.00
38.70 -4.70 0.00
38.75 -4.64 0.00
38.80 -4.57 0.00
38.85 -4.51 0.00
38.90 -4.45 0.00
38.95 -4.42 0.00
39.00 -4.40 0.00
39.05 -4.42 0.00
39.10 -4.46 0.00
39.15 -4.51 0.00
39.20 -4.58 0.00
39.25 -4.65 0.00
39.30 -4.70 0.00
39.35 -4.73 0.00
39.40 -4.73 0.00
39.45 -4.70 0.00
39.50 -4.65 0.00
39.55 -4.59 0.00
39.60 -4.52 0.00
39.65 -4.44 0.00
39.70 -4.37 0.00
39.75 -4.32 0.00
39.80 -4.28 0.00
39.85 -4.27 0.00
39.90 -4.30 0.00
39.95 -4.35 0.00
40.00 -4.42 0.00
40.05 -4.49 0.00
40.10 -4.55 0.00
40.15 -4.59 0.00
40.20 -4.60 0.00
40.25 -4.58 0.00
40.30 -4.53 0.00
40.35 -4.46 0.00
40.40 -4.38 0.00
40.45 -4.30 0.00
40.50 -4.23 0.00
40.55 -4.17 0.00
40.60 -4.14 0.00
40.65 -4.14 0.00
40.70 -4.18 0.00
40.75 -4.24 0.00
40.80 -4.33 0.00
40.85 -4.41 0.00
40.90 -4.47 0.00
40.95 -4.50 0.00
41.00 -4.51 0.00
41.05 -4.48 0.00
41.10 -4.42 0.00
41.15 -4.35 0.00
41.20 -4.28 0.00
41.25 -4.21 0.00
41.30 -4.17 0.00
41.35 -4.16 0.00
41.40 -4.19 0.00
41.45 -4.25 0.00
41.50 -4.33 0.00
41.55 -4.42 0.00
41.60 -4.51 0.00
41.65 -4.59 0.00
41.70 -4.64 0.00
41.75 -4.65 0.00
41.80 -4.64 0.00
41.85 -4.60 0.00
41.90 -4.54 0.00
41.95 -4.47 0.00
42.00 -4.41 0.00
42.05 -4.37 0.00
42.10 -4.35 0.00
42.15 -4.37 0.00
42.20 -4.41 0.00
42.25 -4.48 0.00
42.30 -4.56 0.00
42.35 -4.64 0.00
42.40 -4.72 0.00
42.45 -4.78 0.00
42.50 -4.82 0.00
42.55 -4.84 0.00
42.60 -4.82 0.00
42.65 -4.78 0.00
42.70 -4.72 0.00
42.75 -4.65 0.00
42.80 -4.59 0.00
42.85 -4.55 0.00
42.90 -4.52 0.00
42.95 -4.51 0.00
43.00 -4.54 0.00
43.05 -4.58 0.00
43.10 -4.65 0.00
43.15 -4.72 0.00
43.20 -4.79 0.00
43.25 -4.85 0.00
43.30 -4.90 0.00
43.35 -4.92 0.00
43.40 -4.92 0.00
43.45 -4.89 0.00
43.50 -4.84 0.00
43.55 -4.78 0.00
43.60 -4.72 0.00
43.65 -4.66 0.00
43.70 -4.62 0.00
43.75 -4.59 0.00
43.80 -4.58 0.00
43.85 -4.60 0.00
43.90 -4.64 0.00
43.95 -4.70 0.00
44.00 -4.76 0.00
44.05 -4.83 0.00
44.10 -4.89 0.00
44.15 -4.93 0.00
44.20 -4.94 0.00
44.25 -4.94 0.00
44.30 -4.91 0.00
44.35 -4.86 0.00
44.40 -4.80 0.00
44.45 -4.74 0.00
44.50 -4.68 0.00
44.55 -4.64 0.00
44.60 -4.60 0.00
44.65 -4.59 0.00
44.70 -4.60 0.00
44.75 -4.64 0.00
44.80 -4.69 0.00
44.85 -4.75 0.00
44.90 -4.81 0.00
44.95 -4.87 0.00
45.00 -4.91 0.00
45.05 -4.93 0.00
45.10 -4.93 0.00
45.15 -4.90 0.00
45.20 -4.86 0.00
45.25 -4.80 0.00
45.30 -4.74 0.00
45.35 -4.68 0.00
45.40 -4.63 0.00
45.45 -4.59 0.00
45.50 -4.57 0.00
45.55 -4.57 0.00
45.60 -4.60 0.00
45.65 -4.64 0.00
45.70 -4.70 0.00
45.75 -4.76 0.00
45.80 -4.82 0.00
45.85 -4.86 0.00
45.90 -4.89 0.00
45.95 -4.89 0.00
46.00 -4.87 0.00
46.05 -4.83 0.00
46.10 -4.78 0.00
46.15 -4.72 0.00
46.20 -4.66 0.00
46.25 -4.60 0.00
46.30 -4.56 0.00
46.35 -4.53 0.00
46.40 -4.52 0.00
46.45 -4.54 0.00
46.50 -4.58 0.00
46.55 -4.63 0.00
46.60 -4.70 0.00
46.65 -4.76 0.00
46.70 -4.81 0.00
46.75 -4.84 0.00
46.80 -4.84 0.00
46.85 -4.83 0.00
46.90 -4.79 0.00
46.95 -4.74 0.00
47.00 -4.68 0.00
47.05 -4.62 0.00
47.10 -4.56 0.00
47.15 -4.51 0.00
47.20 -4.48 0.00
47.25 -4.46 0.00
47.30 -4.47 0.00
47.35 -4.51 0.00
47.40 -4.56 0.00
47.45 -4.62 0.00
47.50 -4.69 0.00
47.55 -4.74 0.00
47.60 -4.77 0.00
47.65 -4.78 0.00
47.70 -4.77 0.00
47.75 -4.73 0.00
47.80 -4.68 0.00
47.85 -4.62 0.00
47.90 -4.56 0.00
47.95 -4.50 0.00
48.00 -4.44 0.00
48.05 -4.40 0.00
48.10 -4.39 0.00
48.15 -4.40 0.00
48.20 -4.43 0.00
48.25 -4.48 0.00
48.30 -4.54 0.00
48.35 -4.61 0.00
48.40 -4.66 0.00
48.45 -4.70 0.00
48.50 -4.71 0.00
48.55 -4.69 0.00
48.60 -4.66 0.00
48.65 -4.61 0.00
48.70 -4.55 0.00
48.75 -4.48 0.00
48.80 -4.42 0.00
48.85 -4.36 0.00
48.90 -4.32 0.00
48.95 -4.31 0.00
49.00 -4.32 0.00
49.05 -4.35 0.00
49.10 -4.41 0.00
49.15 -4.48 0.00
49.20 -4.54 0.00
49.25 -4.60 0.00
49.30 -4.64 0.00
49.35 -4.64 0.00
49.40 -4.62 0.00
49.45 -4.58 0.00
49.50 -4.52 0.00
49.55 -4.45 0.00
49.60 -4.38 0.00
49.65 -4.31 0.00
49.70 -4.26 0.00
49.75 -4.22 0.00
49.80 -4.20 0.00
49.85 -4.22 0.00
49.90 -4.26 0.00
49.95 -4.33 0.00
50.00 -4.40 0.00
50.05 -4.46 0.00
50.10 -4.51 0.00
50.15 -4.54 0.00
50.20 -4.53 0.00
50.25 -4.49 0.00
50.30 -4.44 0.00
50.35 -4.37 0.00
50.40 -4.30 0.00
50.45 -4.23 0.00
50.50 -4.16 0.00
50.55 -4.12 0.00
50.60 -4.10 0.00
50.65 -4.12 0.00
50.70 -4.16 0.00
50.75 -4.23 0.00
50.80 -4.31 0.00
50.85 -4.39 0.00
50.90 -4.44 0.00
50.95 -4.47 0.00
51.00 -4.47 0.00
51.05 -4.44 0.00
51.10 -4.39 0.00
51.15 -4.32 0.00
51.20 -4.24 0.00
51.25 -4.18 0.00
51.30 -4.12 0.00
51.35 -4.10 0.00
51.40 -4.10 0.00
51.45 -4.14 0.00
51.50 -4.21 0.00
51.55 -4.29 0.00
51.60 -4.38 0.00
51.65 -4.45 0.00
51.70 -4.51 0.00
51.75 -4.54 0.00
51.80 -4.53 0.00
51.85 -4.50 0.00
51.90 -4.44 0.00
51.95 -4.38 0.00
52.00 -4.31 0.00
52.05 -4.25 0.00
52.10 -4.22 0.00
52.15 -4.21 0.00
52.20 -4.23 0.00
52.25 -4.28 0.00
52.30 -4.35 0.00
52.35 -4.43 0.00
52.40 -4.51 0.00
52.45 -4.58 0.00
52.50 -4.64 0.00
52.55 -4.66 0.00
52.60 -4.65 0.00
52.65 -4.62 0.00
52.70 -4.56 0.00
52.75 -4.50 0.00
52.80 -4.43 0.00
52.85 -4.38 0.00
52.90 -4.34 0.00
52.95 -4.32 0.00
53.00 -4.34 0.00
53.05 -4.38 0.00
53.10 -4.44 0.00
53.15 -4.52 0.00
53.20 -4.59 0.00
53.25 -4.66 0.00
53.30 -4.71 0.00
53.35 -4.74 0.00
53.40 -4.73 0.00
53.45 -4.70 0.00
53.50 -4.65 0.00
53.55 -4.59 0.00
53.60 -4.53 0.00
53.65 -4.47 0.00
53.70 -4.42 0.00
53.75 -4.39 0.00
53.80 -4.39 0.00
53.85 -4.41 0.00
53.90 -4.46 0.00
53.95 -4.52 0.00
54.00 -4.59 0.00
54.05 -4.66 0.00
54.10 -4.72 0.00
54.15 -4.75 0.00
54.20 -4.76 0.00
54.25 -4.75 0.00
54.30 -4.72 0.00
54.35 -4.67 0.00
