-1.995000000000199236e+01 7.565533673882880450e-01 0.000000000000000000e+00
-1.990000000000199520e+01 8.702891100247134304e-01 0.000000000000000000e+00
-1.985000000000199805e+01 9.372191866607896271e-01 0.000000000000000000e+00
-1.980000000000200089e+01 9.507130915881439881e-01 0.000000000000000000e+00
-1.975000000000200373e+01 9.072783517699399836e-01 0.000000000000000000e+00
-1.970000000000200657e+01 8.068731230712712366e-01 0.000000000000000000e+00
-1.965000000000200941e+01 6.530150187509856652e-01 0.000000000000000000e+00
-1.960000000000201226e+01 4.526601290697310764e-01 0.000000000000000000e+00
-1.955000000000201510e+01 2.158711340795883560e-01 0.000000000000000000e+00
-1.950000000000201794e+01 -4.472381259338692461e-02 0.000000000000000000e+00
-1.945000000000202078e+01 -3.146358091098361287e-01 0.000000000000000000e+00
-1.940000000000202363e+01 -5.783577899574942061e-01 0.000000000000000000e+00
-1.935000000000202647e+01 -8.202795120041108667e-01 0.000000000000000000e+00
-1.930000000000202931e+01 -1.025634825494850411e+00 0.000000000000000000e+00
-1.925000000000203215e+01 -1.181407876134312751e+00 0.000000000000000000e+00
-1.920000000000203499e+01 -1.277157199693265355e+00 0.000000000000000000e+00
-1.915000000000203784e+01 -1.305690573322043857e+00 0.000000000000000000e+00
-1.910000000000204068e+01 -1.263562567240606782e+00 0.000000000000000000e+00
-1.905000000000204352e+01 -1.151346700333967465e+00 0.000000000000000000e+00
-1.900000000000204636e+01 -9.736780548261025903e-01 0.000000000000000000e+00
-1.895000000000204921e+01 -7.390456338926751911e-01 0.000000000000000000e+00
-1.890000000000205205e+01 -4.593594446014666044e-01 0.000000000000000000e+00
-1.885000000000205489e+01 -1.493007154780593981e-01 0.000000000000000000e+00
-1.880000000000205773e+01 1.744924962124859702e-01 0.000000000000000000e+00
-1.875000000000206057e+01 4.943721325802706290e-01 0.000000000000000000e+00
-1.870000000000206342e+01 7.926884212573528377e-01 0.000000000000000000e+00
-1.865000000000206626e+01 1.052814905764118070e+00 0.000000000000000000e+00
-1.860000000000206910e+01 1.260113738727028032e+00 0.000000000000000000e+00
-1.855000000000207194e+01 1.402798384423007194e+00 0.000000000000000000e+00
-1.850000000000207478e+01 1.472626436908603065e+00 0.000000000000000000e+00
-1.845000000000207763e+01 1.465395635503847549e+00 0.000000000000000000e+00
-1.840000000000208047e+01 1.381197555024080259e+00 0.000000000000000000e+00
-1.835000000000208331e+01 1.224428295961660362e+00 0.000000000000000000e+00
-1.830000000000208615e+01 1.003539810217718209e+00 0.000000000000000000e+00
-1.825000000000208900e+01 7.305614322734712562e-01 0.000000000000000000e+00
-1.820000000000209184e+01 4.204047686800117534e-01 0.000000000000000000e+00
-1.815000000000209468e+01 9.000844789911030541e-02 0.000000000000000000e+00
-1.810000000000209752e+01 -2.426413857081034797e-01 0.000000000000000000e+00
-1.805000000000210036e+01 -5.595412445687877323e-01 0.000000000000000000e+00
-1.800000000000210321e+01 -8.437048211891944316e-01 0.000000000000000000e+00
-1.795000000000210605e+01 -1.080125178634494976e+00 0.000000000000000000e+00
-1.790000000000210889e+01 -1.256622682479979769e+00 0.000000000000000000e+00
-1.785000000000211173e+01 -1.364513631092217016e+00 0.000000000000000000e+00
-1.780000000000211458e+01 -1.399075783406187989e+00 0.000000000000000000e+00
-1.775000000000211742e+01 -1.359769264973202940e+00 0.000000000000000000e+00
-1.770000000000212026e+01 -1.250216474378782916e+00 0.000000000000000000e+00
-1.765000000000212310e+01 -1.077929132653545619e+00 0.000000000000000000e+00
-1.760000000000212594e+01 -8.538161221712872173e-01 0.000000000000000000e+00
-1.755000000000212879e+01 -5.914888278993430948e-01 0.000000000000000000e+00
-1.750000000000213163e+01 -3.064229421616239679e-01 0.000000000000000000e+00
-1.745000000000213447e+01 -1.501398793755032157e-02 0.000000000000000000e+00
-1.740000000000213731e+01 2.664000022004449075e-01 0.000000000000000000e+00
-1.735000000000214015e+01 5.225038219385178540e-01 0.000000000000000000e+00
-1.730000000000214300e+01 7.398848104092003997e-01 0.000000000000000000e+00
-1.725000000000214584e+01 9.077892513318984724e-01 0.000000000000000000e+00
-1.720000000000214868e+01 1.018695825710193459e+00 0.000000000000000000e+00
-1.715000000000215152e+01 1.068688352675709163e+00 0.000000000000000000e+00
-1.710000000000215437e+01 1.057592822927459153e+00 0.000000000000000000e+00
-1.705000000000215721e+01 9.888886787546709023e-01 0.000000000000000000e+00
-1.700000000000216005e+01 8.693884339737565359e-01 0.000000000000000000e+00
-1.695000000000216289e+01 7.087241740397020040e-01 0.000000000000000000e+00
-1.690000000000216573e+01 5.186613524021552735e-01 0.000000000000000000e+00
-1.685000000000216858e+01 3.123007988390110734e-01 0.000000000000000000e+00
-1.680000000000217142e+01 1.032064275591835223e-01 0.000000000000000000e+00
-1.675000000000217426e+01 -9.546975833923565524e-02 0.000000000000000000e+00
-1.670000000000217710e+01 -4.209023152762576547e-01 0.000000000000000000e+00
-1.665000000000217995e+01 -5.062525053505493311e-01 0.000000000000000000e+00
-1.660000000000218279e+01 -5.469777656785654862e-01 0.000000000000000000e+00
-1.655000000000218563e+01 -5.417224329758748569e-01 0.000000000000000000e+00
-1.650000000000218847e+01 -4.924624064260130774e-01 0.000000000000000000e+00
-1.645000000000219131e+01 -4.043137069325007937e-01 0.000000000000000000e+00
-1.640000000000219416e+01 -2.851641633463132819e-01 0.000000000000000000e+00
-1.635000000000219700e+01 -1.451050174755257050e-01 0.000000000000000000e+00
-1.630000000000219984e+01 4.281394747869392281e-03 0.000000000000000000e+00
-1.625000000000220268e+01 1.507418028960808565e-01 0.000000000000000000e+00
-1.620000000000220552e+01 2.822167870644368692e-01 0.000000000000000000e+00
-1.615000000000220837e+01 3.877010022830464919e-01 0.000000000000000000e+00
-1.610000000000221121e+01 4.580330888818471280e-01 0.000000000000000000e+00
-1.605000000000221405e+01 4.865701049802526601e-01 0.000000000000000000e+00
-1.600000000000221689e+01 4.696922109056499428e-01 0.000000000000000000e+00
-1.595000000000221974e+01 4.071104007561929805e-01 0.000000000000000000e+00
-1.590000000000222258e+01 3.019464003399597862e-01 0.000000000000000000e+00
-1.585000000000222542e+01 1.605848701166027181e-01 0.000000000000000000e+00
-1.580000000000222826e+01 -7.703406586331618122e-03 0.000000000000000000e+00
-1.575000000000223110e+01 -1.913373040401808445e-01 0.000000000000000000e+00
-1.570000000000223395e+01 -3.771730982505598906e-01 0.000000000000000000e+00
-1.565000000000223679e+01 -5.513692040482738310e-01 0.000000000000000000e+00
-1.560000000000223963e+01 -7.003210131690815743e-01 0.000000000000000000e+00
-1.555000000000224247e+01 -8.115973190394747405e-01 0.000000000000000000e+00
-1.550000000000224532e+01 -8.748251704847191945e-01 0.000000000000000000e+00
-1.545000000000224816e+01 -8.824561101367383031e-01 0.000000000000000000e+00
-1.540000000000225100e+01 -8.303698354721891217e-01 0.000000000000000000e+00
-1.535000000000225384e+01 -7.182646441039408636e-01 0.000000000000000000e+00
-1.530000000000225668e+01 -5.498133475229823874e-01 0.000000000000000000e+00
-1.525000000000225953e+01 -3.325615513514194044e-01 0.000000000000000000e+00
-1.520000000000226237e+01 -7.757764840555292363e-02 0.000000000000000000e+00
-1.515000000000226521e+01 2.011366279828216141e-01 0.000000000000000000e+00
-1.510000000000226805e+01 4.874342993294857873e-01 0.000000000000000000e+00
-1.505000000000227089e+01 7.639728394200278050e-01 0.000000000000000000e+00
-1.500000000000227374e+01 1.013260519749995980e+00 0.000000000000000000e+00
-1.495000000000227658e+01 1.218744291360938536e+00 0.000000000000000000e+00
-1.490000000000227942e+01 1.365863830862857453e+00 0.000000000000000000e+00
-1.485000000000228226e+01 1.443013858675458838e+00 0.000000000000000000e+00
-1.480000000000228511e+01 1.442345015159433252e+00 0.000000000000000000e+00
-1.475000000000228795e+01 1.360359004937430116e+00 0.000000000000000000e+00
-1.470000000000229079e+01 1.198249144127381927e+00 0.000000000000000000e+00
-1.465000000000229363e+01 9.619688837409301474e-01 0.000000000000000000e+00
-1.460000000000229647e+01 6.620107206137834099e-01 0.000000000000000000e+00
-1.455000000000229932e+01 3.129118786221595228e-01 0.000000000000000000e+00
-1.450000000000230216e+01 -6.749655175902530280e-02 0.000000000000000000e+00
-1.445000000000230500e+01 -4.590479801062012366e-01 0.000000000000000000e+00
-1.440000000000230784e+01 -8.403604999622771299e-01 0.000000000000000000e+00
-1.435000000000231068e+01 -1.190046299168841859e+00 0.000000000000000000e+00
-1.430000000000231353e+01 -1.487947994263652207e+00 0.000000000000000000e+00
-1.425000000000231637e+01 -1.716320680794064968e+00 0.000000000000000000e+00
-1.420000000000231921e+01 -1.860897374430861895e+00 0.000000000000000000e+00
-1.415000000000232205e+01 -1.911765254988753160e+00 0.000000000000000000e+00
-1.410000000000232490e+01 -1.864007201594242158e+00 0.000000000000000000e+00
-1.405000000000232774e+01 -1.718060056749171061e+00 0.000000000000000000e+00
-1.400000000000233058e+01 -1.479773951011431166e+00 0.000000000000000000e+00
-1.395000000000233342e+01 -1.160158003115890235e+00 0.000000000000000000e+00
-1.390000000000233626e+01 -7.748326326105953177e-01 0.000000000000000000e+00
-1.385000000000233911e+01 -3.432095672708563305e-01 0.000000000000000000e+00
-1.380000000000234195e+01 1.125467211909069037e-01 0.000000000000000000e+00
-1.375000000000234479e+01 5.687258782360324894e-01 0.000000000000000000e+00
-1.370000000000234763e+01 1.001369947365853497e+00 0.000000000000000000e+00
-1.365000000000235048e+01 1.387597116484141191e+00 0.000000000000000000e+00
-1.360000000000235332e+01 1.706866771756073042e+00 0.000000000000000000e+00
-1.355000000000235616e+01 1.942121483515614200e+00 0.000000000000000000e+00
-1.350000000000235900e+01 2.080732099850014727e+00 0.000000000000000000e+00
-1.345000000000236184e+01 2.115200061880577298e+00 0.000000000000000000e+00
-1.340000000000236469e+01 2.043568639357828065e+00 0.000000000000000000e+00
-1.335000000000236753e+01 1.869528246418062922e+00 0.000000000000000000e+00
-1.330000000000237037e+01 1.602202231261583565e+00 0.000000000000000000e+00
-1.325000000000237321e+01 1.533121459295138989e+00 0.000000000000000000e+00
-1.320000000000237605e+01 1.108214804343663928e+00 0.000000000000000000e+00
-1.315000000000237890e+01 6.369107261191728764e-01 0.000000000000000000e+00
-1.310000000000238174e+01 1.429601252027963287e-01 0.000000000000000000e+00
-1.305000000000238458e+01 -3.490482138258704792e-01 0.000000000000000000e+00
-1.300000000000238742e+01 -8.150253448597315487e-01 0.000000000000000000e+00
-1.295000000000239027e+01 -1.232647859543011926e+00 0.000000000000000000e+00
-1.290000000000239311e+01 -1.582518630112202285e+00 0.000000000000000000e+00
-1.285000000000239595e+01 -1.849140771095596936e+00 0.000000000000000000e+00
-1.280000000000239879e+01 -2.021665309575308989e+00 0.000000000000000000e+00
-1.275000000000240163e+01 -2.094362819894696859e+00 0.000000000000000000e+00
-1.270000000000240448e+01 -2.066808017353421345e+00 0.000000000000000000e+00
-1.265000000000240732e+01 -1.943761530582171826e+00 0.000000000000000000e+00
-1.260000000000241016e+01 -1.734772317789088136e+00 0.000000000000000000e+00
-1.255000000000241300e+01 -1.453518627034286359e+00 0.000000000000000000e+00
-1.250000000000241585e+01 -1.116941645670866734e+00 0.000000000000000000e+00
-1.245000000000241869e+01 -7.442156780178621478e-01 0.000000000000000000e+00
-1.240000000000242153e+01 -3.556286853079285715e-01 0.000000000000000000e+00
-1.235000000000242437e+01 2.857061361064372473e-02 0.000000000000000000e+00
-1.230000000000242721e+01 3.892808665089714237e-01 0.000000000000000000e+00
-1.225000000000243006e+01 7.095589683084519983e-01 0.000000000000000000e+00
-1.220000000000243290e+01 9.754669482456298502e-01 0.000000000000000000e+00
-1.215000000000243574e+01 1.176720820242941556e+00 0.000000000000000000e+00
-1.210000000000243858e+01 1.307098743222124160e+00 0.000000000000000000e+00
-1.205000000000244142e+01 1.364602669556414405e+00 0.000000000000000000e+00
-1.200000000000244427e+01 1.351361381855970212e+00 0.000000000000000000e+00
-1.195000000000244711e+01 1.273300054486889987e+00 0.000000000000000000e+00
-1.190000000000244995e+01 1.139593698646931053e+00 0.000000000000000000e+00
-1.185000000000245279e+01 9.619558037591939836e-01 0.000000000000000000e+00
-1.180000000000245564e+01 7.538008310882233776e-01 0.000000000000000000e+00
-1.175000000000245848e+01 5.293472103153585850e-01 0.000000000000000000e+00
-1.170000000000246132e+01 3.027077519593678323e-01 0.000000000000000000e+00
-1.165000000000246416e+01 8.703512463596108084e-02 0.000000000000000000e+00
-1.160000000000246700e+01 -1.062365662294987301e-01 0.000000000000000000e+00
-1.155000000000246985e+01 -2.679995102553229813e-01 0.000000000000000000e+00
-1.150000000000247269e+01 -3.919067647333599469e-01 0.000000000000000000e+00
-1.145000000000247553e+01 -4.746019277038208140e-01 0.000000000000000000e+00
-1.140000000000247837e+01 -5.157474511719315480e-01 0.000000000000000000e+00
-1.135000000000248122e+01 -5.178468784642489275e-01 0.000000000000000000e+00
-1.130000000000248406e+01 -4.858910535479434301e-01 0.000000000000000000e+00
-1.125000000000248690e+01 -4.268477990376761677e-01 0.000000000000000000e+00
-1.120000000000248974e+01 -3.490455422186585777e-01 0.000000000000000000e+00
-1.115000000000249258e+01 -2.614857645533796848e-01 0.000000000000000000e+00
-1.110000000000249543e+01 -1.731441855347236602e-01 0.000000000000000000e+00
-1.105000000000249827e+01 -9.229852156232476457e-02 0.000000000000000000e+00
-1.100000000000250111e+01 -2.593915749980435503e-02 0.000000000000000000e+00
-1.095000000000250395e+01 2.070920306421486501e-02 0.000000000000000000e+00
-1.090000000000250679e+01 4.451379366528818160e-02 0.000000000000000000e+00
-1.085000000000250964e+01 4.459946704069650547e-02 0.000000000000000000e+00
-1.080000000000251248e+01 2.233526579898048592e-02 0.000000000000000000e+00
-1.075000000000251532e+01 -1.884256491122310306e-02 0.000000000000000000e+00
-1.070000000000251816e+01 -7.376580266023557986e-02 0.000000000000000000e+00
-1.065000000000252101e+01 -1.359900592012545095e-01 0.000000000000000000e+00
-1.060000000000252385e+01 -1.983469863075079109e-01 0.000000000000000000e+00
-1.055000000000252669e+01 -2.535408049881599513e-01 0.000000000000000000e+00
-1.050000000000252953e+01 -2.947559309778257641e-01 0.000000000000000000e+00
-1.045000000000253237e+01 -3.162205274573068881e-01 0.000000000000000000e+00
-1.040000000000253522e+01 -3.136957657807616373e-01 0.000000000000000000e+00
-1.035000000000253806e+01 -2.848444844765837258e-01 0.000000000000000000e+00
-1.030000000000254090e+01 -2.294631111780005561e-01 0.000000000000000000e+00
-1.025000000000254374e+01 -1.495488582337951566e-01 0.000000000000000000e+00
-1.020000000000254659e+01 -4.920736419175208987e-02 0.000000000000000000e+00
-1.015000000000254943e+01 6.560437395768381474e-02 0.000000000000000000e+00
-1.010000000000255227e+01 1.874717854806098316e-01 0.000000000000000000e+00
-1.005000000000255511e+01 3.080371292259985738e-01 0.000000000000000000e+00
-1.000000000000255795e+01 4.185882641234959234e-01 0.000000000000000000e+00
-9.950000000002560796e+00 5.106916669916039542e-01 0.000000000000000000e+00
-9.900000000002563638e+00 5.768146040772109684e-01 0.000000000000000000e+00
-9.850000000002566480e+00 6.109032880778570984e-01 0.000000000000000000e+00
-9.800000000002569323e+00 6.088648824349396360e-01 0.000000000000000000e+00
-9.750000000002572165e+00 5.689289727081778825e-01 0.000000000000000000e+00
-9.700000000002575007e+00 4.918504091450944804e-01 0.000000000000000000e+00
-9.650000000002577849e+00 3.809475270378159251e-01 0.000000000000000000e+00
-9.600000000002580691e+00 2.419591600908633788e-01 0.000000000000000000e+00
-9.550000000002583533e+00 8.273767748962779223e-02 0.000000000000000000e+00
-9.500000000002586376e+00 -8.721515269318896868e-02 0.000000000000000000e+00
-9.450000000002589218e+00 -2.573302384625508199e-01 0.000000000000000000e+00
-9.400000000002592060e+00 -4.166452346178419752e-01 0.000000000000000000e+00
-9.350000000002594902e+00 -5.545163772755962173e-01 0.000000000000000000e+00
-9.300000000002597744e+00 -6.613323193684395029e-01 0.000000000000000000e+00
-9.250000000002600586e+00 -7.291717680296698756e-01 0.000000000000000000e+00
-9.200000000002603429e+00 -7.523713646617606887e-01 0.000000000000000000e+00
-9.150000000002606271e+00 -7.279538761257617896e-01 0.000000000000000000e+00
-9.100000000002609113e+00 -6.558969873482957125e-01 0.000000000000000000e+00
-9.050000000002611955e+00 -5.392113234141391320e-01 0.000000000000000000e+00
-9.000000000002614797e+00 -3.838300998682433463e-01 0.000000000000000000e+00
-8.950000000002617639e+00 -1.983032640090484078e-01 0.000000000000000000e+00
-8.900000000002620482e+00 6.676659177762112041e-03 0.000000000000000000e+00
-8.850000000002623324e+00 2.189003755613223023e-01 0.000000000000000000e+00
-8.800000000002626166e+00 4.253708660144243647e-01 0.000000000000000000e+00
-8.750000000002629008e+00 6.131017965320710861e-01 0.000000000000000000e+00
-8.700000000002631850e+00 7.699247542774471098e-01 0.000000000000000000e+00
-8.650000000002634692e+00 8.852652600552043394e-01 0.000000000000000000e+00
-8.600000000002637535e+00 9.508272099459464943e-01 0.000000000000000000e+00
-8.550000000002640377e+00 9.611523117530197391e-01 0.000000000000000000e+00
-8.500000000002643219e+00 9.140068186113552429e-01 0.000000000000000000e+00
-8.450000000002646061e+00 8.105800584084068561e-01 0.000000000000000000e+00
-8.400000000002648903e+00 6.554691577789557577e-01 0.000000000000000000e+00
-8.350000000002651745e+00 4.564593531449408492e-01 0.000000000000000000e+00
-8.300000000002654588e+00 2.241003997330677233e-01 0.000000000000000000e+00
-8.250000000002657430e+00 -2.888583655864945809e-02 0.000000000000000000e+00
-8.200000000002660272e+00 -2.883424681573729664e-01 0.000000000000000000e+00
-8.150000000002663114e+00 -5.395042086805730275e-01 0.000000000000000000e+00
-8.100000000002665956e+00 -7.678741991946353984e-01 0.000000000000000000e+00
-8.050000000002668799e+00 -9.600865376484490898e-01 0.000000000000000000e+00
-8.000000000002671641e+00 -1.104712303676984142e+00 0.000000000000000000e+00
-7.950000000002674483e+00 -1.192948374868020522e+00 0.000000000000000000e+00
-7.900000000002677325e+00 -1.219157101069771931e+00 0.000000000000000000e+00
-7.850000000002680167e+00 -1.181212248913577012e+00 0.000000000000000000e+00
-7.800000000002683009e+00 -1.080640261900210675e+00 0.000000000000000000e+00
-7.750000000002685852e+00 -9.225367694073226543e-01 0.000000000000000000e+00
-7.700000000002688694e+00 -7.152739351595742701e-01 0.000000000000000000e+00
-7.650000000002691536e+00 -4.700054660751225022e-01 0.000000000000000000e+00
-7.600000000002694378e+00 -2.000104248163188103e-01 0.000000000000000000e+00
-7.550000000002697220e+00 8.009474334705579679e-02 0.000000000000000000e+00
-7.500000000002700062e+00 3.552166128754467023e-01 0.000000000000000000e+00
-7.450000000002702905e+00 6.106755339655054460e-01 0.000000000000000000e+00
-7.400000000002705747e+00 8.330610602917625229e-01 0.000000000000000000e+00
-7.350000000002708589e+00 1.011010411203229431e+00 0.000000000000000000e+00
-7.300000000002711431e+00 1.135851452842822518e+00 0.000000000000000000e+00
-7.250000000002714273e+00 1.202082027037682632e+00 0.000000000000000000e+00
-7.200000000002717115e+00 1.207646017089759161e+00 0.000000000000000000e+00
-7.150000000002719958e+00 1.154001149056552933e+00 0.000000000000000000e+00
-7.100000000002722800e+00 1.045964873098195858e+00 0.000000000000000000e+00
-7.050000000002725642e+00 8.913604405367921979e-01 0.000000000000000000e+00
-7.000000000002728484e+00 7.004760651436574559e-01 0.000000000000000000e+00
-6.950000000002731326e+00 4.853835888080063055e-01 0.000000000000000000e+00
-6.900000000002734168e+00 2.591500433304841922e-01 0.000000000000000000e+00
-6.850000000002737011e+00 3.500394284021723923e-02 0.000000000000000000e+00
-6.800000000002739853e+00 -1.745009779922649384e-01 0.000000000000000000e+00
-6.750000000002742695e+00 -3.582600934893941935e-01 0.000000000000000000e+00
-6.700000000002745537e+00 -5.072917820330996586e-01 0.000000000000000000e+00
-6.650000000002748379e+00 -6.152571983317444149e-01 0.000000000000000000e+00
-6.600000000002751221e+00 -6.788041410483718341e-01 0.000000000000000000e+00
-6.550000000002754064e+00 -6.977028910378859639e-01 0.000000000000000000e+00
-6.500000000002756906e+00 -6.747772920583781087e-01 0.000000000000000000e+00
-6.450000000002759748e+00 -6.156258758332635583e-01 0.000000000000000000e+00
-6.400000000002762590e+00 -5.281633994516046204e-01 0.000000000000000000e+00
-6.350000000002765432e+00 -4.220031044132457332e-01 0.000000000000000000e+00
-6.300000000002768274e+00 -3.077323598079430012e-01 0.000000000000000000e+00
-6.250000000002771117e+00 -1.961196161705399399e-01 0.000000000000000000e+00
-6.200000000002773959e+00 -9.731714006538250139e-02 0.000000000000000000e+00
-6.150000000002776801e+00 -2.010264762421098972e-02 0.000000000000000000e+00
-6.100000000002779643e+00 2.877746491744048729e-02 0.000000000000000000e+00
-6.050000000002782485e+00 4.512885670018218498e-02 0.000000000000000000e+00
-6.000000000002785328e+00 2.764630011475166516e-02 0.000000000000000000e+00
-5.950000000002788170e+00 -2.194685281766217688e-02 0.000000000000000000e+00
-5.900000000002791012e+00 -9.897974712686030685e-02 0.000000000000000000e+00
-5.850000000002793854e+00 -1.961222295187188269e-01 0.000000000000000000e+00
-5.800000000002796696e+00 -3.038749186739152508e-01 0.000000000000000000e+00
-5.750000000002799538e+00 -4.112204061989832016e-01 0.000000000000000000e+00
-5.700000000002802381e+00 -5.064056779789579688e-01 0.000000000000000000e+00
-5.650000000002805223e+00 -5.777946246405974984e-01 0.000000000000000000e+00
-5.600000000002808065e+00 -6.147459531029761948e-01 0.000000000000000000e+00
-5.550000000002810907e+00 -6.084471884618244397e-01 0.000000000000000000e+00
-5.500000000002813749e+00 -5.526591129375504341e-01 0.000000000000000000e+00
-5.450000000002816591e+00 -4.443077030503247427e-01 0.000000000000000000e+00
-5.400000000002819434e+00 -2.838913281468110617e-01 0.000000000000000000e+00
-5.350000000002822276e+00 -7.565995011218040744e-02 0.000000000000000000e+00
-5.300000000002825118e+00 1.724411083332141326e-01 0.000000000000000000e+00
-5.250000000002827960e+00 4.490776704453147694e-01 0.000000000000000000e+00
-5.200000000002830802e+00 7.400605990221982289e-01 0.000000000000000000e+00
-5.150000000002833644e+00 1.029091584213097876e+00 0.000000000000000000e+00
-5.100000000002836487e+00 1.298669448403240612e+00 0.000000000000000000e+00
-5.050000000002839329e+00 1.531116647973969069e+00 0.000000000000000000e+00
-5.000000000002842171e+00 1.709654987028043749e+00 0.000000000000000000e+00
-4.950000000002845013e+00 1.819477135497397091e+00 0.000000000000000000e+00
-4.900000000002847855e+00 1.848737264898974164e+00 0.000000000000000000e+00
-4.850000000002850697e+00 1.789409547410737655e+00 0.000000000000000000e+00
-4.800000000002853540e+00 1.637947785889962482e+00 0.000000000000000000e+00
-4.750000000002856382e+00 1.395712195259269484e+00 0.000000000000000000e+00
-4.700000000002859224e+00 1.069120219406531902e+00 0.000000000000000000e+00
-4.650000000002862066e+00 6.695160404644674434e-01 0.000000000000000000e+00
-4.600000000002864908e+00 2.127476349440979853e-01 0.000000000000000000e+00
-4.550000000002867750e+00 -2.815205127652951056e-01 0.000000000000000000e+00
-4.500000000002870593e+00 -7.907372527761172831e-01 0.000000000000000000e+00
-4.450000000002873435e+00 -1.290578584262335404e+00 0.000000000000000000e+00
-4.400000000002876277e+00 -1.756197497130521867e+00 0.000000000000000000e+00
-4.350000000002879119e+00 -2.163530973289669035e+00 0.000000000000000000e+00
-4.300000000002881961e+00 -2.490603065353404588e+00 0.000000000000000000e+00
-4.250000000002884804e+00 -2.718739998628032506e+00 0.000000000000000000e+00
-4.200000000002887646e+00 -2.833639368739579112e+00 0.000000000000000000e+00
-4.150000000002890488e+00 -2.826220724091681902e+00 0.000000000000000000e+00
-4.100000000002893330e+00 -2.693218556572963607e+00 0.000000000000000000e+00
-4.050000000002896172e+00 -2.437470465002873787e+00 0.000000000000000000e+00
-4.000000000002899014e+00 -2.067892100106856645e+00 0.000000000000000000e+00
-3.950000000002901857e+00 -1.599125580107372491e+00 0.000000000000000000e+00
-3.900000000002904699e+00 -1.050888336751824470e+00 0.000000000000000000e+00
-3.850000000002907541e+00 -4.470438045609393951e-01 0.000000000000000000e+00
-3.800000000002910383e+00 1.855469513800942494e-01 0.000000000000000000e+00
-3.750000000002913225e+00 8.183435766928671695e-01 0.000000000000000000e+00
-3.700000000002916067e+00 1.422533966922293391e+00 0.000000000000000000e+00
-3.650000000002918910e+00 1.970467504332199526e+00 0.000000000000000000e+00
-3.600000000002921752e+00 2.437026842054830666e+00 0.000000000000000000e+00
-3.550000000002924594e+00 2.800876772751830668e+00 0.000000000000000000e+00
-3.500000000002927436e+00 3.045513313449782711e+00 0.000000000000000000e+00
-3.450000000002930278e+00 3.160069445542322164e+00 0.000000000000000000e+00
-3.400000000002933120e+00 3.139825129790970504e+00 0.000000000000000000e+00
-3.350000000002935963e+00 2.986407688918973680e+00 0.000000000000000000e+00
-3.300000000002938805e+00 2.707663259245941312e+00 0.000000000000000000e+00
-3.250000000002941647e+00 2.317220064135697921e+00 0.000000000000000000e+00
-3.200000000002944489e+00 1.833758446947534537e+00 0.000000000000000000e+00
-3.150000000002947331e+00 1.280040344627281446e+00 0.000000000000000000e+00
-3.100000000002950173e+00 6.817409600398403047e-01 0.000000000000000000e+00
-3.050000000002953016e+00 6.615754757190706048e-02 0.000000000000000000e+00
-3.000000000002955858e+00 -5.391464885832022436e-01 0.000000000000000000e+00
-2.950000000002958700e+00 -1.107679357811325538e+00 0.000000000000000000e+00
-2.900000000002961542e+00 -1.615282287745467116e+00 0.000000000000000000e+00
-2.850000000002964384e+00 -2.041239455288210713e+00 0.000000000000000000e+00
-2.800000000002967226e+00 -2.369193130599713371e+00 0.000000000000000000e+00
-2.750000000002970069e+00 -2.587810022502841534e+00 0.000000000000000000e+00
-2.700000000002972911e+00 -2.691181537627524101e+00 0.000000000000000000e+00
-2.650000000002975753e+00 -2.678933295409320348e+00 0.000000000000000000e+00
-2.600000000002978595e+00 -2.556057601847138816e+00 0.000000000000000000e+00
-2.550000000002981437e+00 -2.332475038513903698e+00 0.000000000000000000e+00
-2.500000000002984279e+00 -2.022367806722645600e+00 0.000000000000000000e+00
-2.450000000002987122e+00 -1.643316424114019014e+00 0.000000000000000000e+00
-2.400000000002989964e+00 -1.215303041411929019e+00 0.000000000000000000e+00
-2.350000000002992806e+00 -7.596277198350913640e-01 0.000000000000000000e+00
-2.300000000002995648e+00 -2.978091541540724974e-01 0.000000000000000000e+00
-2.250000000002998490e+00 1.494824388586163399e-01 0.000000000000000000e+00
-2.200000000003001333e+00 5.633940833191459774e-01 0.000000000000000000e+00
-2.150000000003004175e+00 9.277242459483392434e-01 0.000000000000000000e+00
-2.100000000003007017e+00 1.229573117903928203e+00 0.000000000000000000e+00
-2.050000000003009859e+00 1.459793799342627540e+00 0.000000000000000000e+00
-2.000000000003012701e+00 1.613218888258789896e+00 0.000000000000000000e+00
-1.950000000003015543e+00 1.688672539456141042e+00 0.000000000000000000e+00
-1.900000000003018386e+00 1.688767577313122326e+00 0.000000000000000000e+00
-1.850000000003021228e+00 1.619521231485675283e+00 0.000000000000000000e+00
-1.800000000003024070e+00 1.489809659588505308e+00 0.000000000000000000e+00
-1.750000000003026912e+00 1.310711426012571401e+00 0.000000000000000000e+00
-1.700000000003029754e+00 1.094771869437650924e+00 0.000000000000000000e+00
-1.650000000003032596e+00 8.552450011615305714e-01 0.000000000000000000e+00
-1.600000000003035439e+00 6.053458466055837706e-01 0.000000000000000000e+00
-1.550000000003038281e+00 3.575655680168817740e-01 0.000000000000000000e+00
-1.500000000003041123e+00 1.230731449970063895e-01 0.000000000000000000e+00
-1.450000000003043965e+00 -8.875721872483482988e-02 0.000000000000000000e+00
-1.400000000003046807e+00 -2.706854456300294975e-01 0.000000000000000000e+00
-1.350000000003049649e+00 -4.177907082738566702e-01 0.000000000000000000e+00
-1.300000000003052492e+00 -5.275137523816610940e-01 0.000000000000000000e+00
-1.250000000003055334e+00 -5.995538982354057245e-01 0.000000000000000000e+00
-1.200000000003058176e+00 -6.356490433175834287e-01 0.000000000000000000e+00
-1.150000000003061018e+00 -6.392504636398783635e-01 0.000000000000000000e+00
-1.100000000003063860e+00 -6.151317391758884812e-01 0.000000000000000000e+00
-1.050000000003066702e+00 -5.689507200414117838e-01 0.000000000000000000e+00
-1.000000000003069545e+00 -5.068068714708328093e-01 0.000000000000000000e+00
-9.500000000030723868e-01 -4.348117977899440545e-01 0.000000000000000000e+00
-9.000000000030752290e-01 -3.587103560306883487e-01 0.000000000000000000e+00
-8.500000000030780711e-01 -2.835619003960861972e-01 0.000000000000000000e+00
-8.000000000030809133e-01 -2.135082285222027476e-01 0.000000000000000000e+00
-7.500000000030837555e-01 -1.516251645152424388e-01 0.000000000000000000e+00
-7.000000000030865976e-01 -9.987095057025444089e-02 0.000000000000000000e+00
-6.500000000030894398e-01 -5.911509847265269957e-02 0.000000000000000000e+00
-6.000000000030922820e-01 -2.924864328161963511e-02 0.000000000000000000e+00
-5.500000000030951242e-01 -9.349030106068800805e-03 0.000000000000000000e+00
-5.000000000030979663e-01 2.107361805751051254e-03 0.000000000000000000e+00
-4.500000000031008085e-01 7.016880888338739020e-03 0.000000000000000000e+00
-4.000000000031036507e-01 7.413355369978114062e-03 0.000000000000000000e+00
-3.500000000031064928e-01 5.256567815012935796e-03 0.000000000000000000e+00
-3.000000000031093350e-01 2.249248868094078091e-03 0.000000000000000000e+00
-2.500000000031121772e-01 -2.933368311576201037e-04 0.000000000000000000e+00
-2.000000000031150194e-01 -1.524881491112739518e-03 0.000000000000000000e+00
-1.500000000031178615e-01 -1.086171117857526180e-03 0.000000000000000000e+00
-1.000000000031207037e-01 9.263943128926532822e-04 0.000000000000000000e+00
-5.000000000312354587e-02 4.046631431237679433e-03 0.000000000000000000e+00
-3.126388037344440818e-12 7.556368749989494926e-03 0.000000000000000000e+00
4.999999999687076979e-02 1.063304628222672132e-02 0.000000000000000000e+00
9.999999999686792762e-02 1.250001373394954429e-02 0.000000000000000000e+00
1.499999999968650854e-01 1.257518876114166462e-02 0.000000000000000000e+00
1.999999999968622433e-01 1.059141965553567211e-02 0.000000000000000000e+00
2.499999999968594011e-01 6.687252939062693358e-03 0.000000000000000000e+00
2.999999999968565589e-01 1.446773078851104621e-03 0.000000000000000000e+00
3.499999999968537168e-01 -4.105574745741025211e-03 0.000000000000000000e+00
3.999999999968508746e-01 -8.568027926124044402e-03 0.000000000000000000e+00
4.499999999968480324e-01 -1.026737300958824317e-02 0.000000000000000000e+00
4.999999999968451903e-01 -7.411459437738243672e-03 0.000000000000000000e+00
5.499999999968423481e-01 1.734938380979572647e-03 0.000000000000000000e+00
5.999999999968395059e-01 1.865388281723940125e-02 0.000000000000000000e+00
6.499999999968366637e-01 4.438579385000718247e-02 0.000000000000000000e+00
6.999999999968338216e-01 7.935413529162421709e-02 0.000000000000000000e+00
7.499999999968309794e-01 1.232312518961288794e-01 0.000000000000000000e+00
7.999999999968281372e-01 1.748479502412878528e-01 0.000000000000000000e+00
8.499999999968252951e-01 2.321695347142728183e-01 0.000000000000000000e+00
8.999999999968224529e-01 2.923334543835254262e-01 0.000000000000000000e+00
9.499999999968196107e-01 3.517622203702783779e-01 0.000000000000000000e+00
9.999999999968167685e-01 4.063366682971827348e-01 0.000000000000000000e+00
1.049999999996813926e+00 4.516328738923806041e-01 0.000000000000000000e+00
1.099999999996811084e+00 4.831978766084092380e-01 0.000000000000000000e+00
1.149999999996808242e+00 4.968588069162077625e-01 0.000000000000000000e+00
1.199999999996805400e+00 4.890336811096122061e-01 0.000000000000000000e+00
1.249999999996802558e+00 4.570339794805561295e-01 0.000000000000000000e+00
1.299999999996799716e+00 3.993255441879324241e-01 0.000000000000000000e+00
1.349999999996796873e+00 3.157391864033299300e-01 0.000000000000000000e+00
1.399999999996794031e+00 2.076017672890060339e-01 0.000000000000000000e+00
1.449999999996791189e+00 7.778616701162488489e-02 0.000000000000000000e+00
1.499999999996788347e+00 -6.933971992095266934e-02 0.000000000000000000e+00
1.549999999996785505e+00 -2.280553491746920569e-01 0.000000000000000000e+00
1.599999999996782662e+00 -3.915288406429037193e-01 0.000000000000000000e+00
1.649999999996779820e+00 -5.521350312601563948e-01 0.000000000000000000e+00
1.699999999996776978e+00 -7.018458157426636923e-01 0.000000000000000000e+00
1.749999999996774136e+00 -8.326598478554726457e-01 0.000000000000000000e+00
1.799999999996771294e+00 -9.370585510575801802e-01 0.000000000000000000e+00
1.849999999996768452e+00 -1.008449599474658731e+00 0.000000000000000000e+00
1.899999999996765609e+00 -1.041582099435423014e+00 0.000000000000000000e+00
1.949999999996762767e+00 -1.032895314444010282e+00 0.000000000000000000e+00
1.999999999996759925e+00 -9.807893337166496694e-01 0.000000000000000000e+00
2.049999999996757083e+00 -8.857869484999922882e-01 0.000000000000000000e+00
2.099999999996754241e+00 -7.505854558840419077e-01 0.000000000000000000e+00
2.149999999996751399e+00 -5.799802254895765063e-01 0.000000000000000000e+00
2.199999999996748556e+00 -3.806728674729102924e-01 0.000000000000000000e+00
2.249999999996745714e+00 -1.609605872603819821e-01 0.000000000000000000e+00
2.299999999996742872e+00 6.966592538610838492e-02 0.000000000000000000e+00
2.349999999996740030e+00 3.010061918429538519e-01 0.000000000000000000e+00
2.399999999996737188e+00 5.226766046147226508e-01 0.000000000000000000e+00
2.449999999996734346e+00 7.246617175019591794e-01 0.000000000000000000e+00
2.499999999996731503e+00 8.978464390303999565e-01 0.000000000000000000e+00
2.549999999996728661e+00 1.034509459907426931e+00 0.000000000000000000e+00
2.599999999996725819e+00 1.128736714991481094e+00 0.000000000000000000e+00
2.649999999996722977e+00 1.176741551455518398e+00 0.000000000000000000e+00
2.699999999996720135e+00 1.177060164301282352e+00 0.000000000000000000e+00
2.749999999996717293e+00 1.130621641381484910e+00 0.000000000000000000e+00
2.799999999996714450e+00 1.040675955139081843e+00 0.000000000000000000e+00
2.849999999996711608e+00 9.125952835017928644e-01 0.000000000000000000e+00
2.899999999996708766e+00 7.535482651693403700e-01 0.000000000000000000e+00
2.949999999996705924e+00 5.720781105713009795e-01 0.000000000000000000e+00
2.999999999996703082e+00 3.775979546942977438e-01 0.000000000000000000e+00
3.049999999996700240e+00 1.798455729233580103e-01 0.000000000000000000e+00
3.099999999996697397e+00 -1.168131315457706515e-02 0.000000000000000000e+00
3.149999999996694555e+00 -1.882630056534136676e-01 0.000000000000000000e+00
3.199999999996691713e+00 -3.424480056971885844e-01 0.000000000000000000e+00
3.249999999996688871e+00 -4.684535628021757603e-01 0.000000000000000000e+00
3.299999999996686029e+00 -5.624638037142795088e-01 0.000000000000000000e+00
3.349999999996683187e+00 -6.227953246052191361e-01 0.000000000000000000e+00
3.399999999996680344e+00 -6.499319635939130313e-01 0.000000000000000000e+00
3.449999999996677502e+00 -6.464150107596793315e-01 0.000000000000000000e+00
3.499999999996674660e+00 -6.166078583549665648e-01 0.000000000000000000e+00
3.549999999996671818e+00 -5.663384195957640310e-01 0.000000000000000000e+00
3.599999999996668976e+00 -5.024541623750702346e-01 0.000000000000000000e+00
3.649999999996666133e+00 -4.323066432346823751e-01 0.000000000000000000e+00
3.699999999996663291e+00 -3.632108436024984455e-01 0.000000000000000000e+00
3.749999999996660449e+00 -3.019028047842859941e-01 0.000000000000000000e+00
3.799999999996657607e+00 -2.540432323854595054e-01 0.000000000000000000e+00
3.849999999996654765e+00 -2.237884401629988140e-01 0.000000000000000000e+00
3.899999999996651923e+00 -2.134698209508136268e-01 0.000000000000000000e+00
3.949999999996649080e+00 -2.233926703732909136e-01 0.000000000000000000e+00
3.999999999996646238e+00 -2.517816115468244353e-01 0.000000000000000000e+00
4.049999999996643396e+00 -2.948668795633585527e-01 0.000000000000000000e+00
4.099999999996640554e+00 -3.471205752887595586e-01 0.000000000000000000e+00
4.149999999996637712e+00 -4.016184848351901926e-01 0.000000000000000000e+00
4.199999999996634870e+00 -4.505185984951604050e-01 0.000000000000000000e+00
4.249999999996632027e+00 -4.856157010949878616e-01 0.000000000000000000e+00
4.299999999996629185e+00 -4.989497833150200456e-01 0.000000000000000000e+00
4.349999999996626343e+00 -4.834179108824369631e-01 0.000000000000000000e+00
4.399999999996623501e+00 -4.333619309378084483e-01 0.000000000000000000e+00
4.449999999996620659e+00 -3.450809850963197922e-01 0.000000000000000000e+00
4.499999999996617817e+00 9.286177565432474079e-02 0.000000000000000000e+00
4.549999999996614974e+00 3.251547458273280622e-01 0.000000000000000000e+00
4.599999999996612132e+00 5.675684285612112578e-01 0.000000000000000000e+00
4.649999999996609290e+00 8.108882941441866166e-01 0.000000000000000000e+00
4.699999999996606448e+00 1.045087472171991827e+00 0.000000000000000000e+00
4.749999999996603606e+00 1.259751901629977855e+00 0.000000000000000000e+00
4.799999999996600764e+00 1.444546054633267351e+00 0.000000000000000000e+00
4.849999999996597921e+00 1.589701827207278262e+00 0.000000000000000000e+00
4.899999999996595079e+00 1.686503880202032013e+00 0.000000000000000000e+00
4.949999999996592237e+00 1.727751538667853914e+00 0.000000000000000000e+00
4.999999999996589395e+00 1.708170264160017382e+00 0.000000000000000000e+00
5.049999999996586553e+00 1.624754834510471202e+00 0.000000000000000000e+00
5.099999999996583711e+00 1.477021502143305742e+00 0.000000000000000000e+00
5.149999999996580868e+00 1.267157609799783424e+00 0.000000000000000000e+00
5.199999999996578026e+00 1.000054087870681618e+00 0.000000000000000000e+00
5.249999999996575184e+00 6.832189346106938288e-01 0.000000000000000000e+00
5.299999999996572342e+00 3.265677463274304637e-01 0.000000000000000000e+00
5.349999999996569500e+00 -5.789941113862728805e-02 0.000000000000000000e+00
5.399999999996566658e+00 -4.565275255514100738e-01 0.000000000000000000e+00
5.449999999996563815e+00 -8.545225776012889130e-01 0.000000000000000000e+00
5.499999999996560973e+00 -1.236536988752371391e+00 0.000000000000000000e+00
5.549999999996558131e+00 -1.587296458675892197e+00 0.000000000000000000e+00
5.599999999996555289e+00 -1.892245075401932208e+00 0.000000000000000000e+00
5.649999999996552447e+00 -2.138176611331227939e+00 0.000000000000000000e+00
5.699999999996549604e+00 -2.313827403440103403e+00 0.000000000000000000e+00
5.749999999996546762e+00 -2.410399823841860023e+00 0.000000000000000000e+00
5.799999999996543920e+00 -2.421995418046211768e+00 0.000000000000000000e+00
5.849999999996541078e+00 -2.345932835167971575e+00 0.000000000000000000e+00
5.899999999996538236e+00 -2.182937955164883981e+00 0.000000000000000000e+00
5.949999999996535394e+00 -1.937191505063328600e+00 0.000000000000000000e+00
5.999999999996532551e+00 -1.616233150799272433e+00 0.000000000000000000e+00
6.049999999996529709e+00 -1.230719820746784210e+00 0.000000000000000000e+00
6.099999999996526867e+00 -7.940500501258402899e-01 0.000000000000000000e+00
6.149999999996524025e+00 -3.218646431418412668e-01 0.000000000000000000e+00
6.199999999996521183e+00 1.685528388076957262e-01 0.000000000000000000e+00
6.249999999996518341e+00 6.589551306197098945e-01 0.000000000000000000e+00
6.299999999996515498e+00 1.130857867430954844e+00 0.000000000000000000e+00
6.349999999996512656e+00 1.566286898807861094e+00 0.000000000000000000e+00
6.399999999996509814e+00 1.948510675062502751e+00 0.000000000000000000e+00
6.449999999996506972e+00 2.262729985508527886e+00 0.000000000000000000e+00
6.499999999996504130e+00 2.496691342376460288e+00 0.000000000000000000e+00
6.549999999996501288e+00 2.641200985447510696e+00 0.000000000000000000e+00
6.599999999996498445e+00 2.690513048771130844e+00 0.000000000000000000e+00
6.649999999996495603e+00 2.642578371084881361e+00 0.000000000000000000e+00
6.699999999996492761e+00 2.499138822448852881e+00 0.000000000000000000e+00
6.749999999996489919e+00 2.265666300477774175e+00 0.000000000000000000e+00
6.799999999996487077e+00 1.951144697556312924e+00 0.000000000000000000e+00
6.849999999996484235e+00 1.567707594214155620e+00 0.000000000000000000e+00
6.899999999996481392e+00 1.130143124277922073e+00 0.000000000000000000e+00
6.949999999996478550e+00 6.552908786417733777e-01 0.000000000000000000e+00
6.999999999996475708e+00 1.613528064029410569e-01 0.000000000000000000e+00
7.049999999996472866e+00 -3.328485626686126797e-01 0.000000000000000000e+00
7.099999999996470024e+00 -8.086366157743278826e-01 0.000000000000000000e+00
7.149999999996467182e+00 -1.248235261098076254e+00 0.000000000000000000e+00
7.199999999996464339e+00 -1.635483266358236154e+00 0.000000000000000000e+00
7.249999999996461497e+00 -1.956474179472475594e+00 0.000000000000000000e+00
7.299999999996458655e+00 -2.200098699886214426e+00 0.000000000000000000e+00
7.349999999996455813e+00 -2.358463107858228991e+00 0.000000000000000000e+00
7.399999999996452971e+00 -2.427170562742278825e+00 0.000000000000000000e+00
7.449999999996450128e+00 -2.405450529432718199e+00 0.000000000000000000e+00
7.499999999996447286e+00 -2.296135992892498479e+00 0.000000000000000000e+00
7.549999999996444444e+00 -2.105487162056375094e+00 0.000000000000000000e+00
7.599999999996441602e+00 -1.842874767636553557e+00 0.000000000000000000e+00
7.649999999996438760e+00 -1.520334475057862234e+00 0.000000000000000000e+00
7.699999999996435918e+00 -1.152017154695156975e+00 0.000000000000000000e+00
7.749999999996433075e+00 -7.535564462661826779e-01 0.000000000000000000e+00
7.799999999996430233e+00 -3.413861336874823849e-01 0.000000000000000000e+00
7.849999999996427391e+00 6.796595831012419708e-02 0.000000000000000000e+00
7.899999999996424549e+00 4.585724571141365780e-01 0.000000000000000000e+00
7.949999999996421707e+00 8.157628588800409641e-01 0.000000000000000000e+00
7.999999999996418865e+00 1.126709791595756238e+00 0.000000000000000000e+00
8.049999999996416022e+00 1.380924293691701665e+00 0.000000000000000000e+00
8.099999999996413180e+00 1.570635989580213554e+00 0.000000000000000000e+00
8.149999999996410338e+00 1.691047249127127117e+00 0.000000000000000000e+00
8.199999999996407496e+00 1.740448594768029711e+00 0.000000000000000000e+00
8.249999999996404654e+00 1.720196773950476432e+00 0.000000000000000000e+00
8.299999999996401812e+00 1.634555442283339044e+00 0.000000000000000000e+00
8.349999999996398969e+00 1.490412339796684638e+00 0.000000000000000000e+00
8.399999999996396127e+00 1.296884559904578404e+00 0.000000000000000000e+00
8.449999999996393285e+00 1.064836127139602961e+00 0.000000000000000000e+00
8.499999999996390443e+00 8.063280116447861801e-01 0.000000000000000000e+00
8.549999999996387601e+00 5.340311644604778252e-01 0.000000000000000000e+00
8.599999999996384759e+00 2.606266171531254061e-01 0.000000000000000000e+00
8.649999999996381916e+00 -1.775440261353899984e-03 0.000000000000000000e+00
8.699999999996379074e+00 -2.421748674556740699e-01 0.000000000000000000e+00
8.749999999996376232e+00 -4.511509860945851491e-01 0.000000000000000000e+00
8.799999999996373390e+00 -6.212456273759362491e-01 0.000000000000000000e+00
8.849999999996370548e+00 -7.472398949533922696e-01 0.000000000000000000e+00
8.899999999996367706e+00 -8.263178436938224403e-01 0.000000000000000000e+00
8.949999999996364863e+00 -8.581080290633488206e-01 0.000000000000000000e+00
8.999999999996362021e+00 -8.446076006300904382e-01 0.000000000000000000e+00
9.049999999996359179e+00 -7.899913934417926997e-01 0.000000000000000000e+00
9.099999999996356337e+00 -7.003216905182634289e-01 0.000000000000000000e+00
9.149999999996353495e+00 -5.831710720073205456e-01 0.000000000000000000e+00
9.199999999996350653e+00 -4.471825072386056421e-01 0.000000000000000000e+00
9.249999999996347810e+00 -3.015857005369830257e-01 0.000000000000000000e+00
9.299999999996344968e+00 -1.556982833474813699e-01 0.000000000000000000e+00
9.349999999996342126e+00 -1.843293211037910773e-02 0.000000000000000000e+00
9.399999999996339284e+00 1.021613444290404571e-01 0.000000000000000000e+00
9.449999999996336442e+00 1.993054124160320573e-01 0.000000000000000000e+00
9.499999999996333599e+00 2.678204272609359116e-01 0.000000000000000000e+00
9.549999999996330757e+00 3.043710464613156308e-01 0.000000000000000000e+00
9.599999999996327915e+00 3.076066731423273692e-01 0.000000000000000000e+00
9.649999999996325073e+00 2.781990261156581656e-01 0.000000000000000000e+00
9.699999999996322231e+00 2.187716530430475759e-01 0.000000000000000000e+00
9.749999999996319389e+00 1.337302581283184577e-01 0.000000000000000000e+00
9.799999999996316546e+00 2.899968976094025042e-02 0.000000000000000000e+00
9.849999999996313704e+00 -8.831412975658836650e-02 0.000000000000000000e+00
9.899999999996310862e+00 -2.103233671506853641e-01 0.000000000000000000e+00
9.949999999996308020e+00 -3.287937833600132476e-01 0.000000000000000000e+00
9.999999999996305178e+00 -4.355981219923245051e-01 0.000000000000000000e+00
1.004999999999630234e+01 -5.231602902449499215e-01 0.000000000000000000e+00
1.009999999999629949e+01 -5.848718049712786637e-01 0.000000000000000000e+00
1.014999999999629665e+01 -6.154555780607928739e-01 0.000000000000000000e+00
1.019999999999629381e+01 -6.112628115118501348e-01 0.000000000000000000e+00
1.024999999999629097e+01 -5.704842568792110047e-01 0.000000000000000000e+00
1.029999999999628812e+01 -4.932693799462172790e-01 0.000000000000000000e+00
1.034999999999628528e+01 -3.817436309969873820e-01 0.000000000000000000e+00
1.039999999999628244e+01 -2.399270606552709184e-01 0.000000000000000000e+00
1.044999999999627960e+01 -7.355443171992909202e-02 0.000000000000000000e+00
1.049999999999627676e+01 1.101901957558490963e-01 0.000000000000000000e+00
1.054999999999627391e+01 3.030152287588371851e-01 0.000000000000000000e+00
1.059999999999627107e+01 4.959187729116693588e-01 0.000000000000000000e+00
1.064999999999626823e+01 6.796257735135609046e-01 0.000000000000000000e+00
1.069999999999626539e+01 8.450396050801365355e-01 0.000000000000000000e+00
1.074999999999626255e+01 9.836900102498866705e-01 0.000000000000000000e+00
1.079999999999625970e+01 1.088151510335872096e+00 0.000000000000000000e+00
1.084999999999625686e+01 1.152415927681130547e+00 0.000000000000000000e+00
1.089999999999625402e+01 1.172196915390437022e+00 0.000000000000000000e+00
1.094999999999625118e+01 1.145155770559994179e+00 0.000000000000000000e+00
1.099999999999624833e+01 1.071033615503331315e+00 0.000000000000000000e+00
1.104999999999624549e+01 9.516876312040515318e-01 0.000000000000000000e+00
1.109999999999624265e+01 7.910256145045486686e-01 0.000000000000000000e+00
1.114999999999623981e+01 5.948460837366200682e-01 0.000000000000000000e+00
1.119999999999623697e+01 3.705876087033123101e-01 0.000000000000000000e+00
1.124999999999623412e+01 1.270034283889382998e-01 0.000000000000000000e+00
1.129999999999623128e+01 -1.262271438287376757e-01 0.000000000000000000e+00
1.134999999999622844e+01 -3.789280019976354330e-01 0.000000000000000000e+00
1.139999999999622560e+01 -6.208799447317577824e-01 0.000000000000000000e+00
1.144999999999622275e+01 -8.422733730871617697e-01 0.000000000000000000e+00
1.149999999999621991e+01 -1.034142864199069312e+00 0.000000000000000000e+00
1.154999999999621707e+01 -1.188759388087611057e+00 0.000000000000000000e+00
1.159999999999621423e+01 -1.299966212706219038e+00 0.000000000000000000e+00
1.164999999999621139e+01 -1.363439229013891030e+00 0.000000000000000000e+00
1.169999999999620854e+01 -1.376864270435408155e+00 0.000000000000000000e+00
1.174999999999620570e+01 -1.340019898381024532e+00 0.000000000000000000e+00
1.179999999999620286e+01 -1.254766820003935468e+00 0.000000000000000000e+00
1.184999999999620002e+01 -1.124941404361834429e+00 0.000000000000000000e+00
1.189999999999619718e+01 -9.561634476657142612e-01 0.000000000000000000e+00
1.194999999999619433e+01 -7.555641670388015818e-01 0.000000000000000000e+00
1.199999999999619149e+01 -5.314522339554411667e-01 0.000000000000000000e+00
1.204999999999618865e+01 -2.929302449186649282e-01 0.000000000000000000e+00
1.209999999999618581e+01 -4.948434398914841603e-02 0.000000000000000000e+00
1.214999999999618296e+01 1.894374658179840965e-01 0.000000000000000000e+00
1.219999999999618012e+01 4.148343394532563178e-01 0.000000000000000000e+00
1.224999999999617728e+01 6.185340695962009416e-01 0.000000000000000000e+00
1.229999999999617444e+01 7.935255766747120187e-01 0.000000000000000000e+00
1.234999999999617160e+01 9.342318153011253123e-01 0.000000000000000000e+00
1.239999999999616875e+01 1.036707401630941661e+00 0.000000000000000000e+00
1.244999999999616591e+01 1.098757338385197624e+00 0.000000000000000000e+00
1.249999999999616307e+01 1.119968942337587370e+00 0.000000000000000000e+00
1.254999999999616023e+01 1.101661614991310767e+00 0.000000000000000000e+00
1.259999999999615738e+01 1.046754848457248421e+00 0.000000000000000000e+00
1.264999999999615454e+01 9.595670356815017010e-01 0.000000000000000000e+00
1.269999999999615170e+01 8.455526306179739215e-01 0.000000000000000000e+00
1.274999999999614886e+01 7.109962883570279946e-01 0.000000000000000000e+00
1.279999999999614602e+01 5.626761824901278519e-01 0.000000000000000000e+00
1.284999999999614317e+01 4.075181850453987176e-01 0.000000000000000000e+00
1.289999999999614033e+01 2.522544030799334092e-01 0.000000000000000000e+00
1.294999999999613749e+01 1.031072792840915797e-01 0.000000000000000000e+00
1.299999999999613465e+01 -3.448948613107938321e-02 0.000000000000000000e+00
1.304999999999613181e+01 -1.561158195925966830e-01 0.000000000000000000e+00
1.309999999999612896e+01 -2.585299569871903902e-01 0.000000000000000000e+00
1.314999999999612612e+01 -3.397619078048694785e-01 0.000000000000000000e+00
1.319999999999612328e+01 -3.991368486010545835e-01 0.000000000000000000e+00
1.324999999999612044e+01 -4.372249825834848558e-01 0.000000000000000000e+00
1.329999999999611759e+01 -4.557266057740944620e-01 0.000000000000000000e+00
1.334999999999611475e+01 -4.572961291297412689e-01 0.000000000000000000e+00
1.339999999999611191e+01 -4.453202920959760114e-01 0.000000000000000000e+00
1.344999999999610907e+01 -4.236597365580743735e-01 0.000000000000000000e+00
1.349999999999610623e+01 -3.963732786038160483e-01 0.000000000000000000e+00
1.354999999999610338e+01 -3.674365983616569298e-01 0.000000000000000000e+00
1.359999999999610054e+01 -3.404755925886759904e-01 0.000000000000000000e+00
1.364999999999609770e+01 -3.185253047882222743e-01 0.000000000000000000e+00
1.369999999999609486e+01 -3.038322382905778163e-01 0.000000000000000000e+00
1.374999999999609201e+01 -2.977069963019490784e-01 0.000000000000000000e+00
1.379999999999608917e+01 -3.004397928085356106e-01 0.000000000000000000e+00
1.384999999999608633e+01 -3.112794718913506342e-01 0.000000000000000000e+00
1.389999999999608349e+01 -3.284815879684312989e-01 0.000000000000000000e+00
1.394999999999608065e+01 -3.494188420584627419e-01 0.000000000000000000e+00
1.399999999999607780e+01 -3.707521462264134482e-01 0.000000000000000000e+00
1.404999999999607496e+01 -3.886487418115727177e-01 0.000000000000000000e+00
1.409999999999607212e+01 -3.990395749787036817e-01 0.000000000000000000e+00
1.414999999999606928e+01 -3.978973751674361736e-01 0.000000000000000000e+00
1.419999999999606644e+01 -3.815240436377224098e-01 0.000000000000000000e+00
1.424999999999606359e+01 -3.468267477667080767e-01 0.000000000000000000e+00
1.429999999999606075e+01 -2.915709719987977788e-01 0.000000000000000000e+00
1.434999999999605791e+01 -2.145912568366329931e-01 0.000000000000000000e+00
1.439999999999605507e+01 -1.159508800708758391e-01 0.000000000000000000e+00
1.444999999999605222e+01 2.964290456666129892e-03 0.000000000000000000e+00
1.449999999999604938e+01 4.832150379069366508e-04 0.000000000000000000e+00
1.454999999999604654e+01 7.010312531171969397e-02 0.000000000000000000e+00
1.459999999999604370e+01 1.564275534345422880e-01 0.000000000000000000e+00
1.464999999999604086e+01 2.557517310479069383e-01 0.000000000000000000e+00
1.469999999999603801e+01 3.632466256412291150e-01 0.000000000000000000e+00
1.474999999999603517e+01 4.731967935726857921e-01 0.000000000000000000e+00
1.479999999999603233e+01 5.792944601943641469e-01 0.000000000000000000e+00
1.484999999999602949e+01 6.749711940597094006e-01 0.000000000000000000e+00
1.489999999999602665e+01 7.537541720340145135e-01 0.000000000000000000e+00
1.494999999999602380e+01 8.096249556825723115e-01 0.000000000000000000e+00
1.499999999999602096e+01 8.373660855359092992e-01 0.000000000000000000e+00
1.504999999999601812e+01 8.328735539442082558e-01 0.000000000000000000e+00
1.509999999999601528e+01 7.934224437944445985e-01 0.000000000000000000e+00
1.514999999999601243e+01 7.178675081536276537e-01 0.000000000000000000e+00
1.519999999999600959e+01 6.067712602927016752e-01 0.000000000000000000e+00
1.524999999999600675e+01 4.624479301383812579e-01 0.000000000000000000e+00
1.529999999999600391e+01 2.889234298354966257e-01 0.000000000000000000e+00
1.534999999999600107e+01 9.180786815603381168e-02 0.000000000000000000e+00
1.539999999999599822e+01 -1.219108348247853746e-01 0.000000000000000000e+00
1.544999999999599538e+01 -3.441474827360719302e-01 0.000000000000000000e+00
1.549999999999599254e+01 -5.660581117600471668e-01 0.000000000000000000e+00
1.554999999999598970e+01 -7.784250711184723670e-01 0.000000000000000000e+00
1.559999999999598685e+01 -9.720671320389031589e-01 0.000000000000000000e+00
1.564999999999598401e+01 -1.138259418417177704e+00 0.000000000000000000e+00
1.569999999999598117e+01 -1.269139549471895112e+00 0.000000000000000000e+00
1.574999999999597833e+01 -1.358084578140918541e+00 0.000000000000000000e+00
1.579999999999597549e+01 -1.400036765195231236e+00 0.000000000000000000e+00
1.584999999999597264e+01 -1.391766221993754993e+00 0.000000000000000000e+00
1.589999999999596980e+01 -1.332053536535009464e+00 0.000000000000000000e+00
1.594999999999596696e+01 -1.221786891863743341e+00 0.000000000000000000e+00
1.599999999999596412e+01 -1.063964349711047142e+00 0.000000000000000000e+00
1.604999999999596128e+01 -8.636041058134173998e-01 0.000000000000000000e+00
1.609999999999595843e+01 -6.275620197415763268e-01 0.000000000000000000e+00
1.614999999999595559e+01 -3.642677943313411548e-01 0.000000000000000000e+00
1.619999999999595275e+01 -8.338719545692416246e-02 0.000000000000000000e+00
1.624999999999594991e+01 2.045710731248182590e-01 0.000000000000000000e+00
1.629999999999594706e+01 4.886904135864287291e-01 0.000000000000000000e+00
1.634999999999594422e+01 7.581001196257868280e-01 0.000000000000000000e+00
1.639999999999594138e+01 1.002431617087753413e+00 0.000000000000000000e+00
1.644999999999593854e+01 1.212252941983863019e+00 0.000000000000000000e+00
1.649999999999593570e+01 1.379466009379198610e+00 0.000000000000000000e+00
1.654999999999593285e+01 1.497645119472238440e+00 0.000000000000000000e+00
1.659999999999593001e+01 1.562305628576353023e+00 0.000000000000000000e+00
1.664999999999592717e+01 1.571087092337684510e+00 0.000000000000000000e+00
1.669999999999592433e+01 1.523846893849880146e+00 0.000000000000000000e+00
1.674999999999592148e+01 1.422656623376019613e+00 0.000000000000000000e+00
1.679999999999591864e+01 1.271705697145077085e+00 0.000000000000000000e+00
1.684999999999591580e+01 1.077113060219788920e+00 0.000000000000000000e+00
1.689999999999591296e+01 8.466597583401520577e-01 0.000000000000000000e+00
1.694999999999591012e+01 5.894508406041998327e-01 0.000000000000000000e+00
1.699999999999590727e+01 3.155259794208029600e-01 0.000000000000000000e+00
1.704999999999590443e+01 3.543253985898714431e-02 0.000000000000000000e+00
1.709999999999590159e+01 -2.402157965575642540e-01 0.000000000000000000e+00
1.714999999999589875e+01 -5.011791316624957249e-01 0.000000000000000000e+00
1.719999999999589591e+01 -7.380068713600325125e-01 0.000000000000000000e+00
1.724999999999589306e+01 -9.424145498772011909e-01 0.000000000000000000e+00
1.729999999999589022e+01 -1.107601955387894854e+00 0.000000000000000000e+00
1.734999999999588738e+01 -1.228503282602773305e+00 0.000000000000000000e+00
1.739999999999588454e+01 -1.301955438882867133e+00 0.000000000000000000e+00
1.744999999999588169e+01 -1.326782360955662377e+00 0.000000000000000000e+00
1.749999999999587885e+01 -1.303789243252690966e+00 0.000000000000000000e+00
1.754999999999587601e+01 -1.235672597873562983e+00 0.000000000000000000e+00
1.759999999999587317e+01 -1.126848001534415777e+00 0.000000000000000000e+00
1.764999999999587033e+01 -9.832089397952026300e-01 0.000000000000000000e+00
1.769999999999586748e+01 -8.118252676659737377e-01 0.000000000000000000e+00
1.774999999999586464e+01 -6.206002473136440489e-01 0.000000000000000000e+00
1.779999999999586180e+01 -4.178988552797648914e-01 0.000000000000000000e+00
1.784999999999585896e+01 -2.121689536565775080e-01 0.000000000000000000e+00
1.789999999999585611e+01 -1.156899113095410936e-02 0.000000000000000000e+00
1.794999999999585327e+01 1.763768652761271150e-01 0.000000000000000000e+00
1.799999999999585043e+01 3.450848234023345396e-01 0.000000000000000000e+00
1.804999999999584759e+01 4.891616826023952869e-01 0.000000000000000000e+00
1.809999999999584475e+01 6.045929214514614847e-01 0.000000000000000000e+00
1.814999999999584190e+01 6.888576607326488688e-01 0.000000000000000000e+00
1.819999999999583906e+01 7.409710786825352002e-01 0.000000000000000000e+00
1.824999999999583622e+01 7.614504802993182775e-01 0.000000000000000000e+00
1.829999999999583338e+01 7.522128288525545825e-01 0.000000000000000000e+00
1.834999999999583054e+01 7.164068395738902861e-01 0.000000000000000000e+00
1.839999999999582769e+01 6.581936974596210854e-01 0.000000000000000000e+00
1.844999999999582485e+01 5.824847973820767022e-01 0.000000000000000000e+00
1.849999999999582201e+01 4.946546849290935910e-01 0.000000000000000000e+00
1.854999999999581917e+01 4.002403298158336287e-01 0.000000000000000000e+00
1.859999999999581632e+01 3.046461648988898485e-01 0.000000000000000000e+00
1.864999999999581348e+01 2.128657398573697845e-01 0.000000000000000000e+00
1.869999999999581064e+01 1.292376553231092684e-01 0.000000000000000000e+00
1.874999999999580780e+01 5.724346402853286442e-02 0.000000000000000000e+00
1.879999999999580496e+01 -6.391605886738593867e-04 0.000000000000000000e+00
1.884999999999580211e+01 -4.302565666028745905e-02 0.000000000000000000e+00
1.889999999999579927e+01 -6.964895531184478461e-02 0.000000000000000000e+00
1.894999999999579643e+01 -8.132313162180282440e-02 0.000000000000000000e+00
1.899999999999579359e+01 -7.984558494073917823e-02 0.000000000000000000e+00
1.904999999999579074e+01 -6.784813329636760204e-02 0.000000000000000000e+00
1.909999999999578790e+01 -4.860197048076277115e-02 0.000000000000000000e+00
1.914999999999578506e+01 -2.579172384899168502e-02 0.000000000000000000e+00
1.919999999999578222e+01 -3.267325913383883895e-03 0.000000000000000000e+00
1.924999999999577938e+01 1.520854653470132822e-02 0.000000000000000000e+00
1.929999999999577653e+01 2.620761997407605737e-02 0.000000000000000000e+00
1.934999999999577369e+01 2.686028185591432527e-02 0.000000000000000000e+00
1.939999999999577085e+01 1.504878436131518171e-02 0.000000000000000000e+00
1.944999999999576801e+01 -1.044510921392427516e-02 0.000000000000000000e+00
1.949999999999576517e+01 -4.984207341138413572e-02 0.000000000000000000e+00
1.954999999999576232e+01 -1.023262221756062740e-01 0.000000000000000000e+00
1.959999999999575948e+01 -1.660634738606928673e-01 0.000000000000000000e+00
1.964999999999575664e+01 -2.382806388446211954e-01 0.000000000000000000e+00
1.969999999999575380e+01 -3.153973597361213743e-01 0.000000000000000000e+00
1.974999999999575095e+01 -3.932083297048589721e-01 0.000000000000000000e+00
1.979999999999574811e+01 -4.671025096423894185e-01 0.000000000000000000e+00
1.984999999999574527e+01 -5.323121741915070038e-01 0.000000000000000000e+00
1.989999999999574243e+01 -5.841749342906324971e-01 0.000000000000000000e+00
1.994999999999573959e+01 -6.183992126820107016e-01 0.000000000000000000e+00
