-1.995000000000199236e+01 -6.743221935377452514e-02 0.000000000000000000e+00
-1.990000000000199520e+01 -3.281074440526623448e-01 0.000000000000000000e+00
-1.985000000000199805e+01 -5.740822286351449089e-01 0.000000000000000000e+00
-1.980000000000200089e+01 -7.914846064463891828e-01 0.000000000000000000e+00
-1.975000000000200373e+01 -9.680449170483278465e-01 0.000000000000000000e+00
-1.970000000000200657e+01 -1.093837458627422876e+00 0.000000000000000000e+00
-1.965000000000200941e+01 -1.161876821199469667e+00 0.000000000000000000e+00
-1.960000000000201226e+01 -1.168540513703218320e+00 0.000000000000000000e+00
-1.955000000000201510e+01 -1.113782627752847976e+00 0.000000000000000000e+00
-1.950000000000201794e+01 -1.001133798113549300e+00 0.000000000000000000e+00
-1.945000000000202078e+01 -8.374784389282496910e-01 0.000000000000000000e+00
-1.940000000000202363e+01 -6.326316572029238028e-01 0.000000000000000000e+00
-1.935000000000202647e+01 -3.987332100846745497e-01 0.000000000000000000e+00
-1.930000000000202931e+01 -1.495048390923053860e-01 0.000000000000000000e+00
-1.925000000000203215e+01 1.005916455084710226e-01 0.000000000000000000e+00
-1.920000000000203499e+01 3.372344214169045173e-01 0.000000000000000000e+00
-1.915000000000203784e+01 5.471138383838471952e-01 0.000000000000000000e+00
-1.910000000000204068e+01 7.187337060228263796e-01 0.000000000000000000e+00
-1.905000000000204352e+01 8.431005863753044949e-01 0.000000000000000000e+00
-1.900000000000204636e+01 9.142495452834993319e-01 0.000000000000000000e+00
-1.895000000000204921e+01 9.295825365242060823e-01 0.000000000000000000e+00
-1.890000000000205205e+01 8.899900747708356930e-01 0.000000000000000000e+00
-1.885000000000205489e+01 7.997575369402838419e-01 0.000000000000000000e+00
-1.880000000000205773e+01 6.662542017096814151e-01 0.000000000000000000e+00
-1.875000000000206057e+01 4.994336930244428485e-01 0.000000000000000000e+00
-1.870000000000206342e+01 3.111692915178496111e-01 0.000000000000000000e+00
-1.865000000000206626e+01 1.144753238832353082e-01 0.000000000000000000e+00
-1.860000000000206910e+01 -7.734430798432928578e-02 0.000000000000000000e+00
-1.855000000000207194e+01 -2.515574530517856178e-01 0.000000000000000000e+00
-1.850000000000207478e+01 -3.968285715001307890e-01 0.000000000000000000e+00
-1.845000000000207763e+01 -5.039458202724491631e-01 0.000000000000000000e+00
-1.840000000000208047e+01 -5.664125468787817308e-01 0.000000000000000000e+00
-1.835000000000208331e+01 -5.808567092511023322e-01 0.000000000000000000e+00
-1.830000000000208615e+01 -5.472405899842852639e-01 0.000000000000000000e+00
-1.825000000000208900e+01 -4.688486358340154814e-01 0.000000000000000000e+00
-1.820000000000209184e+01 -3.520626609425741016e-01 0.000000000000000000e+00
-1.815000000000209468e+01 -2.059300119533815643e-01 0.000000000000000000e+00
-1.810000000000209752e+01 -4.156079940077507529e-02 0.000000000000000000e+00
-1.805000000000210036e+01 1.286159099119590643e-01 0.000000000000000000e+00
-1.800000000000210321e+01 2.916806963461109903e-01 0.000000000000000000e+00
-1.795000000000210605e+01 4.350925612922907915e-01 0.000000000000000000e+00
-1.790000000000210889e+01 5.475332962134291659e-01 0.000000000000000000e+00
-1.785000000000211173e+01 6.196813967361559650e-01 0.000000000000000000e+00
-1.780000000000211458e+01 6.448565809509900770e-01 0.000000000000000000e+00
-1.775000000000211742e+01 6.195011812122142025e-01 0.000000000000000000e+00
-1.770000000000212026e+01 5.434577534010116562e-01 0.000000000000000000e+00
-1.765000000000212310e+01 4.200322443291672481e-01 0.000000000000000000e+00
-1.760000000000212594e+01 2.558285124090641793e-01 0.000000000000000000e+00
-1.755000000000212879e+01 6.037166910005348219e-02 0.000000000000000000e+00
-1.750000000000213163e+01 -1.544658984884212383e-01 0.000000000000000000e+00
-1.745000000000213447e+01 -3.751921700698123696e-01 0.000000000000000000e+00
-1.740000000000213731e+01 -5.875402586072429045e-01 0.000000000000000000e+00
-1.735000000000214015e+01 -7.773689597707604815e-01 0.000000000000000000e+00
-1.730000000000214300e+01 -9.315709494802720814e-01 0.000000000000000000e+00
-1.725000000000214584e+01 -1.038922583719076975e+00 0.000000000000000000e+00
-1.720000000000214868e+01 -1.090829635670361508e+00 0.000000000000000000e+00
-1.715000000000215152e+01 -1.081912479736357735e+00 0.000000000000000000e+00
-1.710000000000215437e+01 -1.010401084647711611e+00 0.000000000000000000e+00
-1.705000000000215721e+01 -8.783048762807744714e-01 0.000000000000000000e+00
-1.700000000000216005e+01 -6.913535320844838017e-01 0.000000000000000000e+00
-1.695000000000216289e+01 -4.587020503676576544e-01 0.000000000000000000e+00
-1.690000000000216573e+01 -1.924252132732331977e-01 0.000000000000000000e+00
-1.685000000000216858e+01 9.317717013617246580e-02 0.000000000000000000e+00
-1.680000000000217142e+01 3.824138965982062377e-01 0.000000000000000000e+00
-1.675000000000217426e+01 6.591326411221472004e-01 0.000000000000000000e+00
-1.670000000000217710e+01 9.076814118363220052e-01 0.000000000000000000e+00
-1.665000000000217995e+01 1.113850504067461555e+00 0.000000000000000000e+00
-1.660000000000218279e+01 1.265728301755963070e+00 0.000000000000000000e+00
-1.655000000000218563e+01 1.354426359901074850e+00 0.000000000000000000e+00
-1.650000000000218847e+01 1.374620216317321786e+00 0.000000000000000000e+00
-1.645000000000219131e+01 1.324880609833027689e+00 0.000000000000000000e+00
-1.640000000000219416e+01 1.207765783942979176e+00 0.000000000000000000e+00
-1.635000000000219700e+01 1.029677227592842303e+00 0.000000000000000000e+00
-1.630000000000219984e+01 8.004789589504489600e-01 0.000000000000000000e+00
-1.625000000000220268e+01 5.329120071770463429e-01 0.000000000000000000e+00
-1.620000000000220552e+01 2.418315773097623467e-01 0.000000000000000000e+00
-1.615000000000220837e+01 -5.667774454737239953e-02 0.000000000000000000e+00
-1.610000000000221121e+01 -3.462626900120642226e-01 0.000000000000000000e+00
-1.605000000000221405e+01 -6.112703187859468423e-01 0.000000000000000000e+00
-1.600000000000221689e+01 -8.376741228389426031e-01 0.000000000000000000e+00
-1.595000000000221974e+01 -1.013891906280656174e+00 0.000000000000000000e+00
-1.590000000000222258e+01 -1.131453761035387640e+00 0.000000000000000000e+00
-1.585000000000222542e+01 -1.185471060493507700e+00 0.000000000000000000e+00
-1.580000000000222826e+01 -1.174886682746946187e+00 0.000000000000000000e+00
-1.575000000000223110e+01 -1.102483588494715061e+00 0.000000000000000000e+00
-1.570000000000223395e+01 -9.746608001737944171e-01 0.000000000000000000e+00
-1.565000000000223679e+01 -8.009835954862364327e-01 0.000000000000000000e+00
-1.560000000000223963e+01 -5.935456027918670774e-01 0.000000000000000000e+00
-1.555000000000224247e+01 -3.661754365774270159e-01 0.000000000000000000e+00
-1.550000000000224532e+01 -1.335469115297023279e-01 0.000000000000000000e+00
-1.545000000000224816e+01 8.975896032208541264e-02 0.000000000000000000e+00
-1.540000000000225100e+01 2.901723813663980578e-01 0.000000000000000000e+00
-1.535000000000225384e+01 4.559839301303916792e-01 0.000000000000000000e+00
-1.530000000000225668e+01 5.780626471056382609e-01 0.000000000000000000e+00
-1.525000000000225953e+01 6.504063921242386748e-01 0.000000000000000000e+00
-1.520000000000226237e+01 6.704818860329676555e-01 0.000000000000000000e+00
-1.515000000000226521e+01 6.393420049384048731e-01 0.000000000000000000e+00
-1.510000000000226805e+01 5.615054410262666496e-01 0.000000000000000000e+00
-1.505000000000227089e+01 4.446156941032387566e-01 0.000000000000000000e+00
-1.500000000000227374e+01 2.988937674778244236e-01 0.000000000000000000e+00
-1.495000000000227658e+01 1.364287697628703555e-01 0.000000000000000000e+00
-1.490000000000227942e+01 1.565495996779493748e-01 0.000000000000000000e+00
-1.485000000000228226e+01 4.125971898760349976e-02 0.000000000000000000e+00
-1.480000000000228511e+01 -5.949336126422188897e-02 0.000000000000000000e+00
-1.475000000000228795e+01 -1.361282405135105789e-01 0.000000000000000000e+00
-1.470000000000229079e+01 -1.811147908085019020e-01 0.000000000000000000e+00
-1.465000000000229363e+01 -1.895442092642207754e-01 0.000000000000000000e+00
-1.460000000000229647e+01 -1.594989778796781499e-01 0.000000000000000000e+00
-1.455000000000229932e+01 -9.221419892007343133e-02 0.000000000000000000e+00
-1.450000000000230216e+01 7.974773798342882358e-03 0.000000000000000000e+00
-1.445000000000230500e+01 1.339086482212876739e-01 0.000000000000000000e+00
-1.440000000000230784e+01 2.760728068304299510e-01 0.000000000000000000e+00
-1.435000000000231068e+01 4.232430269059829220e-01 0.000000000000000000e+00
-1.430000000000231353e+01 5.632515282494645614e-01 0.000000000000000000e+00
-1.425000000000231637e+01 6.838382783162157974e-01 0.000000000000000000e+00
-1.420000000000231921e+01 7.735166087722958883e-01 0.000000000000000000e+00
-1.415000000000232205e+01 8.224107237821899341e-01 0.000000000000000000e+00
-1.410000000000232490e+01 8.229941270444747214e-01 0.000000000000000000e+00
-1.405000000000232774e+01 7.706938220026520181e-01 0.000000000000000000e+00
-1.400000000000233058e+01 6.643035208363072819e-01 0.000000000000000000e+00
-1.395000000000233342e+01 5.061909124592093301e-01 0.000000000000000000e+00
-1.390000000000233626e+01 3.022672153390266736e-01 0.000000000000000000e+00
-1.385000000000233911e+01 6.173220723357886186e-02 0.000000000000000000e+00
-1.380000000000234195e+01 -2.034074600198945149e-01 0.000000000000000000e+00
-1.375000000000234479e+01 -4.790043928522907390e-01 0.000000000000000000e+00
-1.370000000000234763e+01 -7.495964455946683147e-01 0.000000000000000000e+00
-1.365000000000235048e+01 -9.993275944416549761e-01 0.000000000000000000e+00
-1.360000000000235332e+01 -1.212921878313376389e+00 0.000000000000000000e+00
-1.355000000000235616e+01 -1.376634869505267700e+00 0.000000000000000000e+00
-1.350000000000235900e+01 -1.479137608738131604e+00 0.000000000000000000e+00
-1.345000000000236184e+01 -1.512261815305168788e+00 0.000000000000000000e+00
-1.340000000000236469e+01 -1.471573037495578440e+00 0.000000000000000000e+00
-1.335000000000236753e+01 -1.356718954943366029e+00 0.000000000000000000e+00
-1.330000000000237037e+01 -1.171543191641497561e+00 0.000000000000000000e+00
-1.325000000000237321e+01 -9.239401738199377601e-01 0.000000000000000000e+00
-1.320000000000237605e+01 -6.254715285017529158e-01 0.000000000000000000e+00
-1.315000000000237890e+01 -2.907501947344433013e-01 0.000000000000000000e+00
-1.310000000000238174e+01 6.335775336292462367e-02 0.000000000000000000e+00
-1.305000000000238458e+01 4.186815528892309235e-01 0.000000000000000000e+00
-1.300000000000238742e+01 7.567734156876710916e-01 0.000000000000000000e+00
-1.295000000000239027e+01 1.059968645137812526e+00 0.000000000000000000e+00
-1.290000000000239311e+01 1.312399641642917114e+00 0.000000000000000000e+00
-1.285000000000239595e+01 1.500917212324116790e+00 0.000000000000000000e+00
-1.280000000000239879e+01 1.615848553281458377e+00 0.000000000000000000e+00
-1.275000000000240163e+01 1.651560481695994564e+00 0.000000000000000000e+00
-1.270000000000240448e+01 1.606778811022469444e+00 0.000000000000000000e+00
-1.265000000000240732e+01 1.484658955027882588e+00 0.000000000000000000e+00
-1.260000000000241016e+01 1.292588571378796569e+00 0.000000000000000000e+00
-1.255000000000241300e+01 1.041748748316363882e+00 0.000000000000000000e+00
-1.250000000000241585e+01 7.464455791041120225e-01 0.000000000000000000e+00
-1.245000000000241869e+01 4.232672950580252946e-01 0.000000000000000000e+00
-1.240000000000242153e+01 9.010338647464111173e-02 0.000000000000000000e+00
-1.235000000000242437e+01 -2.349001996942602366e-01 0.000000000000000000e+00
-1.230000000000242721e+01 -5.344012151775177077e-01 0.000000000000000000e+00
-1.225000000000243006e+01 -7.928579760327580939e-01 0.000000000000000000e+00
-1.220000000000243290e+01 -9.974176183971951160e-01 0.000000000000000000e+00
-1.215000000000243574e+01 -1.138628007320937163e+00 0.000000000000000000e+00
-1.210000000000243858e+01 -1.210945794911872264e+00 0.000000000000000000e+00
-1.205000000000244142e+01 -1.212996563599863631e+00 0.000000000000000000e+00
-1.200000000000244427e+01 -1.147587542581860909e+00 0.000000000000000000e+00
-1.195000000000244711e+01 -1.021459458947571619e+00 0.000000000000000000e+00
-1.190000000000244995e+01 -8.448093056536838397e-01 0.000000000000000000e+00
-1.185000000000245279e+01 -6.306006648476012444e-01 0.000000000000000000e+00
-1.180000000000245564e+01 -3.937203045632578502e-01 0.000000000000000000e+00
-1.175000000000245848e+01 -1.500198749990561686e-01 0.000000000000000000e+00
-1.170000000000246132e+01 8.468256230262038997e-02 0.000000000000000000e+00
-1.165000000000246416e+01 2.955934227552164950e-01 0.000000000000000000e+00
-1.160000000000246700e+01 4.698509300670241084e-01 0.000000000000000000e+00
-1.155000000000246985e+01 5.973075758917407718e-01 0.000000000000000000e+00
-1.150000000000247269e+01 6.711254732003537615e-01 0.000000000000000000e+00
-1.145000000000247553e+01 6.881633923917640505e-01 0.000000000000000000e+00
-1.140000000000247837e+01 5.465497848311064999e-01 0.000000000000000000e+00
-1.135000000000248122e+01 5.188749117898210361e-01 0.000000000000000000e+00
-1.130000000000248406e+01 4.500191746121856573e-01 0.000000000000000000e+00
-1.125000000000248690e+01 3.475256552586964975e-01 0.000000000000000000e+00
-1.120000000000248974e+01 2.210507151961438876e-01 0.000000000000000000e+00
-1.115000000000249258e+01 8.166481510434966951e-02 0.000000000000000000e+00
-1.110000000000249543e+01 -5.893875061020947825e-02 0.000000000000000000e+00
-1.105000000000249827e+01 -1.892513466768251940e-01 0.000000000000000000e+00
-1.100000000000250111e+01 -2.987425122633298180e-01 0.000000000000000000e+00
-1.095000000000250395e+01 -3.785647596675084658e-01 0.000000000000000000e+00
-1.090000000000250679e+01 -4.221472788400293386e-01 0.000000000000000000e+00
-1.085000000000250964e+01 -4.256178990267266427e-01 0.000000000000000000e+00
-1.080000000000251248e+01 -3.880502168816286623e-01 0.000000000000000000e+00
-1.075000000000251532e+01 -3.114985518784727514e-01 0.000000000000000000e+00
-1.070000000000251816e+01 -2.008433260044020230e-01 0.000000000000000000e+00
-1.065000000000252101e+01 -6.343602356690503097e-02 0.000000000000000000e+00
-1.060000000000252385e+01 9.140819942944594656e-02 0.000000000000000000e+00
-1.055000000000252669e+01 2.530581897937503877e-01 0.000000000000000000e+00
-1.050000000000252953e+01 4.102879156595756749e-01 0.000000000000000000e+00
-1.045000000000253237e+01 5.520454235256813114e-01 0.000000000000000000e+00
-1.040000000000253522e+01 6.681954431329407695e-01 0.000000000000000000e+00
-1.035000000000253806e+01 7.502092154969506321e-01 0.000000000000000000e+00
-1.030000000000254090e+01 7.917331890469889721e-01 0.000000000000000000e+00
-1.025000000000254374e+01 7.890221376996284786e-01 0.000000000000000000e+00
-1.020000000000254659e+01 7.411857567809144731e-01 0.000000000000000000e+00
-1.015000000000254943e+01 6.502558779351635954e-01 0.000000000000000000e+00
-1.010000000000255227e+01 5.210477869343805857e-01 0.000000000000000000e+00
-1.005000000000255511e+01 3.608483581115114469e-01 0.000000000000000000e+00
-1.000000000000255795e+01 1.789296038995905058e-01 0.000000000000000000e+00
-9.950000000002560796e+00 -1.405671539627312283e-02 0.000000000000000000e+00
-9.900000000002563638e+00 -2.067853815385976846e-01 0.000000000000000000e+00
-9.850000000002566480e+00 -3.879951519689689432e-01 0.000000000000000000e+00
-9.800000000002569323e+00 -5.472303883757141385e-01 0.000000000000000000e+00
-9.750000000002572165e+00 -6.755150296260630238e-01 0.000000000000000000e+00
-9.700000000002575007e+00 -7.659365484754614428e-01 0.000000000000000000e+00
-9.650000000002577849e+00 -8.140784199664354848e-01 0.000000000000000000e+00
-9.600000000002580691e+00 -8.182950045581744991e-01 0.000000000000000000e+00
-9.550000000002583533e+00 -7.797880274095816411e-01 0.000000000000000000e+00
-9.500000000002586376e+00 -7.025023235623533147e-01 0.000000000000000000e+00
-9.450000000002589218e+00 -5.928254014588139054e-01 0.000000000000000000e+00
-9.400000000002592060e+00 -4.591337195931453063e-01 0.000000000000000000e+00
-9.350000000002594902e+00 -3.111937282859330578e-01 0.000000000000000000e+00
-9.300000000002597744e+00 -1.594807025939758427e-01 0.000000000000000000e+00
-9.250000000002600586e+00 -1.443893179787525405e-02 0.000000000000000000e+00
-9.200000000002603429e+00 1.142439438231165894e-01 0.000000000000000000e+00
-9.150000000002606271e+00 2.183214442377725550e-01 0.000000000000000000e+00
-9.100000000002609113e+00 2.915620521993242953e-01 0.000000000000000000e+00
-9.050000000002611955e+00 3.301949386569291711e-01 0.000000000000000000e+00
-9.000000000002614797e+00 3.331735856650828165e-01 0.000000000000000000e+00
-8.950000000002617639e+00 3.022602857287685074e-01 0.000000000000000000e+00
-8.900000000002620482e+00 2.419014395201624090e-01 0.000000000000000000e+00
-8.850000000002623324e+00 1.589225363876138886e-01 0.000000000000000000e+00
-8.800000000002626166e+00 6.203900637986087263e-02 0.000000000000000000e+00
-8.750000000002629008e+00 -3.876335755428378382e-02 0.000000000000000000e+00
-8.700000000002631850e+00 -1.329604067627497832e-01 0.000000000000000000e+00
-8.650000000002634692e+00 -2.102631135669490448e-01 0.000000000000000000e+00
-8.600000000002637535e+00 -2.614028895065544367e-01 0.000000000000000000e+00
-8.550000000002640377e+00 -2.788526985717766360e-01 0.000000000000000000e+00
-8.500000000002643219e+00 -2.574561027420710912e-01 0.000000000000000000e+00
-8.450000000002646061e+00 -1.948968599610252372e-01 0.000000000000000000e+00
-8.400000000002648903e+00 -9.199620570731448232e-02 0.000000000000000000e+00
-8.350000000002651745e+00 4.720905079866122289e-02 0.000000000000000000e+00
-8.300000000002654588e+00 2.155958068013067441e-01 0.000000000000000000e+00
-8.250000000002657430e+00 4.033108018084753388e-01 0.000000000000000000e+00
-8.200000000002660272e+00 5.983135173594551492e-01 0.000000000000000000e+00
-8.150000000002663114e+00 7.870978641827224287e-01 0.000000000000000000e+00
-8.100000000002665956e+00 9.555277951770909661e-01 0.000000000000000000e+00
-8.050000000002668799e+00 1.089758316933544302e+00 0.000000000000000000e+00
-8.000000000002671641e+00 1.177162160581574746e+00 0.000000000000000000e+00
-7.950000000002674483e+00 1.207225316821664896e+00 0.000000000000000000e+00
-7.900000000002677325e+00 1.172330737147506019e+00 0.000000000000000000e+00
-7.850000000002680167e+00 1.068399830162876096e+00 0.000000000000000000e+00
-7.800000000002683009e+00 8.953246409160339203e-01 0.000000000000000000e+00
-7.750000000002685852e+00 6.571802462812873502e-01 0.000000000000000000e+00
-7.700000000002688694e+00 3.621753967456653456e-01 0.000000000000000000e+00
-7.650000000002691536e+00 2.235973032444960040e-02 0.000000000000000000e+00
-7.600000000002694378e+00 -3.469236314379305908e-01 0.000000000000000000e+00
-7.550000000002697220e+00 -7.277909861667890556e-01 0.000000000000000000e+00
-7.500000000002700062e+00 -1.100758657303144039e+00 0.000000000000000000e+00
-7.450000000002702905e+00 -1.445796910514438371e+00 0.000000000000000000e+00
-7.400000000002705747e+00 -1.743459329143167036e+00 0.000000000000000000e+00
-7.350000000002708589e+00 -1.975999803594122639e+00 0.000000000000000000e+00
-7.300000000002711431e+00 -2.128433251903099066e+00 0.000000000000000000e+00
-7.250000000002714273e+00 -2.189454115344988239e+00 0.000000000000000000e+00
-7.200000000002717115e+00 -2.152178487785103123e+00 0.000000000000000000e+00
-7.150000000002719958e+00 -2.014641041914796649e+00 0.000000000000000000e+00
-7.100000000002722800e+00 -1.780036062349589443e+00 0.000000000000000000e+00
-7.050000000002725642e+00 -1.456662260399238740e+00 0.000000000000000000e+00
-7.000000000002728484e+00 -1.057592477444202039e+00 0.000000000000000000e+00
-6.950000000002731326e+00 -6.000612259285530437e-01 0.000000000000000000e+00
-6.900000000002734168e+00 -1.046238547155936005e-01 0.000000000000000000e+00
-6.850000000002737011e+00 4.058895149991785245e-01 0.000000000000000000e+00
-6.800000000002739853e+00 9.075456832343382629e-01 0.000000000000000000e+00
-6.750000000002742695e+00 1.376562608601444637e+00 0.000000000000000000e+00
-6.700000000002745537e+00 1.790553816302240087e+00 0.000000000000000000e+00
-6.650000000002748379e+00 2.129714996404722172e+00 0.000000000000000000e+00
-6.600000000002751221e+00 2.377863792018727551e+00 0.000000000000000000e+00
-6.550000000002754064e+00 2.523296179986017851e+00 0.000000000000000000e+00
-6.500000000002756906e+00 2.559389244886236092e+00 0.000000000000000000e+00
-6.450000000002759748e+00 2.484938782727501128e+00 0.000000000000000000e+00
-6.400000000002762590e+00 2.304191387015332992e+00 0.000000000000000000e+00
-6.350000000002765432e+00 2.026592274968844087e+00 0.000000000000000000e+00
-6.300000000002768274e+00 1.666242416480184785e+00 0.000000000000000000e+00
-6.250000000002771117e+00 1.241119134997840989e+00 0.000000000000000000e+00
-6.200000000002773959e+00 7.720837755258812551e-01 0.000000000000000000e+00
-6.150000000002776801e+00 2.817559184037462527e-01 0.000000000000000000e+00
-6.100000000002779643e+00 -2.067030938006078067e-01 0.000000000000000000e+00
-6.050000000002782485e+00 -6.708059832375714571e-01 0.000000000000000000e+00
-6.000000000002785328e+00 -1.089908010460193699e+00 0.000000000000000000e+00
-5.950000000002788170e+00 -1.446240993213679937e+00 0.000000000000000000e+00
-5.900000000002791012e+00 -1.725778192300799097e+00 0.000000000000000000e+00
-5.850000000002793854e+00 -1.918862085412754492e+00 0.000000000000000000e+00
-5.800000000002796696e+00 -2.020585303939169020e+00 0.000000000000000000e+00
-5.750000000002799538e+00 -2.030886065764212489e+00 0.000000000000000000e+00
-5.700000000002802381e+00 -1.954380191725162863e+00 0.000000000000000000e+00
-5.650000000002805223e+00 -1.799923488933867555e+00 0.000000000000000000e+00
-5.600000000002808065e+00 -1.579957656356553830e+00 0.000000000000000000e+00
-5.550000000002810907e+00 -1.309661392235073052e+00 0.000000000000000000e+00
-5.500000000002813749e+00 -1.005982870876323210e+00 0.000000000000000000e+00
-5.450000000002816591e+00 -6.865921242195552887e-01 0.000000000000000000e+00
-5.400000000002819434e+00 -3.688391790812779458e-01 0.000000000000000000e+00
-5.350000000002822276e+00 -6.875855420762366776e-02 0.000000000000000000e+00
-5.300000000002825118e+00 1.997996797104857336e-01 0.000000000000000000e+00
-5.250000000002827960e+00 4.258845402211265396e-01 0.000000000000000000e+00
-5.200000000002830802e+00 6.019435498276163310e-01 0.000000000000000000e+00
-5.150000000002833644e+00 7.241035666569390905e-01 0.000000000000000000e+00
-5.100000000002836487e+00 7.922000820032337742e-01 0.000000000000000000e+00
-5.050000000002839329e+00 8.095813782273379999e-01 0.000000000000000000e+00
-5.000000000002842171e+00 7.826843440490959258e-01 0.000000000000000000e+00
-4.950000000002845013e+00 7.204361774446326194e-01 0.000000000000000000e+00
-4.900000000002847855e+00 6.335030647386405978e-01 0.000000000000000000e+00
-4.850000000002850697e+00 5.334592887384439486e-01 0.000000000000000000e+00
-4.800000000002853540e+00 4.319109326083824252e-01 0.000000000000000000e+00
-4.750000000002856382e+00 3.396537617032376888e-01 0.000000000000000000e+00
-4.700000000002859224e+00 2.658983833158732324e-01 0.000000000000000000e+00
-4.650000000002862066e+00 2.176340873639116547e-01 0.000000000000000000e+00
-4.600000000002864908e+00 1.991498181067857809e-01 0.000000000000000000e+00
-4.550000000002867750e+00 2.117634814231734719e-01 0.000000000000000000e+00
-4.500000000002870593e+00 2.537536654859010588e-01 0.000000000000000000e+00
-4.450000000002873435e+00 3.205179415462495740e-01 0.000000000000000000e+00
-4.400000000002876277e+00 4.049238952147329318e-01 0.000000000000000000e+00
-4.350000000002879119e+00 4.978499415159123309e-01 0.000000000000000000e+00
-4.300000000002881961e+00 5.888575269543978585e-01 0.000000000000000000e+00
-4.250000000002884804e+00 6.669712579266389163e-01 0.000000000000000000e+00
-4.200000000002887646e+00 7.214933938136554037e-01 0.000000000000000000e+00
-4.150000000002890488e+00 7.428202904987883937e-01 0.000000000000000000e+00
-4.100000000002893330e+00 7.231850691784638130e-01 0.000000000000000000e+00
-4.050000000002896172e+00 6.572987653676802822e-01 0.000000000000000000e+00
-4.000000000002899014e+00 5.428254596149731936e-01 0.000000000000000000e+00
-3.950000000002901857e+00 3.806806394660713355e-01 0.000000000000000000e+00
-3.900000000002904699e+00 1.751100201919086885e-01 0.000000000000000000e+00
-3.850000000002907541e+00 -6.643689970111088527e-02 0.000000000000000000e+00
-3.800000000002910383e+00 -3.336545156122370237e-01 0.000000000000000000e+00
-3.750000000002913225e+00 -6.139088952478111150e-01 0.000000000000000000e+00
-3.700000000002916067e+00 -8.929363372090132200e-01 0.000000000000000000e+00
-3.650000000002918910e+00 -1.155649470933216350e+00 0.000000000000000000e+00
-3.600000000002921752e+00 -1.387023955844043144e+00 0.000000000000000000e+00
-3.550000000002924594e+00 -1.572990528632586038e+00 0.000000000000000000e+00
-3.500000000002927436e+00 -1.701299721470499904e+00 0.000000000000000000e+00
-3.450000000002930278e+00 -1.762284920243653019e+00 0.000000000000000000e+00
-3.400000000002933120e+00 -1.749498527168957374e+00 0.000000000000000000e+00
-3.350000000002935963e+00 -1.660160425157233277e+00 0.000000000000000000e+00
-3.300000000002938805e+00 -1.495412219324063763e+00 0.000000000000000000e+00
-3.250000000002941647e+00 -1.260339229009388884e+00 0.000000000000000000e+00
-3.200000000002944489e+00 -9.637790908112288113e-01 0.000000000000000000e+00
-3.150000000002947331e+00 -6.179054318267278578e-01 0.000000000000000000e+00
-3.100000000002950173e+00 -2.376314004936160296e-01 0.000000000000000000e+00
-3.050000000002953016e+00 1.601546352077858060e-01 0.000000000000000000e+00
-3.000000000002955858e+00 5.574561329432001777e-01 0.000000000000000000e+00
-2.950000000002958700e+00 9.361102517069869178e-01 0.000000000000000000e+00
-2.900000000002961542e+00 1.278729510969408345e+00 0.000000000000000000e+00
-2.850000000002964384e+00 1.569611510559191458e+00 0.000000000000000000e+00
-2.800000000002967226e+00 1.795544218362838951e+00 0.000000000000000000e+00
-2.750000000002970069e+00 1.946483758452079549e+00 0.000000000000000000e+00
-2.700000000002972911e+00 2.016046424128225656e+00 0.000000000000000000e+00
-2.650000000002975753e+00 2.001810669236066431e+00 0.000000000000000000e+00
-2.600000000002978595e+00 1.905393089759722436e+00 0.000000000000000000e+00
-2.550000000002981437e+00 1.732318484013500193e+00 0.000000000000000000e+00
-2.500000000002984279e+00 1.491672949498890954e+00 0.000000000000000000e+00
-2.450000000002987122e+00 1.195584122479911748e+00 0.000000000000000000e+00
-2.400000000002989964e+00 8.585392335766988126e-01 0.000000000000000000e+00
-2.350000000002992806e+00 4.966031991912829846e-01 0.000000000000000000e+00
-2.300000000002995648e+00 1.265609592430992358e-01 0.000000000000000000e+00
-2.250000000002998490e+00 -2.349455242899117779e-01 0.000000000000000000e+00
-2.200000000003001333e+00 -5.722588905152961036e-01 0.000000000000000000e+00
-2.150000000003004175e+00 -8.714594679778119302e-01 0.000000000000000000e+00
-2.100000000003007017e+00 -1.121011777190865422e+00 0.000000000000000000e+00
-2.050000000003009859e+00 -1.312250770257086252e+00 0.000000000000000000e+00
-2.000000000003012701e+00 -1.439707090640883091e+00 0.000000000000000000e+00
-1.950000000003015543e+00 -1.501237774075692144e+00 0.000000000000000000e+00
-1.900000000003018386e+00 -1.497983217408961565e+00 0.000000000000000000e+00
-1.850000000003021228e+00 -1.434138536811007558e+00 0.000000000000000000e+00
-1.800000000003024070e+00 -1.316580629506847622e+00 0.000000000000000000e+00
-1.750000000003026912e+00 -1.154357183776854923e+00 0.000000000000000000e+00
-1.700000000003029754e+00 -9.580936398906552132e-01 0.000000000000000000e+00
-1.650000000003032596e+00 -7.393348087863257367e-01 0.000000000000000000e+00
-1.600000000003035439e+00 -5.098828824507972701e-01 0.000000000000000000e+00
-1.550000000003038281e+00 -2.811493466259322727e-01 0.000000000000000000e+00
-1.500000000003041123e+00 -6.357847555862505828e-02 0.000000000000000000e+00
-1.450000000003043965e+00 1.338485389915321511e-01 0.000000000000000000e+00
-1.400000000003046807e+00 3.039833820606647752e-01 0.000000000000000000e+00
-1.350000000003049649e+00 4.417603656710520355e-01 0.000000000000000000e+00
-1.300000000003052492e+00 5.442976198114990449e-01 0.000000000000000000e+00
-1.250000000003055334e+00 6.108733589342449921e-01 0.000000000000000000e+00
-1.200000000003058176e+00 6.427658826253934699e-01 0.000000000000000000e+00
-1.150000000003061018e+00 6.429965767621608208e-01 0.000000000000000000e+00
-1.100000000003063860e+00 6.159777520752183211e-01 0.000000000000000000e+00
-1.050000000003066702e+00 5.671145181036292282e-01 0.000000000000000000e+00
-1.000000000003069545e+00 5.023687240802263698e-01 0.000000000000000000e+00
-9.500000000030723868e-01 4.278363245502183609e-01 0.000000000000000000e+00
-9.000000000030752290e-01 3.493443685099829610e-01 0.000000000000000000e+00
-8.500000000030780711e-01 2.721133845084452441e-01 0.000000000000000000e+00
-8.000000000030809133e-01 2.004825687762670228e-01 0.000000000000000000e+00
-7.500000000030837555e-01 1.377322316239550926e-01 0.000000000000000000e+00
-7.000000000030865976e-01 8.598795964970401551e-02 0.000000000000000000e+00
-6.500000000030894398e-01 4.622728271961318303e-02 0.000000000000000000e+00
-6.000000000030922820e-01 1.835991949505642873e-02 0.000000000000000000e+00
-5.500000000030951242e-01 1.390180505530289046e-03 0.000000000000000000e+00
-5.000000000030979663e-01 -6.377587807484624838e-03 0.000000000000000000e+00
-4.500000000031008085e-01 -7.089485737220457828e-03 0.000000000000000000e+00
-4.000000000031036507e-01 -3.092007103041582994e-03 0.000000000000000000e+00
-3.500000000031064928e-01 3.318479875319746419e-03 0.000000000000000000e+00
-3.000000000031093350e-01 1.010540749524546644e-02 0.000000000000000000e+00
-2.500000000031121772e-01 1.566604360963275155e-02 0.000000000000000000e+00
-2.000000000031150194e-01 1.893645892805495556e-02 0.000000000000000000e+00
-1.500000000031178615e-01 1.944244735396216672e-02 0.000000000000000000e+00
-1.000000000031207037e-01 1.727397440373851234e-02 0.000000000000000000e+00
-5.000000000312354587e-02 1.300948669630208610e-02 0.000000000000000000e+00
-3.126388037344440818e-12 7.578443926479161430e-03 0.000000000000000000e+00
4.999999999687076979e-02 2.097825826631267987e-03 0.000000000000000000e+00
9.999999999686792762e-02 -2.321653245494159634e-03 0.000000000000000000e+00
1.499999999968650854e-01 -4.759125163028343763e-03 0.000000000000000000e+00
1.999999999968622433e-01 -4.659425626002966503e-03 0.000000000000000000e+00
2.499999999968594011e-01 -1.962067220397600842e-03 0.000000000000000000e+00
2.999999999968565589e-01 2.809850565708815751e-03 0.000000000000000000e+00
3.499999999968537168e-01 8.532901070185672232e-03 0.000000000000000000e+00
3.999999999968508746e-01 1.352271076529787397e-02 0.000000000000000000e+00
4.499999999968480324e-01 1.565082382505955660e-02 0.000000000000000000e+00
4.999999999968451903e-01 1.251156737996461654e-02 0.000000000000000000e+00
5.499999999968423481e-01 1.648993321487435271e-03 0.000000000000000000e+00
5.999999999968395059e-01 -1.919384202327678590e-02 0.000000000000000000e+00
6.499999999968366637e-01 -5.180162749451541759e-02 0.000000000000000000e+00
6.999999999968338216e-01 -9.723323815995471575e-02 0.000000000000000000e+00
7.499999999968309794e-01 -1.555891446868186423e-01 0.000000000000000000e+00
7.999999999968281372e-01 -2.258430170344738475e-01 0.000000000000000000e+00
8.499999999968252951e-01 -3.057349612976574260e-01 0.000000000000000000e+00
8.999999999968224529e-01 -3.917625180368605742e-01 0.000000000000000000e+00
9.499999999968196107e-01 -4.792569235527798233e-01 0.000000000000000000e+00
9.999999999968167685e-01 -5.625685748879342141e-01 0.000000000000000000e+00
1.049999999996813926e+00 -6.353355678430322451e-01 0.000000000000000000e+00
1.099999999996811084e+00 -6.908450604114402260e-01 0.000000000000000000e+00
1.149999999996808242e+00 -7.224475804109622423e-01 0.000000000000000000e+00
1.199999999996805400e+00 -7.240216709115979699e-01 0.000000000000000000e+00
1.249999999996802558e+00 -6.904389533494353914e-01 0.000000000000000000e+00
1.299999999996799716e+00 -6.180200430435139891e-01 0.000000000000000000e+00
1.349999999996796873e+00 -5.049281342759518454e-01 0.000000000000000000e+00
1.399999999996794031e+00 -3.514914716634732206e-01 0.000000000000000000e+00
1.449999999996791189e+00 -1.604064827392066017e-01 0.000000000000000000e+00
1.499999999996788347e+00 6.317825994001824430e-02 0.000000000000000000e+00
1.549999999996785505e+00 3.117329320347703714e-01 0.000000000000000000e+00
1.599999999996782662e+00 5.755566121373565380e-01 0.000000000000000000e+00
1.649999999996779820e+00 8.431449218613573660e-01 0.000000000000000000e+00
1.699999999996776978e+00 1.101681128887962435e+00 0.000000000000000000e+00
1.749999999996774136e+00 1.337650677175969083e+00 0.000000000000000000e+00
1.799999999996771294e+00 1.537528156474597285e+00 0.000000000000000000e+00
1.849999999996768452e+00 1.688522148053838157e+00 0.000000000000000000e+00
1.899999999996765609e+00 1.779315854718134027e+00 0.000000000000000000e+00
1.949999999996762767e+00 1.800782051794326044e+00 0.000000000000000000e+00
1.999999999996759925e+00 1.746608164772141203e+00 0.000000000000000000e+00
2.049999999996757083e+00 1.613812965241979480e+00 0.000000000000000000e+00
2.099999999996754241e+00 1.403098702279738985e+00 0.000000000000000000e+00
2.149999999996751399e+00 1.119032882932025075e+00 0.000000000000000000e+00
2.199999999996748556e+00 7.700203422507226891e-01 0.000000000000000000e+00
2.249999999996745714e+00 3.680798392099787208e-01 0.000000000000000000e+00
2.299999999996742872e+00 -7.159204687638276443e-02 0.000000000000000000e+00
2.349999999996740030e+00 -5.312325030115641056e-01 0.000000000000000000e+00
2.399999999996737188e+00 -9.912942697118356516e-01 0.000000000000000000e+00
2.449999999996734346e+00 -1.431339718228584079e+00 0.000000000000000000e+00
2.499999999996731503e+00 -1.831024292349870741e+00 0.000000000000000000e+00
2.549999999996728661e+00 -2.171097915619925711e+00 0.000000000000000000e+00
2.599999999996725819e+00 -2.434392960933131622e+00 0.000000000000000000e+00
2.649999999996722977e+00 -2.606724515214301707e+00 0.000000000000000000e+00
2.699999999996720135e+00 -2.677674537491686824e+00 0.000000000000000000e+00
2.749999999996717293e+00 -2.641194455136654184e+00 0.000000000000000000e+00
2.799999999996714450e+00 -2.496012003378127897e+00 0.000000000000000000e+00
2.849999999996711608e+00 -2.245795738129207741e+00 0.000000000000000000e+00
2.899999999996708766e+00 -1.899085578081802783e+00 0.000000000000000000e+00
2.949999999996705924e+00 -1.468967803161639774e+00 0.000000000000000000e+00
2.999999999996703082e+00 -9.725289197209459058e-01 0.000000000000000000e+00
3.049999999996700240e+00 -4.300924836032465337e-01 0.000000000000000000e+00
3.099999999996697397e+00 1.357028873154034754e-01 0.000000000000000000e+00
3.149999999996694555e+00 7.009595860598936135e-01 0.000000000000000000e+00
3.199999999996691713e+00 1.241636681619360694e+00 0.000000000000000000e+00
3.249999999996688871e+00 1.734689491709315190e+00 0.000000000000000000e+00
3.299999999996686029e+00 2.159153557753604513e+00 0.000000000000000000e+00
3.349999999996683187e+00 2.497138571155059772e+00 0.000000000000000000e+00
3.399999999996680344e+00 2.734660179876293284e+00 0.000000000000000000e+00
3.449999999996677502e+00 2.862288453816544731e+00 0.000000000000000000e+00
3.499999999996674660e+00 2.875559236796314089e+00 0.000000000000000000e+00
3.549999999996671818e+00 2.775149510669186359e+00 0.000000000000000000e+00
3.599999999996668976e+00 2.566788153174500930e+00 0.000000000000000000e+00
3.649999999996666133e+00 2.260929770216169477e+00 0.000000000000000000e+00
3.699999999996663291e+00 1.872189466225490984e+00 0.000000000000000000e+00
3.749999999996660449e+00 1.418591170875968865e+00 0.000000000000000000e+00
3.799999999996657607e+00 9.206494064138031064e-01 0.000000000000000000e+00
3.849999999996654765e+00 4.003550121224923042e-01 0.000000000000000000e+00
3.899999999996651923e+00 -1.199024751228632280e-01 0.000000000000000000e+00
3.949999999996649080e+00 -6.183982072582239198e-01 0.000000000000000000e+00
3.999999999996646238e+00 -1.075087510646521860e+00 0.000000000000000000e+00
4.049999999996643396e+00 -1.472501008705165759e+00 0.000000000000000000e+00
4.099999999996640554e+00 -1.796496558143079181e+00 0.000000000000000000e+00
4.149999999996637712e+00 -2.036811435646652235e+00 0.000000000000000000e+00
4.199999999996634870e+00 -2.187411952005319460e+00 0.000000000000000000e+00
4.249999999996632027e+00 -2.246606853977135998e+00 0.000000000000000000e+00
4.299999999996629185e+00 -2.216946210295233310e+00 0.000000000000000000e+00
4.349999999996626343e+00 -2.104896854613429458e+00 0.000000000000000000e+00
4.399999999996623501e+00 -1.920339592215284164e+00 0.000000000000000000e+00
4.449999999996620659e+00 -1.675900244662791971e+00 0.000000000000000000e+00
4.499999999996617817e+00 -1.386177089047130107e+00 0.000000000000000000e+00
4.549999999996614974e+00 -1.066889544528074829e+00 0.000000000000000000e+00
4.599999999996612132e+00 -7.340182321523016640e-01 0.000000000000000000e+00
4.649999999996609290e+00 -4.029632871583674891e-01 0.000000000000000000e+00
4.699999999996606448e+00 -8.778753158310781401e-02 0.000000000000000000e+00
4.749999999996603606e+00 1.994373669199549504e-01 0.000000000000000000e+00
4.799999999996600764e+00 4.491285082525194872e-01 0.000000000000000000e+00
4.849999999996597921e+00 6.545321563272694654e-01 0.000000000000000000e+00
4.899999999996595079e+00 8.118734215358108797e-01 0.000000000000000000e+00
4.949999999996592237e+00 9.203357167275481032e-01 0.000000000000000000e+00
4.999999999996589395e+00 9.818571986120641082e-01 0.000000000000000000e+00
5.049999999996586553e+00 1.000787931417917997e+00 0.000000000000000000e+00
5.099999999996583711e+00 9.834025735927104384e-01 0.000000000000000000e+00
5.149999999996580868e+00 9.373667642186653826e-01 0.000000000000000000e+00
5.199999999996578026e+00 8.710154068522438786e-01 0.000000000000000000e+00
5.249999999996575184e+00 1.145514523604149737e+00 0.000000000000000000e+00
5.299999999996572342e+00 1.115918405265824198e+00 0.000000000000000000e+00
5.349999999996569500e+00 1.063948162368834716e+00 0.000000000000000000e+00
5.399999999996566658e+00 9.937436656209048813e-01 0.000000000000000000e+00
5.449999999996563815e+00 9.093825164234894398e-01 0.000000000000000000e+00
5.499999999996560973e+00 8.146637732455961345e-01 0.000000000000000000e+00
5.549999999996558131e+00 7.129426847844378967e-01 0.000000000000000000e+00
5.599999999996555289e+00 6.070051863532675007e-01 0.000000000000000000e+00
5.649999999996552447e+00 4.990055630164680345e-01 0.000000000000000000e+00
5.699999999996549604e+00 3.904494311433631681e-01 0.000000000000000000e+00
5.749999999996546762e+00 2.822386791467491607e-01 0.000000000000000000e+00
5.799999999996543920e+00 1.747539769099047402e-01 0.000000000000000000e+00
5.849999999996541078e+00 6.798552811466718193e-02 0.000000000000000000e+00
5.899999999996538236e+00 -3.831738795274008957e-02 0.000000000000000000e+00
5.949999999996535394e+00 -1.444713003121658179e-01 0.000000000000000000e+00
5.999999999996532551e+00 -2.506898144434859255e-01 0.000000000000000000e+00
6.049999999996529709e+00 -3.569154718167684148e-01 0.000000000000000000e+00
6.099999999996526867e+00 -4.626835868341886426e-01 0.000000000000000000e+00
6.149999999996524025e+00 -5.670101700986559523e-01 0.000000000000000000e+00
6.199999999996521183e+00 -6.683318177942746408e-01 0.000000000000000000e+00
6.249999999996518341e+00 -7.644849599652941974e-01 0.000000000000000000e+00
6.299999999996515498e+00 -8.527466828751593120e-01 0.000000000000000000e+00
6.349999999996512656e+00 -9.299182216758109520e-01 0.000000000000000000e+00
6.399999999996509814e+00 -9.924667603629341306e-01 0.000000000000000000e+00
6.449999999996506972e+00 -1.036700144554802083e+00 0.000000000000000000e+00
6.499999999996504130e+00 -1.058984106817546511e+00 0.000000000000000000e+00
6.549999999996501288e+00 -1.055971370994498448e+00 0.000000000000000000e+00
6.599999999996498445e+00 -1.024848098999309176e+00 0.000000000000000000e+00
6.649999999996495603e+00 -9.635642606101012531e-01 0.000000000000000000e+00
6.699999999996492761e+00 -8.710521326187621316e-01 0.000000000000000000e+00
6.749999999996489919e+00 -7.473998762721477673e-01 0.000000000000000000e+00
6.799999999996487077e+00 -5.939864060115764843e-01 0.000000000000000000e+00
6.849999999996484235e+00 -4.135480658380150665e-01 0.000000000000000000e+00
6.899999999996481392e+00 -2.101882955719307500e-01 0.000000000000000000e+00
6.949999999996478550e+00 1.069306524341750997e-02 0.000000000000000000e+00
6.999999999996475708e+00 2.425326610205119637e-01 0.000000000000000000e+00
7.049999999996472866e+00 4.778145465336356423e-01 0.000000000000000000e+00
7.099999999996470024e+00 7.083333636058612992e-01 0.000000000000000000e+00
7.149999999996467182e+00 9.255182880889119001e-01 0.000000000000000000e+00
7.199999999996464339e+00 1.120785291521037008e+00 0.000000000000000000e+00
7.249999999996461497e+00 1.285920614907179127e+00 0.000000000000000000e+00
7.299999999996458655e+00 1.413458731345479391e+00 0.000000000000000000e+00
7.349999999996455813e+00 1.497055040513305624e+00 0.000000000000000000e+00
7.399999999996452971e+00 1.531815702446333916e+00 0.000000000000000000e+00
7.449999999996450128e+00 1.514585862274582251e+00 0.000000000000000000e+00
7.499999999996447286e+00 1.444161549221491647e+00 0.000000000000000000e+00
7.549999999996444444e+00 1.321431148829446123e+00 0.000000000000000000e+00
7.599999999996441602e+00 1.149417952524629083e+00 0.000000000000000000e+00
7.649999999996438760e+00 9.332372077626420737e-01 0.000000000000000000e+00
7.699999999996435918e+00 6.799476482532724742e-01 0.000000000000000000e+00
7.749999999996433075e+00 3.983199594326382043e-01 0.000000000000000000e+00
7.799999999996430233e+00 9.851130469720736915e-02 0.000000000000000000e+00
7.849999999996427391e+00 -2.083228154818686506e-01 0.000000000000000000e+00
7.899999999996424549e+00 -5.104822068448524597e-01 0.000000000000000000e+00
7.949999999996421707e+00 -7.962029975087588918e-01 0.000000000000000000e+00
7.999999999996418865e+00 -1.054163554405450398e+00 0.000000000000000000e+00
8.049999999996416022e+00 -1.273973694693390168e+00 0.000000000000000000e+00
8.099999999996413180e+00 -1.446643289219435857e+00 0.000000000000000000e+00
8.149999999996410338e+00 -1.564989368308525419e+00 0.000000000000000000e+00
8.199999999996407496e+00 -1.623980702560481770e+00 0.000000000000000000e+00
8.249999999996404654e+00 -1.620983896203041397e+00 0.000000000000000000e+00
8.299999999996401812e+00 -1.555916752640816192e+00 0.000000000000000000e+00
8.349999999996398969e+00 -1.431281292652490489e+00 0.000000000000000000e+00
8.399999999996396127e+00 -1.252091718888915350e+00 0.000000000000000000e+00
8.449999999996393285e+00 -1.025679984804151346e+00 0.000000000000000000e+00
8.499999999996390443e+00 -7.614048131250176210e-01 0.000000000000000000e+00
8.549999999996387601e+00 -4.702571368211371228e-01 0.000000000000000000e+00
8.599999999996384759e+00 -1.643974008166272927e-01 0.000000000000000000e+00
8.649999999996381916e+00 1.433739097753068681e-01 0.000000000000000000e+00
8.699999999996379074e+00 4.401702893985453557e-01 0.000000000000000000e+00
8.749999999996376232e+00 7.135915885076776766e-01 0.000000000000000000e+00
8.799999999996373390e+00 9.522699010845573353e-01 0.000000000000000000e+00
8.849999999996370548e+00 1.146382521944517396e+00 0.000000000000000000e+00
8.899999999996367706e+00 1.288089277620619200e+00 0.000000000000000000e+00
8.949999999996364863e+00 1.371892278251728881e+00 0.000000000000000000e+00
8.999999999996362021e+00 1.394882024495117445e+00 0.000000000000000000e+00
9.049999999996359179e+00 1.356876412459845360e+00 0.000000000000000000e+00
9.099999999996356337e+00 1.260426537208492848e+00 0.000000000000000000e+00
9.149999999996353495e+00 1.110706833602973287e+00 0.000000000000000000e+00
9.199999999996350653e+00 9.152749574506217067e-01 0.000000000000000000e+00
9.249999999996347810e+00 6.837304307048094332e-01 0.000000000000000000e+00
9.299999999996344968e+00 4.272683643760565309e-01 0.000000000000000000e+00
9.349999999996342126e+00 1.581671133634482695e-01 0.000000000000000000e+00
9.399999999996339284e+00 -1.107855618972011930e-01 0.000000000000000000e+00
9.449999999996336442e+00 -3.668826697380191959e-01 0.000000000000000000e+00
9.499999999996333599e+00 -5.980959080502912251e-01 0.000000000000000000e+00
9.549999999996330757e+00 -7.936346418311261974e-01 0.000000000000000000e+00
9.599999999996327915e+00 -9.444584068902648344e-01 0.000000000000000000e+00
9.649999999996325073e+00 -1.043699855760756190e+00 0.000000000000000000e+00
9.699999999996322231e+00 -1.086996635111001641e+00 0.000000000000000000e+00
9.749999999996319389e+00 -1.072697262999871448e+00 0.000000000000000000e+00
9.799999999996316546e+00 -1.001949430844809807e+00 0.000000000000000000e+00
9.849999999996313704e+00 -8.786470439916918007e-01 0.000000000000000000e+00
9.899999999996310862e+00 -7.092564794302995690e-01 0.000000000000000000e+00
9.949999999996308020e+00 -5.025106578413358616e-01 0.000000000000000000e+00
9.999999999996305178e+00 -2.690033613414594682e-01 0.000000000000000000e+00
1.004999999999630234e+01 -2.068343409955908374e-02 0.000000000000000000e+00
1.009999999999629949e+01 2.297090833382529618e-01 0.000000000000000000e+00
1.014999999999629665e+01 4.692575310234757824e-01 0.000000000000000000e+00
1.019999999999629381e+01 6.854864076218525337e-01 0.000000000000000000e+00
1.024999999999629097e+01 8.669720846052647589e-01 0.000000000000000000e+00
1.029999999999628812e+01 1.003898719872614809e+00 0.000000000000000000e+00
1.034999999999628528e+01 1.088551610768246025e+00 0.000000000000000000e+00
1.039999999999628244e+01 1.115705365484102707e+00 0.000000000000000000e+00
1.044999999999627960e+01 1.082906656166382042e+00 0.000000000000000000e+00
1.049999999999627676e+01 9.906185048531265247e-01 0.000000000000000000e+00
1.054999999999627391e+01 8.422370710897501001e-01 0.000000000000000000e+00
1.059999999999627107e+01 6.439601945882927891e-01 0.000000000000000000e+00
1.064999999999626823e+01 4.045315124740862522e-01 0.000000000000000000e+00
1.069999999999626539e+01 1.348521834241716011e-01 0.000000000000000000e+00
1.074999999999626255e+01 -1.525038307581096375e-01 0.000000000000000000e+00
1.079999999999625970e+01 -4.438680038862528043e-01 0.000000000000000000e+00
1.084999999999625686e+01 -7.251038979880324309e-01 0.000000000000000000e+00
1.089999999999625402e+01 -9.822723452532073907e-01 0.000000000000000000e+00
1.094999999999625118e+01 -1.202285597419223251e+00 0.000000000000000000e+00
1.099999999999624833e+01 -1.373538853392588965e+00 0.000000000000000000e+00
1.104999999999624549e+01 -1.486470718672002977e+00 0.000000000000000000e+00
1.109999999999624265e+01 -1.534044928747545500e+00 0.000000000000000000e+00
1.114999999999623981e+01 -1.512111423944261457e+00 0.000000000000000000e+00
1.119999999999623697e+01 -1.419647987150387536e+00 0.000000000000000000e+00
1.124999999999623412e+01 -1.258851329914242534e+00 0.000000000000000000e+00
1.129999999999623128e+01 -1.035091087518678954e+00 0.000000000000000000e+00
1.134999999999622844e+01 -7.567087219010470989e-01 0.000000000000000000e+00
1.139999999999622560e+01 -4.346881925950402126e-01 0.000000000000000000e+00
1.144999999999622275e+01 -8.219343592833106005e-02 0.000000000000000000e+00
1.149999999999621991e+01 2.859883817088558766e-01 0.000000000000000000e+00
1.154999999999621707e+01 6.540922144139567074e-01 0.000000000000000000e+00
1.159999999999621423e+01 1.006061532917446488e+00 0.000000000000000000e+00
1.164999999999621139e+01 1.326263969361458850e+00 0.000000000000000000e+00
1.169999999999620854e+01 1.600185158067885194e+00 0.000000000000000000e+00
1.174999999999620570e+01 1.815088355346140769e+00 0.000000000000000000e+00
1.179999999999620286e+01 1.960591046394671633e+00 0.000000000000000000e+00
1.184999999999620002e+01 2.029151192737159271e+00 0.000000000000000000e+00
1.189999999999619718e+01 2.016421951386207390e+00 0.000000000000000000e+00
1.194999999999619433e+01 1.921477377138244069e+00 0.000000000000000000e+00
1.199999999999619149e+01 1.746879553677765706e+00 0.000000000000000000e+00
1.204999999999618865e+01 1.498602534698320055e+00 0.000000000000000000e+00
1.209999999999618581e+01 1.185797048642142748e+00 0.000000000000000000e+00
1.214999999999618296e+01 8.204249072177242086e-01 0.000000000000000000e+00
1.219999999999618012e+01 4.167600329262110548e-01 0.000000000000000000e+00
1.224999999999617728e+01 -9.203149873221981581e-03 0.000000000000000000e+00
1.229999999999617444e+01 -4.404269644794728822e-01 0.000000000000000000e+00
1.234999999999617160e+01 -8.595446955163256186e-01 0.000000000000000000e+00
1.239999999999616875e+01 -1.249599374864586387e+00 0.000000000000000000e+00
1.244999999999616591e+01 -1.594755810855931433e+00 0.000000000000000000e+00
1.249999999999616307e+01 -1.880973703634658989e+00 0.000000000000000000e+00
1.254999999999616023e+01 -2.096593587606170317e+00 0.000000000000000000e+00
1.259999999999615738e+01 -2.232829230894377126e+00 0.000000000000000000e+00
1.264999999999615454e+01 -2.284126430401833385e+00 0.000000000000000000e+00
1.269999999999615170e+01 -2.248392090278740874e+00 0.000000000000000000e+00
1.274999999999614886e+01 -2.127065331912208368e+00 0.000000000000000000e+00
1.279999999999614602e+01 -1.925047373573513187e+00 0.000000000000000000e+00
1.284999999999614317e+01 -1.650475196826574509e+00 0.000000000000000000e+00
1.289999999999614033e+01 -1.314368855166583305e+00 0.000000000000000000e+00
1.294999999999613749e+01 -9.301497803122904529e-01 0.000000000000000000e+00
1.299999999999613465e+01 -5.130709819023062668e-01 0.000000000000000000e+00
1.304999999999613181e+01 -7.956571370479514904e-02 0.000000000000000000e+00
1.309999999999612896e+01 3.534374703608222923e-01 0.000000000000000000e+00
1.314999999999612612e+01 7.692221942535788504e-01 0.000000000000000000e+00
1.319999999999612328e+01 1.151964514136061268e+00 0.000000000000000000e+00
1.324999999999612044e+01 1.487375800861938213e+00 0.000000000000000000e+00
1.329999999999611759e+01 1.763262075054947253e+00 0.000000000000000000e+00
1.334999999999611475e+01 1.969995727133319718e+00 0.000000000000000000e+00
1.339999999999611191e+01 2.100861685529321399e+00 0.000000000000000000e+00
1.344999999999610907e+01 2.152283997019080353e+00 0.000000000000000000e+00
1.349999999999610623e+01 2.123906191409973054e+00 0.000000000000000000e+00
1.354999999999610338e+01 2.018543486019400923e+00 0.000000000000000000e+00
1.359999999999610054e+01 1.841992476517793964e+00 0.000000000000000000e+00
1.364999999999609770e+01 1.602728301431078917e+00 0.000000000000000000e+00
1.369999999999609486e+01 1.311485937602103968e+00 0.000000000000000000e+00
1.374999999999609201e+01 9.807652516579644653e-01 0.000000000000000000e+00
1.379999999999608917e+01 6.242642704552624489e-01 0.000000000000000000e+00
1.384999999999608633e+01 2.562859791473992566e-01 0.000000000000000000e+00
1.389999999999608349e+01 -1.088735939724848611e-01 0.000000000000000000e+00
1.394999999999608065e+01 -4.575098599685030187e-01 0.000000000000000000e+00
1.399999999999607780e+01 -7.770606167000211340e-01 0.000000000000000000e+00
1.404999999999607496e+01 -1.056581304224211815e+00 0.000000000000000000e+00
1.409999999999607212e+01 -1.287144598819633945e+00 0.000000000000000000e+00
1.414999999999606928e+01 -1.462130099420352769e+00 0.000000000000000000e+00
1.419999999999606644e+01 -1.577413463252568704e+00 0.000000000000000000e+00
1.424999999999606359e+01 -1.631430981068822339e+00 0.000000000000000000e+00
1.429999999999606075e+01 -1.625139639372246592e+00 0.000000000000000000e+00
1.434999999999605791e+01 -1.561859251524303049e+00 0.000000000000000000e+00
1.439999999999605507e+01 -1.447026742819313316e+00 0.000000000000000000e+00
1.444999999999605222e+01 -1.287858150876962204e+00 0.000000000000000000e+00
1.449999999999604938e+01 -1.092955987898312609e+00 0.000000000000000000e+00
1.454999999999604654e+01 -8.718632988812109463e-01 0.000000000000000000e+00
1.459999999999604370e+01 -6.346058544404560298e-01 0.000000000000000000e+00
1.464999999999604086e+01 -3.912254441319338305e-01 0.000000000000000000e+00
1.469999999999603801e+01 -1.513451955990124942e-01 0.000000000000000000e+00
1.474999999999603517e+01 7.623274214664854664e-02 0.000000000000000000e+00
1.479999999999603233e+01 2.838607466374951649e-01 0.000000000000000000e+00
1.484999999999602949e+01 4.653163563383412304e-01 0.000000000000000000e+00
1.489999999999602665e+01 6.159810663733493730e-01 0.000000000000000000e+00
1.494999999999602380e+01 7.329415539982222505e-01 0.000000000000000000e+00
1.499999999999602096e+01 8.149932733562053055e-01 0.000000000000000000e+00
1.504999999999601812e+01 8.625696005067970962e-01 0.000000000000000000e+00
1.509999999999601528e+01 8.775849387142727887e-01 0.000000000000000000e+00
1.514999999999601243e+01 8.632226271279943575e-01 0.000000000000000000e+00
1.519999999999600959e+01 8.236625047538375100e-01 0.000000000000000000e+00
1.524999999999600675e+01 7.637839450958192611e-01 0.000000000000000000e+00
1.529999999999600391e+01 6.888424507076605918e-01 0.000000000000000000e+00
1.534999999999600107e+01 6.041570473816169073e-01 0.000000000000000000e+00
1.539999999999599822e+01 5.148060981011323145e-01 0.000000000000000000e+00
1.544999999999599538e+01 4.253665270418978128e-01 0.000000000000000000e+00
1.549999999999599254e+01 3.396901491184486366e-01 0.000000000000000000e+00
1.554999999999598970e+01 2.607467818703974594e-01 0.000000000000000000e+00
1.559999999999598685e+01 1.905213877764516672e-01 0.000000000000000000e+00
1.564999999999598401e+01 1.299877503648032562e-01 0.000000000000000000e+00
1.569999999999598117e+01 7.913837279284113846e-02 0.000000000000000000e+00
1.574999999999597833e+01 3.708561186877229465e-02 0.000000000000000000e+00
1.579999999999597549e+01 2.206659649715558835e-03 0.000000000000000000e+00
1.584999999999597264e+01 -2.765885719856972513e-02 0.000000000000000000e+00
1.589999999999596980e+01 -5.499118745831610422e-02 0.000000000000000000e+00
1.594999999999596696e+01 -8.234762907333892379e-02 0.000000000000000000e+00
1.599999999999596412e+01 -1.121292722830583566e-01 0.000000000000000000e+00
1.604999999999596128e+01 -1.463527467562799611e-01 0.000000000000000000e+00
1.609999999999595843e+01 -1.864605031845434358e-01 0.000000000000000000e+00
1.614999999999595559e+01 -2.331622572986933317e-01 0.000000000000000000e+00
1.619999999999595275e+01 -2.863369047014558966e-01 0.000000000000000000e+00
1.624999999999594991e+01 -3.449820798016818291e-01 0.000000000000000000e+00
1.629999999999594706e+01 -4.072343340156004965e-01 0.000000000000000000e+00
1.634999999999594422e+01 -4.704401860209037611e-01 0.000000000000000000e+00
1.639999999999594138e+01 -5.312939412565365060e-01 0.000000000000000000e+00
1.644999999999593854e+01 -5.860156260764262104e-01 0.000000000000000000e+00
1.649999999999593570e+01 -6.305786253571477040e-01 0.000000000000000000e+00
1.654999999999593285e+01 -6.609549456877118478e-01 0.000000000000000000e+00
1.659999999999593001e+01 -6.733835054534006437e-01 0.000000000000000000e+00
1.664999999999592717e+01 -6.646265964176107932e-01 0.000000000000000000e+00
1.669999999999592433e+01 -6.322187633369081849e-01 0.000000000000000000e+00
1.674999999999592148e+01 -5.746737290742570670e-01 0.000000000000000000e+00
1.679999999999591864e+01 -4.916557750563632090e-01 0.000000000000000000e+00
1.684999999999591580e+01 -3.840848886818321040e-01 0.000000000000000000e+00
1.689999999999591296e+01 -2.541871677329599066e-01 0.000000000000000000e+00
1.694999999999591012e+01 -1.054659554161151425e-01 0.000000000000000000e+00
1.699999999999590727e+01 5.738781607361076453e-02 0.000000000000000000e+00
1.704999999999590443e+01 2.286632040634175578e-01 0.000000000000000000e+00
1.709999999999590159e+01 4.018487985195422496e-01 0.000000000000000000e+00
1.714999999999589875e+01 5.699142465625313125e-01 0.000000000000000000e+00
1.719999999999589591e+01 7.256213679065959266e-01 0.000000000000000000e+00
1.724999999999589306e+01 8.618695284315291971e-01 0.000000000000000000e+00
1.729999999999589022e+01 9.720388451361609006e-01 0.000000000000000000e+00
1.734999999999588738e+01 1.050333452748020369e+00 0.000000000000000000e+00
1.739999999999588454e+01 1.092087652677041998e+00 0.000000000000000000e+00
1.744999999999588169e+01 1.094038229102967330e+00 0.000000000000000000e+00
1.749999999999587885e+01 1.054528523230947812e+00 0.000000000000000000e+00
1.754999999999587601e+01 9.736519816023282425e-01 0.000000000000000000e+00
1.759999999999587317e+01 8.533065971001918548e-01 0.000000000000000000e+00
1.764999999999587033e+01 6.971749706981890116e-01 0.000000000000000000e+00
1.769999999999586748e+01 5.106092096238907807e-01 0.000000000000000000e+00
1.774999999999586464e+01 3.004436554586736308e-01 0.000000000000000000e+00
1.779999999999586180e+01 7.472292129824531504e-02 0.000000000000000000e+00
1.784999999999585896e+01 -1.576238541986603736e-01 0.000000000000000000e+00
1.789999999999585611e+01 -3.871679535833191799e-01 0.000000000000000000e+00
1.794999999999585327e+01 -6.043883253697688307e-01 0.000000000000000000e+00
1.799999999999585043e+01 -8.001020327694080558e-01 0.000000000000000000e+00
1.804999999999584759e+01 -9.658781500233470929e-01 0.000000000000000000e+00
1.809999999999584475e+01 -1.094435043168955790e+00 0.000000000000000000e+00
1.814999999999584190e+01 -1.179982197694878110e+00 0.000000000000000000e+00
1.819999999999583906e+01 -1.218509380473609571e+00 0.000000000000000000e+00
1.824999999999583622e+01 -1.207988896761027942e+00 0.000000000000000000e+00
1.829999999999583338e+01 -1.148499938771746054e+00 0.000000000000000000e+00
1.834999999999583054e+01 -1.042248254924768025e+00 0.000000000000000000e+00
1.839999999999582769e+01 -8.934985831531806477e-01 0.000000000000000000e+00
1.844999999999582485e+01 -7.084020361253826614e-01 0.000000000000000000e+00
1.849999999999582201e+01 -4.947449936917747149e-01 0.000000000000000000e+00
1.854999999999581917e+01 -2.616104489718293902e-01 0.000000000000000000e+00
1.859999999999581632e+01 -1.898641328642591830e-02 0.000000000000000000e+00
1.864999999999581348e+01 2.226807950890447585e-01 0.000000000000000000e+00
1.869999999999581064e+01 4.529483360413556481e-01 0.000000000000000000e+00
1.874999999999580780e+01 6.618522288091983619e-01 0.000000000000000000e+00
1.879999999999580496e+01 8.403545369299644241e-01 0.000000000000000000e+00
1.884999999999580211e+01 9.807612014057063288e-01 0.000000000000000000e+00
1.889999999999579927e+01 1.077071053132061085e+00 0.000000000000000000e+00
1.894999999999579643e+01 1.125259148987194369e+00 0.000000000000000000e+00
1.899999999999579359e+01 1.123460975715324217e+00 0.000000000000000000e+00
1.904999999999579074e+01 1.072068191315030061e+00 0.000000000000000000e+00
1.909999999999578790e+01 9.737110598031548658e-01 0.000000000000000000e+00
1.914999999999578506e+01 8.331476368961571177e-01 0.000000000000000000e+00
1.919999999999578222e+01 6.570444413827470909e-01 0.000000000000000000e+00
1.924999999999577938e+01 4.536783241909272957e-01 0.000000000000000000e+00
1.929999999999577653e+01 2.325524840784762848e-01 0.000000000000000000e+00
1.934999999999577369e+01 3.966468810974232984e-03 0.000000000000000000e+00
1.939999999999577085e+01 -2.214691085757069244e-01 0.000000000000000000e+00
1.944999999999576801e+01 -4.332965624353941614e-01 0.000000000000000000e+00
1.949999999999576517e+01 -1.051879903616341316e+00 0.000000000000000000e+00
1.954999999999576232e+01 -1.189976108482550643e+00 0.000000000000000000e+00
1.959999999999575948e+01 -1.278879313013295604e+00 0.000000000000000000e+00
1.964999999999575664e+01 -1.314060661490279003e+00 0.000000000000000000e+00
1.969999999999575380e+01 -1.293309769201483661e+00 0.000000000000000000e+00
1.974999999999575095e+01 -1.216856032115375186e+00 0.000000000000000000e+00
1.979999999999574811e+01 -1.087387694765082680e+00 0.000000000000000000e+00
1.984999999999574527e+01 -9.099532863604592459e-01 0.000000000000000000e+00
1.989999999999574243e+01 -6.917625921893394425e-01 0.000000000000000000e+00
1.994999999999573959e+01 -4.418817993608986083e-01 0.000000000000000000e+00
