-4.950000000002845013e+00 -1.228911320543121466e+00 0.000000000000000000e+00
-4.900000000002847855e+00 -1.396079975323498701e+00 0.000000000000000000e+00
-4.850000000002850697e+00 -1.485173446135382269e+00 0.000000000000000000e+00
-4.800000000002853540e+00 -1.487806025131559240e+00 0.000000000000000000e+00
-4.750000000002856382e+00 -1.400516975486234106e+00 0.000000000000000000e+00
-4.700000000002859224e+00 -1.225058646077479274e+00 0.000000000000000000e+00
-4.650000000002862066e+00 -9.683878159459342605e-01 0.000000000000000000e+00
-4.600000000002864908e+00 -6.423506392976600088e-01 0.000000000000000000e+00
-4.550000000002867750e+00 -2.630849704554471535e-01 0.000000000000000000e+00
-4.500000000002870593e+00 1.498352199399673734e-01 0.000000000000000000e+00
-4.450000000002873435e+00 5.744578974163694340e-01 0.000000000000000000e+00
-4.400000000002876277e+00 9.876618095125588859e-01 0.000000000000000000e+00
-4.350000000002879119e+00 1.366439883911544584e+00 0.000000000000000000e+00
-4.300000000002881961e+00 1.689192117383288227e+00 0.000000000000000000e+00
-4.250000000002884804e+00 1.936946519733272920e+00 0.000000000000000000e+00
-4.200000000002887646e+00 2.094446331719942211e+00 0.000000000000000000e+00
-4.150000000002890488e+00 2.151033641027599863e+00 0.000000000000000000e+00
-4.100000000002893330e+00 2.101286752433932481e+00 0.000000000000000000e+00
-4.050000000002896172e+00 1.945367029634727851e+00 0.000000000000000000e+00
-4.000000000002899014e+00 1.689063096484291426e+00 0.000000000000000000e+00
-3.950000000002901857e+00 1.343521808964869280e+00 0.000000000000000000e+00
-3.900000000002904699e+00 9.246887656696429758e-01 0.000000000000000000e+00
-3.850000000002907541e+00 4.524818242681857283e-01 0.000000000000000000e+00
-3.800000000002910383e+00 -5.024835018205229403e-02 0.000000000000000000e+00
-3.750000000002913225e+00 -5.589205513674611048e-01 0.000000000000000000e+00
-3.700000000002916067e+00 -1.048513491181519264e+00 0.000000000000000000e+00
-3.650000000002918910e+00 -1.494880923381211701e+00 0.000000000000000000e+00
-3.600000000002921752e+00 -1.876011378412470121e+00 0.000000000000000000e+00
-3.550000000002924594e+00 -2.173171723633002372e+00 0.000000000000000000e+00
-3.500000000002927436e+00 -2.371865193012652639e+00 0.000000000000000000e+00
-3.450000000002930278e+00 -2.462561046853283031e+00 0.000000000000000000e+00
-3.400000000002933120e+00 -2.441150606823230262e+00 0.000000000000000000e+00
-3.350000000002935963e+00 -2.309115620994082629e+00 0.000000000000000000e+00
-3.300000000002938805e+00 -2.073395497539183729e+00 0.000000000000000000e+00
-3.250000000002941647e+00 -1.745972285566170790e+00 0.000000000000000000e+00
-3.200000000002944489e+00 -1.343192108837845788e+00 0.000000000000000000e+00
-3.150000000002947331e+00 -8.848715022019558729e-01 0.000000000000000000e+00
-3.100000000002950173e+00 -3.932326922306014771e-01 0.000000000000000000e+00
-3.050000000002953016e+00 1.082640188695066508e-01 0.000000000000000000e+00
-3.000000000002955858e+00 5.961336630006613957e-01 0.000000000000000000e+00
-2.950000000002958700e+00 1.048051876411634886e+00 0.000000000000000000e+00
-2.900000000002961542e+00 1.443956625925664428e+00 0.000000000000000000e+00
-2.850000000002964384e+00 1.767001398093217102e+00 0.000000000000000000e+00
-2.800000000002967226e+00 2.004319960896471464e+00 0.000000000000000000e+00
-2.750000000002970069e+00 2.147558776840439609e+00 0.000000000000000000e+00
-2.700000000002972911e+00 2.193162468218669225e+00 0.000000000000000000e+00
-2.650000000002975753e+00 2.142396387453163076e+00 0.000000000000000000e+00
-2.600000000002978595e+00 2.001120671854955457e+00 0.000000000000000000e+00
-2.550000000002981437e+00 1.779328138514841173e+00 0.000000000000000000e+00
-2.500000000002984279e+00 1.490486405317489105e+00 0.000000000000000000e+00
-2.450000000002987122e+00 1.150718875392429341e+00 0.000000000000000000e+00
-2.400000000002989964e+00 7.778823339809030069e-01 0.000000000000000000e+00
-2.350000000002992806e+00 3.905873825599913696e-01 0.000000000000000000e+00
-2.300000000002995648e+00 7.224758604329362122e-03 0.000000000000000000e+00
-2.250000000002998490e+00 -3.549573343103046286e-01 0.000000000000000000e+00
-2.200000000003001333e+00 -6.806690853001725605e-01 0.000000000000000000e+00
-2.150000000003004175e+00 -9.572557692551428854e-01 0.000000000000000000e+00
-2.100000000003007017e+00 -1.175196848595219112e+00 0.000000000000000000e+00
-2.050000000003009859e+00 -1.328415929607901225e+00 0.000000000000000000e+00
-2.000000000003012701e+00 -1.414386042082961481e+00 0.000000000000000000e+00
-1.950000000003015543e+00 -1.434042245792142900e+00 0.000000000000000000e+00
-1.900000000003018386e+00 -1.391508844498348996e+00 0.000000000000000000e+00
-1.850000000003021228e+00 -1.293673944124185127e+00 0.000000000000000000e+00
-1.800000000003024070e+00 -1.149636141398914235e+00 0.000000000000000000e+00
-1.750000000003026912e+00 -9.700694289062437026e-01 0.000000000000000000e+00
-1.700000000003029754e+00 -7.665396656300833556e-01 0.000000000000000000e+00
-1.650000000003032596e+00 -5.508221447334122889e-01 0.000000000000000000e+00
-1.600000000003035439e+00 -3.342519445338515416e-01 0.000000000000000000e+00
-1.550000000003038281e+00 -1.271501301881420298e-01 0.000000000000000000e+00
-1.500000000003041123e+00 6.165316759676975344e-02 0.000000000000000000e+00
-1.450000000003043965e+00 2.251697546431538077e-01 0.000000000000000000e+00
-1.400000000003046807e+00 3.584738006201468319e-01 0.000000000000000000e+00
-1.350000000003049649e+00 4.587802502619349188e-01 0.000000000000000000e+00
-1.300000000003052492e+00 5.253942328657729144e-01 0.000000000000000000e+00
-1.250000000003055334e+00 5.595366593140154166e-01 0.000000000000000000e+00
-1.200000000003058176e+00 5.640736023285661815e-01 0.000000000000000000e+00
-1.150000000003061018e+00 5.431663536233357625e-01 0.000000000000000000e+00
-1.100000000003063860e+00 5.018779603261471767e-01 0.000000000000000000e+00
-1.050000000003066702e+00 4.457574841904312635e-01 0.000000000000000000e+00
-1.000000000003069545e+00 3.804381740649003252e-01 0.000000000000000000e+00
-9.500000000030723868e-01 3.112673905525330520e-01 0.000000000000000000e+00
-9.000000000030752290e-01 2.429976776067264144e-01 0.000000000000000000e+00
-8.500000000030780711e-01 1.795472530557831736e-01 0.000000000000000000e+00
-8.000000000030809133e-01 1.238477451653954842e-01 0.000000000000000000e+00
-7.500000000030837555e-01 7.777476247880441007e-02 0.000000000000000000e+00
-7.000000000030865976e-01 4.216623781225222606e-02 0.000000000000000000e+00
-6.500000000030894398e-01 1.691194864420797472e-02 0.000000000000000000e+00
-6.000000000030922820e-01 1.108483031859452961e-03 0.000000000000000000e+00
-5.500000000030951242e-01 -6.745419635773963751e-03 0.000000000000000000e+00
-5.000000000030979663e-01 -8.524658027080800338e-03 0.000000000000000000e+00
-4.500000000031008085e-01 -6.252533256150383245e-03 0.000000000000000000e+00
-4.000000000031036507e-01 -1.885695327073833027e-03 0.000000000000000000e+00
-3.500000000031064928e-01 2.866112505465312488e-03 0.000000000000000000e+00
-3.000000000031093350e-01 6.680111841383840066e-03 0.000000000000000000e+00
-2.500000000031121772e-01 8.703599028391684200e-03 0.000000000000000000e+00
-2.000000000031150194e-01 8.583969190210760658e-03 0.000000000000000000e+00
-1.500000000031178615e-01 6.438823583928443561e-03 0.000000000000000000e+00
-1.000000000031207037e-01 2.779825883279019028e-03 0.000000000000000000e+00
-5.000000000312354587e-02 -1.607579701695723701e-03 0.000000000000000000e+00
-3.126388037344440818e-12 -5.807508245894044130e-03 0.000000000000000000e+00
4.999999999687076979e-02 -8.932572500916224900e-03 0.000000000000000000e+00
9.999999999686792762e-02 -1.027444286867268408e-02 0.000000000000000000e+00
1.499999999968650854e-01 -9.438311797923315538e-03 0.000000000000000000e+00
1.999999999968622433e-01 -6.439661070767876971e-03 0.000000000000000000e+00
2.499999999968594011e-01 -1.760416842762291267e-03 0.000000000000000000e+00
2.999999999968565589e-01 3.650263940029874199e-03 0.000000000000000000e+00
3.499999999968537168e-01 8.425141096458199641e-03 0.000000000000000000e+00
3.999999999968508746e-01 1.088352198699771289e-02 0.000000000000000000e+00
4.499999999968480324e-01 9.176591389383259578e-03 0.000000000000000000e+00
4.999999999968451903e-01 1.470223229460998482e-03 0.000000000000000000e+00
5.499999999968423481e-01 -1.385700527478636590e-02 0.000000000000000000e+00
5.999999999968395059e-01 -3.800944171324083243e-02 0.000000000000000000e+00
6.499999999968366637e-01 -7.158920201242108261e-02 0.000000000000000000e+00
6.999999999968338216e-01 -1.144397370738867714e-01 0.000000000000000000e+00
7.499999999968309794e-01 -1.655416194063812907e-01 0.000000000000000000e+00
7.999999999968281372e-01 -2.229653334668111331e-01 0.000000000000000000e+00
8.499999999968252951e-01 -2.838974806020110320e-01 0.000000000000000000e+00
8.999999999968224529e-01 -3.447361971023557015e-01 0.000000000000000000e+00
9.499999999968196107e-01 -4.012619205475489448e-01 0.000000000000000000e+00
9.999999999968167685e-01 -4.488684505545910142e-01 0.000000000000000000e+00
1.049999999996813926e+00 -4.828497806480150367e-01 0.000000000000000000e+00
1.099999999996811084e+00 -4.987179563242482017e-01 0.000000000000000000e+00
1.149999999996808242e+00 -4.925394363006540543e-01 0.000000000000000000e+00
1.199999999996805400e+00 -4.612595248412151294e-01 0.000000000000000000e+00
1.249999999996802558e+00 -4.029994539141319998e-01 0.000000000000000000e+00
1.299999999996799716e+00 -3.172958668975197627e-01 0.000000000000000000e+00
1.349999999996796873e+00 -2.052706384701030451e-01 0.000000000000000000e+00
1.399999999996794031e+00 -6.970718315699131473e-02 0.000000000000000000e+00
1.449999999996791189e+00 8.496970243908774645e-02 0.000000000000000000e+00
1.499999999996788347e+00 2.528230210290097757e-01 0.000000000000000000e+00
1.549999999996785505e+00 4.266319514119967238e-01 0.000000000000000000e+00
1.599999999996782662e+00 5.982185089757284802e-01 0.000000000000000000e+00
1.649999999996779820e+00 7.588493763593903152e-01 0.000000000000000000e+00
1.699999999996776978e+00 8.996997734397897961e-01 0.000000000000000000e+00
1.749999999996774136e+00 1.012345929706898184e+00 0.000000000000000000e+00
1.799999999996771294e+00 1.089265330402287679e+00 0.000000000000000000e+00
1.849999999996768452e+00 1.124306798484636660e+00 0.000000000000000000e+00
1.899999999996765609e+00 1.113108661535680888e+00 0.000000000000000000e+00
1.949999999996762767e+00 1.053429876483257033e+00 0.000000000000000000e+00
1.999999999996759925e+00 9.453788283234507706e-01 0.000000000000000000e+00
2.049999999996757083e+00 7.915144807388998505e-01 0.000000000000000000e+00
2.099999999996754241e+00 5.968172058603361529e-01 0.000000000000000000e+00
2.149999999996751399e+00 3.685186608116605700e-01 0.000000000000000000e+00
2.199999999996748556e+00 1.158039397603500831e-01 0.000000000000000000e+00
2.249999999996745714e+00 -1.506084846680636469e-01 0.000000000000000000e+00
2.299999999996742872e+00 -4.189804043873203709e-01 0.000000000000000000e+00
2.349999999996740030e+00 -6.771419125502394776e-01 0.000000000000000000e+00
2.399999999996737188e+00 -9.131141253283654446e-01 0.000000000000000000e+00
2.449999999996734346e+00 -1.115739645001118774e+00 0.000000000000000000e+00
2.499999999996731503e+00 -1.275277163512558154e+00 0.000000000000000000e+00
2.549999999996728661e+00 -1.383933540749498814e+00 0.000000000000000000e+00
2.599999999996725819e+00 -1.436294251484425910e+00 0.000000000000000000e+00
2.649999999996722977e+00 -1.429634042591242604e+00 0.000000000000000000e+00
2.699999999996720135e+00 -1.364080754505734738e+00 0.000000000000000000e+00
2.749999999996717293e+00 -1.242629078868060066e+00 0.000000000000000000e+00
2.799999999996714450e+00 -1.070994136361902438e+00 0.000000000000000000e+00
2.849999999996711608e+00 -8.573195824171282453e-01 0.000000000000000000e+00
2.899999999996708766e+00 -6.117479861915733341e-01 0.000000000000000000e+00
2.949999999996705924e+00 -3.458849044070987366e-01 0.000000000000000000e+00
2.999999999996703082e+00 -7.217893091547100681e-02 0.000000000000000000e+00
3.049999999996700240e+00 1.967393866764731436e-01 0.000000000000000000e+00
3.099999999996697397e+00 4.487298054443526474e-01 0.000000000000000000e+00
3.149999999996694555e+00 6.727795342778211118e-01 0.000000000000000000e+00
3.199999999996691713e+00 8.595764407545601893e-01 0.000000000000000000e+00
3.249999999996688871e+00 1.001977643087602621e+00 0.000000000000000000e+00
3.299999999996686029e+00 1.095354449228498783e+00 0.000000000000000000e+00
3.349999999996683187e+00 1.137786367374029828e+00 0.000000000000000000e+00
3.399999999996680344e+00 1.130101374544419501e+00 0.000000000000000000e+00
3.449999999996677502e+00 1.075753246105337180e+00 0.000000000000000000e+00
3.499999999996674660e+00 9.805519887852762739e-01 0.000000000000000000e+00
3.549999999996671818e+00 8.522566696535245345e-01 0.000000000000000000e+00
3.599999999996668976e+00 7.000636935061739230e-01 0.000000000000000000e+00
3.649999999996666133e+00 5.340143080463005676e-01 0.000000000000000000e+00
3.699999999996663291e+00 3.643654728276712884e-01 0.000000000000000000e+00
3.749999999996660449e+00 2.009548590360050735e-01 0.000000000000000000e+00
3.799999999996657607e+00 5.260657650051769885e-02 0.000000000000000000e+00
3.849999999996654765e+00 -7.339384529901271659e-02 0.000000000000000000e+00
3.899999999996651923e+00 -1.717154395923181642e-01 0.000000000000000000e+00
3.949999999996649080e+00 -2.392712185635947897e-01 0.000000000000000000e+00
3.999999999996646238e+00 -2.753557595027976146e-01 0.000000000000000000e+00
4.049999999996643396e+00 -2.816306089857971706e-01 0.000000000000000000e+00
4.099999999996640554e+00 -2.619510332179771361e-01 0.000000000000000000e+00
4.149999999996637712e+00 -2.220530395021074466e-01 0.000000000000000000e+00
4.199999999996634870e+00 -1.691127771942576019e-01 0.000000000000000000e+00
4.249999999996632027e+00 -1.112140003734922167e-01 0.000000000000000000e+00
4.299999999996629185e+00 -5.674959642446431030e-02 0.000000000000000000e+00
4.349999999996626343e+00 -1.380304599573987934e-02 0.000000000000000000e+00
4.399999999996623501e+00 1.045835919772797329e-02 0.000000000000000000e+00
4.449999999996620659e+00 1.033158230936809252e-02 0.000000000000000000e+00
4.499999999996617817e+00 -1.796089618419660638e-02 0.000000000000000000e+00
4.549999999996614974e+00 -7.593521456400748049e-02 0.000000000000000000e+00
4.599999999996612132e+00 -1.626512329026126302e-01 0.000000000000000000e+00
4.649999999996609290e+00 -2.746812652980744618e-01 0.000000000000000000e+00
4.699999999996606448e+00 -4.062395933595553399e-01 0.000000000000000000e+00
4.749999999996603606e+00 -5.494756281046340174e-01 0.000000000000000000e+00
4.799999999996600764e+00 -6.949078708641975854e-01 0.000000000000000000e+00
4.849999999996597921e+00 -8.319825441439530067e-01 0.000000000000000000e+00
4.899999999996595079e+00 -9.497171883404934567e-01 0.000000000000000000e+00
4.949999999996592237e+00 -1.037399417803497537e+00 0.000000000000000000e+00
4.999999999996589395e+00 -1.085291461709955829e+00 0.000000000000000000e+00
