-4.950000000002845013e+00 -1.755255746959221153e-01 0.000000000000000000e+00
-4.900000000002847855e+00 -1.203749379784834206e-01 0.000000000000000000e+00
-4.850000000002850697e+00 -6.036148471563110296e-02 0.000000000000000000e+00
-4.800000000002853540e+00 2.424190848263826914e-03 0.000000000000000000e+00
-4.750000000002856382e+00 6.577059292071268937e-02 0.000000000000000000e+00
-4.700000000002859224e+00 1.274237630206120075e-01 0.000000000000000000e+00
-4.650000000002862066e+00 1.851666961216376084e-01 0.000000000000000000e+00
-4.600000000002864908e+00 2.368995889539193822e-01 0.000000000000000000e+00
-4.550000000002867750e+00 2.807153727529109744e-01 0.000000000000000000e+00
-4.500000000002870593e+00 3.149704928344786437e-01 0.000000000000000000e+00
-4.450000000002873435e+00 3.383456183551057928e-01 0.000000000000000000e+00
-4.400000000002876277e+00 3.498967496139173128e-01 0.000000000000000000e+00
-4.350000000002879119e+00 3.490920568679364289e-01 0.000000000000000000e+00
-4.300000000002881961e+00 3.358357277323459344e-01 0.000000000000000000e+00
-4.250000000002884804e+00 3.104751015833728811e-01 0.000000000000000000e+00
-4.200000000002887646e+00 2.737934033518661936e-01 0.000000000000000000e+00
-4.150000000002890488e+00 2.269854580454757631e-01 0.000000000000000000e+00
-4.100000000002893330e+00 1.716198162084958401e-01 0.000000000000000000e+00
-4.050000000002896172e+00 1.095857789131645110e-01 0.000000000000000000e+00
-4.000000000002899014e+00 4.302979458746049313e-02 0.000000000000000000e+00
-3.950000000002901857e+00 -2.571932967960591926e-02 0.000000000000000000e+00
-3.900000000002904699e+00 -9.423111437187738082e-02 0.000000000000000000e+00
-3.850000000002907541e+00 -1.600598865549908711e-01 0.000000000000000000e+00
-3.800000000002910383e+00 -2.208312958380947710e-01 0.000000000000000000e+00
-3.750000000002913225e+00 -2.743284921003978361e-01 0.000000000000000000e+00
-3.700000000002916067e+00 -3.185721633807905850e-01 0.000000000000000000e+00
-3.650000000002918910e+00 -3.518942258620416652e-01 0.000000000000000000e+00
-3.600000000002921752e+00 -3.729997560991191730e-01 0.000000000000000000e+00
-3.550000000002924594e+00 -3.810175463796875439e-01 0.000000000000000000e+00
-3.500000000002927436e+00 -3.755346559693382158e-01 0.000000000000000000e+00
-3.450000000002930278e+00 -3.566162736660370980e-01 0.000000000000000000e+00
-3.400000000002933120e+00 -3.248073344424029507e-01 0.000000000000000000e+00
-3.350000000002935963e+00 -2.811183585748038838e-01 0.000000000000000000e+00
-3.300000000002938805e+00 -2.269931669359191995e-01 0.000000000000000000e+00
-3.250000000002941647e+00 -1.642621513833368574e-01 0.000000000000000000e+00
-3.200000000002944489e+00 -9.507993610433472520e-02 0.000000000000000000e+00
-3.150000000002947331e+00 -2.185220466449292256e-02 0.000000000000000000e+00
-3.100000000002950173e+00 5.284848672526461233e-02 0.000000000000000000e+00
-3.050000000002953016e+00 1.263723131210419126e-01 0.000000000000000000e+00
-3.000000000002955858e+00 1.960867381570176038e-01 0.000000000000000000e+00
-2.950000000002958700e+00 2.594700034094730157e-01 0.000000000000000000e+00
-2.900000000002961542e+00 3.142028819765553815e-01 0.000000000000000000e+00
-2.850000000002964384e+00 3.582527160271552491e-01 0.000000000000000000e+00
-2.800000000002967226e+00 3.899493425369462973e-01 0.000000000000000000e+00
-2.750000000002970069e+00 4.080474373540931010e-01 0.000000000000000000e+00
-2.700000000002972911e+00 4.117755995429810967e-01 0.000000000000000000e+00
-2.650000000002975753e+00 4.008676222876327300e-01 0.000000000000000000e+00
-2.600000000002978595e+00 3.755773410482188268e-01 0.000000000000000000e+00
-2.550000000002981437e+00 3.366737044759520181e-01 0.000000000000000000e+00
-2.500000000002984279e+00 2.854187320202338229e-01 0.000000000000000000e+00
-2.450000000002987122e+00 2.235263207089430992e-01 0.000000000000000000e+00
-2.400000000002989964e+00 1.531058643874120551e-01 0.000000000000000000e+00
-2.350000000002992806e+00 7.658989746571456814e-02 0.000000000000000000e+00
-2.300000000002995648e+00 -3.349133435164854469e-03 0.000000000000000000e+00
-2.250000000002998490e+00 -8.389275464500474400e-02 0.000000000000000000e+00
-2.200000000003001333e+00 -1.621750891762486213e-01 0.000000000000000000e+00
-2.150000000003004175e+00 -2.353853938573083338e-01 0.000000000000000000e+00
-2.100000000003007017e+00 -3.008682246777240610e-01 0.000000000000000000e+00
-2.050000000003009859e+00 -3.562202822876931463e-01 0.000000000000000000e+00
-2.000000000003012701e+00 -3.993777943893986881e-01 0.000000000000000000e+00
-1.950000000003015543e+00 -4.286938769281690709e-01 0.000000000000000000e+00
-1.900000000003018386e+00 -4.430003711299482227e-01 0.000000000000000000e+00
-1.850000000003021228e+00 -4.416544542945494700e-01 0.000000000000000000e+00
-1.800000000003024070e+00 -4.245655782872153061e-01 0.000000000000000000e+00
-1.750000000003026912e+00 -3.922042415137821370e-01 0.000000000000000000e+00
-1.700000000003029754e+00 -3.455894790729843180e-01 0.000000000000000000e+00
-1.650000000003032596e+00 -2.862579701754062733e-01 0.000000000000000000e+00
-1.600000000003035439e+00 -2.162130677224972930e-01 0.000000000000000000e+00
-1.550000000003038281e+00 -1.378580319542199728e-01 0.000000000000000000e+00
-1.500000000003041123e+00 -5.391308221335842227e-02 0.000000000000000000e+00
-1.450000000003043965e+00 3.267827685059365023e-02 0.000000000000000000e+00
-1.400000000003046807e+00 1.188530306964930006e-01 0.000000000000000000e+00
-1.350000000003049649e+00 2.015362812612234711e-01 0.000000000000000000e+00
-1.300000000003052492e+00 2.777515385197764641e-01 0.000000000000000000e+00
-1.250000000003055334e+00 3.447271327102837679e-01 0.000000000000000000e+00
-1.200000000003058176e+00 3.999975351419915448e-01 0.000000000000000000e+00
-1.150000000003061018e+00 4.414933007178316604e-01 0.000000000000000000e+00
-1.100000000003063860e+00 4.676189417747055321e-01 0.000000000000000000e+00
-1.050000000003066702e+00 4.773132287315763889e-01 0.000000000000000000e+00
-1.000000000003069545e+00 4.700922313361803884e-01 0.000000000000000000e+00
-9.500000000030723868e-01 4.460708009041051691e-01 0.000000000000000000e+00
-9.000000000030752290e-01 4.059641585794909191e-01 0.000000000000000000e+00
-8.500000000030780711e-01 3.510667532961411208e-01 0.000000000000000000e+00
-8.000000000030809133e-01 2.832115655314698666e-01 0.000000000000000000e+00
-7.500000000030837555e-01 2.047085384336282399e-01 0.000000000000000000e+00
-7.000000000030865976e-01 1.182667701656430898e-01 0.000000000000000000e+00
-6.500000000030894398e-01 2.690050661808278398e-02 0.000000000000000000e+00
-6.000000000030922820e-01 -6.617523629810613539e-02 0.000000000000000000e+00
-5.500000000030951242e-01 -1.576583800454409157e-01 0.000000000000000000e+00
-5.000000000030979663e-01 -2.442762334740254115e-01 0.000000000000000000e+00
-4.500000000031008085e-01 -3.229031472897567201e-01 0.000000000000000000e+00
-4.000000000031036507e-01 -3.906725812304501777e-01 0.000000000000000000e+00
-3.500000000031064928e-01 -4.450821312540312324e-01 0.000000000000000000e+00
-3.000000000031093350e-01 -4.840851122114010474e-01 0.000000000000000000e+00
-2.500000000031121772e-01 -5.061679086561450269e-01 0.000000000000000000e+00
-2.000000000031150194e-01 -5.104076233695836740e-01 0.000000000000000000e+00
-1.500000000031178615e-01 -4.965103957463146145e-01 0.000000000000000000e+00
-1.000000000031207037e-01 -4.648262768928700939e-01 0.000000000000000000e+00
-5.000000000312354587e-02 -4.163425296361205619e-01 0.000000000000000000e+00
-3.126388037344440818e-12 -3.526528346511416667e-01 0.000000000000000000e+00
4.999999999687076979e-02 -2.759058953663658942e-01 0.000000000000000000e+00
9.999999999686792762e-02 -1.887325313656784687e-01 0.000000000000000000e+00
1.499999999968650854e-01 -9.415627597747033839e-02 0.000000000000000000e+00
1.999999999968622433e-01 4.512038126659902518e-03 0.000000000000000000e+00
2.499999999968594011e-01 1.037894871028538779e-01 0.000000000000000000e+00
2.999999999968565589e-01 2.001445960061635221e-01 0.000000000000000000e+00
3.499999999968537168e-01 2.901222873651675971e-01 0.000000000000000000e+00
3.999999999968508746e-01 3.704683599144339423e-01 0.000000000000000000e+00
4.499999999968480324e-01 4.382464749749033217e-01 0.000000000000000000e+00
4.999999999968451903e-01 4.909459849449052116e-01 0.000000000000000000e+00
5.499999999968423481e-01 5.265741123143077296e-01 0.000000000000000000e+00
5.999999999968395059e-01 5.437316347912990455e-01 0.000000000000000000e+00
6.499999999968366637e-01 5.416666804164488314e-01 0.000000000000000000e+00
6.999999999968338216e-01 5.203071096831262121e-01 0.000000000000000000e+00
7.499999999968309794e-01 4.802676015577337920e-01 0.000000000000000000e+00
7.999999999968281372e-01 4.228335611769592495e-01 0.000000000000000000e+00
8.499999999968252951e-01 3.499196879588337139e-01 0.000000000000000000e+00
8.999999999968224529e-01 2.640070527745684292e-01 0.000000000000000000e+00
9.499999999968196107e-01 1.680582119456928702e-01 0.000000000000000000e+00
9.999999999968167685e-01 6.541578219579610720e-02 0.000000000000000000e+00
1.049999999996813926e+00 -4.031458005887315899e-02 0.000000000000000000e+00
1.099999999996811084e+00 -1.453901778889386265e-01 0.000000000000000000e+00
1.149999999996808242e+00 -2.460643711486551477e-01 0.000000000000000000e+00
1.199999999996805400e+00 -3.387195200010568175e-01 0.000000000000000000e+00
1.249999999996802558e+00 -4.199975761276071307e-01 0.000000000000000000e+00
1.299999999996799716e+00 -4.869210924279765429e-01 0.000000000000000000e+00
1.349999999996796873e+00 -5.370028073327568485e-01 0.000000000000000000e+00
1.399999999996794031e+00 -5.683372614845700888e-01 0.000000000000000000e+00
1.449999999996791189e+00 -5.796735894849969206e-01 0.000000000000000000e+00
1.499999999996788347e+00 -5.704642080183746078e-01 0.000000000000000000e+00
1.549999999996785505e+00 -5.408900299760504016e-01 0.000000000000000000e+00
1.599999999996782662e+00 -4.918585949783731981e-01 0.000000000000000000e+00
1.649999999996779820e+00 -4.249775284380747919e-01 0.000000000000000000e+00
1.699999999996776978e+00 -3.425015628274695190e-01 0.000000000000000000e+00
1.749999999996774136e+00 -2.472573615552922099e-01 0.000000000000000000e+00
1.799999999996771294e+00 -1.425461370266918326e-01 0.000000000000000000e+00
1.849999999996768452e+00 -3.202991731305852852e-02 0.000000000000000000e+00
1.899999999996765609e+00 8.039712555565176055e-02 0.000000000000000000e+00
1.949999999996762767e+00 1.907452646571336230e-01 0.000000000000000000e+00
1.999999999996759925e+00 2.950714333899260300e-01 0.000000000000000000e+00
2.049999999996757083e+00 3.896194994001936918e-01 0.000000000000000000e+00
2.099999999996754241e+00 4.709561033482247416e-01 0.000000000000000000e+00
2.149999999996751399e+00 5.360946556619426984e-01 0.000000000000000000e+00
2.199999999996748556e+00 5.826055081865879615e-01 0.000000000000000000e+00
2.249999999996745714e+00 6.087057487573154235e-01 0.000000000000000000e+00
2.299999999996742872e+00 6.133277966378962720e-01 0.000000000000000000e+00
2.349999999996740030e+00 5.961616842591916932e-01 0.000000000000000000e+00
2.399999999996737188e+00 5.576718578131669712e-01 0.000000000000000000e+00
2.449999999996734346e+00 4.990852058087653642e-01 0.000000000000000000e+00
2.499999999996731503e+00 4.223530672512557649e-01 0.000000000000000000e+00
2.549999999996728661e+00 3.300858845688803833e-01 0.000000000000000000e+00
2.599999999996725819e+00 2.254651667205909149e-01 0.000000000000000000e+00
2.649999999996722977e+00 1.121332397966699618e-01 0.000000000000000000e+00
2.699999999996720135e+00 -5.932913690032681764e-03 0.000000000000000000e+00
2.749999999996717293e+00 -1.245618405398833672e-01 0.000000000000000000e+00
2.799999999996714450e+00 -2.395344054032802483e-01 0.000000000000000000e+00
2.849999999996711608e+00 -3.467344955257256611e-01 0.000000000000000000e+00
2.899999999996708766e+00 -4.422957797812113179e-01 0.000000000000000000e+00
2.949999999996705924e+00 -5.227417652862308417e-01 0.000000000000000000e+00
2.999999999996703082e+00 -5.851116031411198737e-01 0.000000000000000000e+00
3.049999999996700240e+00 -6.270695658912893711e-01 0.000000000000000000e+00
3.099999999996697397e+00 -6.469916804629651796e-01 0.000000000000000000e+00
3.149999999996694555e+00 -6.440287807035707246e-01 0.000000000000000000e+00
3.199999999996691713e+00 -6.181410770705060287e-01 0.000000000000000000e+00
3.249999999996688871e+00 -5.701053288150524923e-01 0.000000000000000000e+00
3.299999999996686029e+00 -5.014916898602481687e-01 0.000000000000000000e+00
3.349999999996683187e+00 -4.146133614272150547e-01 0.000000000000000000e+00
3.399999999996680344e+00 -3.124481803331516372e-01 0.000000000000000000e+00
3.449999999996677502e+00 -1.985372615401997942e-01 0.000000000000000000e+00
3.499999999996674660e+00 -7.686167437777657874e-02 0.000000000000000000e+00
3.549999999996671818e+00 4.829608913785284063e-02 0.000000000000000000e+00
3.599999999996668976e+00 1.725034966840797712e-01 0.000000000000000000e+00
3.649999999996666133e+00 2.913343939911777758e-01 0.000000000000000000e+00
3.699999999996663291e+00 4.005273984602301107e-01 0.000000000000000000e+00
3.749999999996660449e+00 4.961381383410106705e-01 0.000000000000000000e+00
3.799999999996657607e+00 5.746823555739071221e-01 0.000000000000000000e+00
3.849999999996654765e+00 6.332622231466354945e-01 0.000000000000000000e+00
3.899999999996651923e+00 6.696737542982726943e-01 0.000000000000000000e+00
3.949999999996649080e+00 6.824888721458406415e-01 0.000000000000000000e+00
3.999999999996646238e+00 6.711115436816453839e-01 0.000000000000000000e+00
4.049999999996643396e+00 6.358033376546836646e-01 0.000000000000000000e+00
4.099999999996640554e+00 5.776797949499860030e-01 0.000000000000000000e+00
4.149999999996637712e+00 4.986750876462639481e-01 0.000000000000000000e+00
4.199999999996634870e+00 4.014785210861749887e-01 0.000000000000000000e+00
4.249999999996632027e+00 2.894425007749186207e-01 0.000000000000000000e+00
4.299999999996629185e+00 1.664675591989371317e-01 0.000000000000000000e+00
4.349999999996626343e+00 3.686593461060104493e-02 0.000000000000000000e+00
4.399999999996623501e+00 -9.478907916012496715e-02 0.000000000000000000e+00
4.449999999996620659e+00 -2.238251937552306892e-01 0.000000000000000000e+00
4.499999999996617817e+00 -3.456364078990656896e-01 0.000000000000000000e+00
4.549999999996614974e+00 -4.558481040471596413e-01 0.000000000000000000e+00
4.599999999996612132e+00 -5.504735971062725275e-01 0.000000000000000000e+00
4.649999999996609290e+00 -6.260589726436189828e-01 0.000000000000000000e+00
4.699999999996606448e+00 -6.798085114817549179e-01 0.000000000000000000e+00
4.749999999996603606e+00 -7.096885860627228926e-01 0.000000000000000000e+00
4.799999999996600764e+00 -7.145037338312091313e-01 0.000000000000000000e+00
4.849999999996597921e+00 -6.939445059277091765e-01 0.000000000000000000e+00
4.899999999996595079e+00 -6.486027618537228978e-01 0.000000000000000000e+00
4.949999999996592237e+00 -5.799561500311187778e-01 0.000000000000000000e+00
4.999999999996589395e+00 -4.903196945859260025e-01 0.000000000000000000e+00
