-1.995000000000199236e+01 -1.588645918638074139e-01 0.000000000000000000e+00
-1.990000000000199520e+01 -1.026055877973887087e-01 0.000000000000000000e+00
-1.985000000000199805e+01 -4.075195972742907957e-02 0.000000000000000000e+00
-1.980000000000200089e+01 2.375793242839273345e-02 0.000000000000000000e+00
-1.975000000000200373e+01 8.782557121908615705e-02 0.000000000000000000e+00
-1.970000000000200657e+01 1.483387924851508610e-01 0.000000000000000000e+00
-1.965000000000200941e+01 2.023248417304928382e-01 0.000000000000000000e+00
-1.960000000000201226e+01 2.470940661226375124e-01 0.000000000000000000e+00
-1.955000000000201510e+01 2.803756944562233455e-01 0.000000000000000000e+00
-1.950000000000201794e+01 3.004304913601815730e-01 0.000000000000000000e+00
-1.945000000000202078e+01 3.061430825670945488e-01 0.000000000000000000e+00
-1.940000000000202363e+01 2.970807292203185845e-01 0.000000000000000000e+00
-1.935000000000202647e+01 2.735238400840256379e-01 0.000000000000000000e+00
-1.930000000000202931e+01 2.364579327724623814e-01 0.000000000000000000e+00
-1.925000000000203215e+01 1.875355128764309709e-01 0.000000000000000000e+00
-1.920000000000203499e+01 1.290009127340364659e-01 0.000000000000000000e+00
-1.915000000000203784e+01 6.358982407438382167e-02 0.000000000000000000e+00
-1.910000000000204068e+01 -5.600338268358242590e-03 0.000000000000000000e+00
-1.905000000000204352e+01 -7.525478872819124643e-02 0.000000000000000000e+00
-1.900000000000204636e+01 -1.420020428449287886e-01 0.000000000000000000e+00
-1.895000000000204921e+01 -2.025748236463525975e-01 0.000000000000000000e+00
-1.890000000000205205e+01 -2.539718346440056340e-01 0.000000000000000000e+00
-1.885000000000205489e+01 -2.936041100515252023e-01 0.000000000000000000e+00
-1.880000000000205773e+01 -3.194271038784943784e-01 0.000000000000000000e+00
-1.875000000000206057e+01 -3.300435237089435203e-01 0.000000000000000000e+00
-1.870000000000206342e+01 -3.247800286847210560e-01 0.000000000000000000e+00
-1.865000000000206626e+01 -3.037253755737088778e-01 0.000000000000000000e+00
-1.860000000000206910e+01 -2.677361691222652773e-01 0.000000000000000000e+00
-1.855000000000207194e+01 -2.184011906729548813e-01 0.000000000000000000e+00
-1.850000000000207478e+01 -1.579740150911816965e-01 0.000000000000000000e+00
-1.845000000000207763e+01 -8.926846585388009681e-02 0.000000000000000000e+00
-1.840000000000208047e+01 -1.552990073885444217e-02 0.000000000000000000e+00
-1.835000000000208331e+01 5.971978059282277707e-02 0.000000000000000000e+00
-1.830000000000208615e+01 1.328481684665656914e-01 0.000000000000000000e+00
-1.825000000000208900e+01 2.002895124616296263e-01 0.000000000000000000e+00
-1.820000000000209184e+01 2.587163326000469499e-01 0.000000000000000000e+00
-1.815000000000209468e+01 3.052053748785509280e-01 0.000000000000000000e+00
-1.810000000000209752e+01 3.373814830332861336e-01 0.000000000000000000e+00
-1.805000000000210036e+01 3.535404818925819148e-01 0.000000000000000000e+00
-1.800000000000210321e+01 3.527365872464341967e-01 0.000000000000000000e+00
-1.795000000000210605e+01 3.348380364670849318e-01 0.000000000000000000e+00
-1.790000000000210889e+01 3.005396229067847647e-01 0.000000000000000000e+00
-1.785000000000211173e+01 2.513393789151509572e-01 0.000000000000000000e+00
-1.780000000000211458e+01 1.894718963184946203e-01 0.000000000000000000e+00
-1.775000000000211742e+01 1.178093642086021631e-01 0.000000000000000000e+00
-1.770000000000212026e+01 3.972653561733142935e-02 0.000000000000000000e+00
-1.765000000000212310e+01 -4.105591448970569157e-02 0.000000000000000000e+00
-1.760000000000212594e+01 -1.206505075362519219e-01 0.000000000000000000e+00
-1.755000000000212879e+01 -1.951878279565953944e-01 0.000000000000000000e+00
-1.750000000000213163e+01 -2.610064650740608894e-01 0.000000000000000000e+00
-1.745000000000213447e+01 -3.148306158087175177e-01 0.000000000000000000e+00
-1.740000000000213731e+01 -3.539348375305881866e-01 0.000000000000000000e+00
-1.735000000000214015e+01 -3.762795956545876841e-01 0.000000000000000000e+00
-1.730000000000214300e+01 -3.806189608597710938e-01 0.000000000000000000e+00
-1.725000000000214584e+01 -3.665667372554038961e-01 0.000000000000000000e+00
-1.720000000000214868e+01 -3.346256161713937471e-01 0.000000000000000000e+00
-1.715000000000215152e+01 -2.861693754249708399e-01 0.000000000000000000e+00
-1.710000000000215437e+01 -2.233867317776284112e-01 0.000000000000000000e+00
-1.705000000000215721e+01 -1.491810086638983568e-01 0.000000000000000000e+00
-1.700000000000216005e+01 -6.703825107433927788e-02 0.000000000000000000e+00
-1.695000000000216289e+01 1.913829407838117669e-02 0.000000000000000000e+00
-1.690000000000216573e+01 1.052114439649758093e-01 0.000000000000000000e+00
-1.685000000000216858e+01 1.870105340277585237e-01 0.000000000000000000e+00
-1.680000000000217142e+01 2.605313295756246372e-01 0.000000000000000000e+00
-1.675000000000217426e+01 3.221338419628954064e-01 0.000000000000000000e+00
-1.670000000000217710e+01 3.687202746588765234e-01 0.000000000000000000e+00
-1.665000000000217995e+01 3.978924182143623867e-01 0.000000000000000000e+00
-1.660000000000218279e+01 4.080725192873540519e-01 0.000000000000000000e+00
-1.655000000000218563e+01 3.985895460634595877e-01 0.000000000000000000e+00
-1.650000000000218847e+01 3.697182087308646947e-01 0.000000000000000000e+00
-1.645000000000219131e+01 3.226765203242336622e-01 0.000000000000000000e+00
-1.640000000000219416e+01 2.595735115936149695e-01 0.000000000000000000e+00
-1.635000000000219700e+01 1.833172838742851973e-01 0.000000000000000000e+00
-1.630000000000219984e+01 9.747938848355422459e-02 0.000000000000000000e+00
-1.625000000000220268e+01 6.129809958833948823e-03 0.000000000000000000e+00
-1.620000000000220552e+01 -8.635780343868652842e-02 0.000000000000000000e+00
-1.615000000000220837e+01 -1.755133944365012133e-01 0.000000000000000000e+00
-1.610000000000221121e+01 -2.569883749034807541e-01 0.000000000000000000e+00
-1.605000000000221405e+01 -3.267655725723719318e-01 0.000000000000000000e+00
-1.600000000000221689e+01 -3.813590553491528756e-01 0.000000000000000000e+00
-1.595000000000221974e+01 -4.179859759314276113e-01 0.000000000000000000e+00
-1.590000000000222258e+01 -4.347099019769835593e-01 0.000000000000000000e+00
-1.585000000000222542e+01 -4.305403611606468117e-01 0.000000000000000000e+00
-1.580000000000222826e+01 -4.054914227866953103e-01 0.000000000000000000e+00
-1.575000000000223110e+01 -3.605880585375861314e-01 0.000000000000000000e+00
-1.570000000000223395e+01 -2.978275419692513193e-01 0.000000000000000000e+00
-1.565000000000223679e+01 -2.200893229102682258e-01 0.000000000000000000e+00
-1.560000000000223963e+01 -1.310053170906410880e-01 0.000000000000000000e+00
-1.555000000000224247e+01 -3.478852985080797128e-02 0.000000000000000000e+00
-1.550000000000224532e+01 6.396402304915996262e-02 0.000000000000000000e+00
-1.545000000000224816e+01 1.604927734787154892e-01 0.000000000000000000e+00
-1.540000000000225100e+01 2.501029001158158183e-01 0.000000000000000000e+00
-1.535000000000225384e+01 3.283944912079512779e-01 0.000000000000000000e+00
-1.530000000000225668e+01 3.914764310251935275e-01 0.000000000000000000e+00
-1.525000000000225953e+01 4.361614787216903100e-01 0.000000000000000000e+00
-1.520000000000226237e+01 4.601249232171952253e-01 0.000000000000000000e+00
-1.515000000000226521e+01 4.620267778280998661e-01 0.000000000000000000e+00
-1.510000000000226805e+01 4.415832929584064814e-01 0.000000000000000000e+00
-1.505000000000227089e+01 3.995918470366131570e-01 0.000000000000000000e+00
-1.500000000000227374e+01 3.378996398455965111e-01 0.000000000000000000e+00
-1.495000000000227658e+01 2.593251821850091066e-01 0.000000000000000000e+00
-1.490000000000227942e+01 1.675280306857718227e-01 0.000000000000000000e+00
-1.485000000000228226e+01 6.684059381023982338e-02 0.000000000000000000e+00
-1.480000000000228511e+01 -3.793809914146774320e-02 0.000000000000000000e+00
-1.475000000000228795e+01 -1.417690450749792275e-01 0.000000000000000000e+00
-1.470000000000229079e+01 -2.396174418681660812e-01 0.000000000000000000e+00
-1.465000000000229363e+01 -3.266947636479828332e-01 0.000000000000000000e+00
-1.460000000000229647e+01 -3.986948988220709311e-01 0.000000000000000000e+00
-1.455000000000229932e+01 -4.520049252479936275e-01 0.000000000000000000e+00
-1.450000000000230216e+01 -4.838879983720816291e-01 0.000000000000000000e+00
-1.445000000000230500e+01 -4.926213366224855283e-01 0.000000000000000000e+00
-1.440000000000230784e+01 -4.775901395997407262e-01 0.000000000000000000e+00
-1.435000000000231068e+01 -4.393246160522712440e-01 0.000000000000000000e+00
-1.430000000000231353e+01 -3.794857478390247785e-01 0.000000000000000000e+00
-1.425000000000231637e+01 -3.007921658506823026e-01 0.000000000000000000e+00
-1.420000000000231921e+01 -2.068990842442124944e-01 0.000000000000000000e+00
-1.415000000000232205e+01 -1.022268906340619010e-01 0.000000000000000000e+00
-1.410000000000232490e+01 8.244830349194131811e-03 0.000000000000000000e+00
-1.405000000000232774e+01 1.192160024757146358e-01 0.000000000000000000e+00
-1.400000000000233058e+01 2.253183140875317236e-01 0.000000000000000000e+00
-1.395000000000233342e+01 3.213767606756910977e-01 0.000000000000000000e+00
-1.390000000000233626e+01 4.026600059154933353e-01 0.000000000000000000e+00
-1.385000000000233911e+01 4.651151791090434306e-01 0.000000000000000000e+00
-1.380000000000234195e+01 5.055677473208184391e-01 0.000000000000000000e+00
-1.375000000000234479e+01 5.218843299528381774e-01 0.000000000000000000e+00
-1.370000000000234763e+01 5.130824237017066469e-01 0.000000000000000000e+00
-1.365000000000235048e+01 4.793891258706022285e-01 0.000000000000000000e+00
-1.360000000000235332e+01 4.222377729507449384e-01 0.000000000000000000e+00
-1.355000000000235616e+01 3.442099896686051652e-01 0.000000000000000000e+00
-1.350000000000235900e+01 2.489177076057017546e-01 0.000000000000000000e+00
-1.345000000000236184e+01 1.408382179438811277e-01 0.000000000000000000e+00
-1.340000000000236469e+01 2.510207828033783617e-02 0.000000000000000000e+00
-1.335000000000236753e+01 -9.274840286996657857e-02 0.000000000000000000e+00
-1.330000000000237037e+01 -2.070264225618228260e-01 0.000000000000000000e+00
-1.325000000000237321e+01 -3.121731223548892542e-01 0.000000000000000000e+00
-1.320000000000237605e+01 -4.030298307885205600e-01 0.000000000000000000e+00
-1.315000000000237890e+01 -4.750891165554430029e-01 0.000000000000000000e+00
-1.310000000000238174e+01 -5.247200988194334892e-01 0.000000000000000000e+00
-1.305000000000238458e+01 -5.493491108216745911e-01 0.000000000000000000e+00
-1.300000000000238742e+01 -5.475943898914066299e-01 0.000000000000000000e+00
-1.295000000000239027e+01 -5.193401404139718069e-01 0.000000000000000000e+00
-1.290000000000239311e+01 -4.657536845084790933e-01 0.000000000000000000e+00
-1.285000000000239595e+01 -3.892366747522435499e-01 0.000000000000000000e+00
-1.280000000000239879e+01 -2.933199951757807233e-01 0.000000000000000000e+00
-1.275000000000240163e+01 -1.824992685355587840e-01 0.000000000000000000e+00
-1.270000000000240448e+01 -6.202625026638459299e-02 0.000000000000000000e+00
-1.265000000000240732e+01 6.234185179426722512e-02 0.000000000000000000e+00
-1.260000000000241016e+01 1.846155491850993424e-01 0.000000000000000000e+00
-1.255000000000241300e+01 2.988633956292065519e-01 0.000000000000000000e+00
-1.250000000000241585e+01 3.994977781648794135e-01 0.000000000000000000e+00
-1.245000000000241869e+01 4.815500158702511468e-01 0.000000000000000000e+00
-1.240000000000242153e+01 5.409136246442183271e-01 0.000000000000000000e+00
-1.235000000000242437e+01 5.745514414080848953e-01 0.000000000000000000e+00
-1.230000000000242721e+01 5.806485849406515243e-01 0.000000000000000000e+00
-1.225000000000243006e+01 5.587111559867024013e-01 0.000000000000000000e+00
-1.220000000000243290e+01 5.095977890575194014e-01 0.000000000000000000e+00
-1.215000000000243574e+01 4.354897454321915440e-01 0.000000000000000000e+00
-1.210000000000243858e+01 3.397928535969047537e-01 0.000000000000000000e+00
-1.205000000000244142e+01 2.269832582318800362e-01 0.000000000000000000e+00
-1.200000000000244427e+01 1.023963606671541987e-01 0.000000000000000000e+00
-1.195000000000244711e+01 -2.802353384521798912e-02 0.000000000000000000e+00
-1.190000000000244995e+01 -1.580086897830064452e-01 0.000000000000000000e+00
-1.185000000000245279e+01 -2.812672649356489640e-01 0.000000000000000000e+00
-1.180000000000245564e+01 -3.917897487224352160e-01 0.000000000000000000e+00
-1.175000000000245848e+01 -4.841400374344203561e-01 0.000000000000000000e+00
-1.170000000000246132e+01 -5.537245982837459835e-01 0.000000000000000000e+00
-1.165000000000246416e+01 -5.970188563801657189e-01 0.000000000000000000e+00
-1.160000000000246700e+01 -6.117471949334742920e-01 0.000000000000000000e+00
-1.155000000000246985e+01 -5.969998642602131200e-01 0.000000000000000000e+00
-1.150000000000247269e+01 -5.532883510543981087e-01 0.000000000000000000e+00
-1.145000000000247553e+01 -4.825284504061868596e-01 0.000000000000000000e+00
-1.140000000000247837e+01 -3.879590118626641826e-01 0.000000000000000000e+00
-1.135000000000248122e+01 -2.739922157694053007e-01 0.000000000000000000e+00
-1.130000000000248406e+01 -1.460098098667219069e-01 0.000000000000000000e+00
-1.125000000000248690e+01 -1.010718051155772360e-02 0.000000000000000000e+00
-1.120000000000248974e+01 1.271950580318027546e-01 0.000000000000000000e+00
-1.115000000000249258e+01 2.592658244081419427e-01 0.000000000000000000e+00
-1.110000000000249543e+01 3.796819783004814486e-01 0.000000000000000000e+00
-1.105000000000249827e+01 4.825425891117866017e-01 0.000000000000000000e+00
-1.100000000000250111e+01 5.627561897755493092e-01 0.000000000000000000e+00
-1.095000000000250395e+01 6.162945285814678265e-01 0.000000000000000000e+00
-1.090000000000250679e+01 6.403926903672436666e-01 0.000000000000000000e+00
-1.085000000000250964e+01 6.336931421006071208e-01 0.000000000000000000e+00
-1.080000000000251248e+01 5.963187519375687806e-01 0.000000000000000000e+00
-1.075000000000251532e+01 5.298783785199483454e-01 0.000000000000000000e+00
-1.070000000000251816e+01 4.373967253783504483e-01 0.000000000000000000e+00
-1.065000000000252101e+01 3.231789609423451615e-01 0.000000000000000000e+00
-1.060000000000252385e+01 1.926086546888352291e-01 0.000000000000000000e+00
-1.055000000000252669e+01 5.189597728485510070e-02 0.000000000000000000e+00
-1.050000000000252953e+01 -9.221953414661525350e-02 0.000000000000000000e+00
-1.045000000000253237e+01 -2.327899544335138848e-01 0.000000000000000000e+00
-1.040000000000253522e+01 -3.629958650290844302e-01 0.000000000000000000e+00
-1.035000000000253806e+01 -4.764753701044932566e-01 0.000000000000000000e+00
-1.030000000000254090e+01 -5.676368102126997384e-01 0.000000000000000000e+00
-1.025000000000254374e+01 -6.319323543298995816e-01 0.000000000000000000e+00
-1.020000000000254659e+01 -6.660865304609890902e-01 0.000000000000000000e+00
-1.015000000000254943e+01 -6.682607831106910368e-01 0.000000000000000000e+00
-1.010000000000255227e+01 -6.381532420358388968e-01 0.000000000000000000e+00
-1.005000000000255511e+01 -5.770209163647386230e-01 0.000000000000000000e+00
-1.000000000000255795e+01 -4.876303090473856905e-01 0.000000000000000000e+00
-9.950000000002560796e+00 -3.741308604275790373e-01 0.000000000000000000e+00
-9.900000000002563638e+00 -2.418644225184494179e-01 0.000000000000000000e+00
-9.850000000002566480e+00 -9.711206706469768801e-02 0.000000000000000000e+00
-9.800000000002569323e+00 5.320235073647211488e-02 0.000000000000000000e+00
-9.750000000002572165e+00 2.018453042878058934e-01 0.000000000000000000e+00
-9.700000000002575007e+00 3.416199371248563876e-01 0.000000000000000000e+00
-9.650000000002577849e+00 4.657164599005457761e-01 0.000000000000000000e+00
-9.600000000002580691e+00 5.680421297006463810e-01 0.000000000000000000e+00
-9.550000000002583533e+00 6.435222241273417243e-01 0.000000000000000000e+00
-9.500000000002586376e+00 6.883497424222964067e-01 0.000000000000000000e+00
-9.450000000002589218e+00 7.001789486335496804e-01 0.000000000000000000e+00
-9.400000000002592060e+00 6.782455422655773170e-01 0.000000000000000000e+00
-9.350000000002594902e+00 6.234147138626990881e-01 0.000000000000000000e+00
-9.300000000002597744e+00 5.381468350300373515e-01 0.000000000000000000e+00
-9.250000000002600586e+00 4.263894691000379433e-01 0.000000000000000000e+00
-9.200000000002603429e+00 2.933930114157098923e-01 0.000000000000000000e+00
-9.150000000002606271e+00 1.454659460296275908e-01 0.000000000000000000e+00
-9.100000000002609113e+00 -1.032626268128519070e-02 0.000000000000000000e+00
-9.050000000002611955e+00 -1.664968904511874292e-01 0.000000000000000000e+00
-9.000000000002614797e+00 -3.154997060437414458e-01 0.000000000000000000e+00
-8.950000000002617639e+00 -4.500918989255315861e-01 0.000000000000000000e+00
-8.900000000002620482e+00 -5.636880896552454168e-01 0.000000000000000000e+00
-8.850000000002623324e+00 -6.506807501969060770e-01 0.000000000000000000e+00
-8.800000000002626166e+00 -7.067188022514057089e-01 0.000000000000000000e+00
-8.750000000002629008e+00 -7.289231978763193176e-01 0.000000000000000000e+00
-8.700000000002631850e+00 -7.160361622891767697e-01 0.000000000000000000e+00
-8.650000000002634692e+00 -6.684890417258666506e-01 0.000000000000000000e+00
-8.600000000002637535e+00 -5.883924883863995703e-01 0.000000000000000000e+00
-8.550000000002640377e+00 -4.794415761065237147e-01 0.000000000000000000e+00
-8.500000000002643219e+00 -3.467474383362441070e-01 0.000000000000000000e+00
-8.450000000002646061e+00 -1.965957322353542314e-01 0.000000000000000000e+00
-8.400000000002648903e+00 -3.615068470657366306e-02 0.000000000000000000e+00
-8.350000000002651745e+00 1.268886862421106931e-01 0.000000000000000000e+00
-8.300000000002654588e+00 2.846563353544774855e-01 0.000000000000000000e+00
-8.250000000002657430e+00 4.295006996599644022e-01 0.000000000000000000e+00
-8.200000000002660272e+00 5.543541113619325778e-01 0.000000000000000000e+00
-8.150000000002663114e+00 6.530795995360132444e-01 0.000000000000000000e+00
-8.100000000002665956e+00 7.207707347236312900e-01 0.000000000000000000e+00
-8.050000000002668799e+00 7.539971853864816387e-01 0.000000000000000000e+00
-8.000000000002671641e+00 7.509763862233636011e-01 0.000000000000000000e+00
-7.950000000002674483e+00 7.116700527879327165e-01 0.000000000000000000e+00
-7.900000000002677325e+00 6.377930607959381160e-01 0.000000000000000000e+00
-7.850000000002680167e+00 5.327412354762354196e-01 0.000000000000000000e+00
-7.800000000002683009e+00 4.014337180501821312e-01 0.000000000000000000e+00
-7.750000000002685852e+00 2.500845273310824401e-01 0.000000000000000000e+00
-7.700000000002688694e+00 8.590660856545948021e-02 0.000000000000000000e+00
-7.650000000002691536e+00 -8.323022728847490059e-02 0.000000000000000000e+00
-7.600000000002694378e+00 -2.491785494450118321e-01 0.000000000000000000e+00
-7.550000000002697220e+00 -4.039041547250845632e-01 0.000000000000000000e+00
-7.500000000002700062e+00 -5.398770534904440144e-01 0.000000000000000000e+00
-7.450000000002702905e+00 -6.504362647401484843e-01 0.000000000000000000e+00
-7.400000000002705747e+00 -7.301180295652969221e-01 0.000000000000000000e+00
-7.350000000002708589e+00 -7.749239806306564837e-01 0.000000000000000000e+00
-7.300000000002711431e+00 -7.825233884415223606e-01 0.000000000000000000e+00
-7.250000000002714273e+00 -7.523719873382813672e-01 0.000000000000000000e+00
-7.200000000002717115e+00 -6.857486186570238562e-01 0.000000000000000000e+00
-7.150000000002719958e+00 -5.857001427789962911e-01 0.000000000000000000e+00
-7.100000000002722800e+00 -4.569042363910694737e-01 0.000000000000000000e+00
-7.050000000002725642e+00 -3.054489525630633695e-01 0.000000000000000000e+00
-7.000000000002728484e+00 -1.385467024522358259e-01 0.000000000000000000e+00
-6.950000000002731326e+00 3.581117200901366704e-02 0.000000000000000000e+00
-6.900000000002734168e+00 2.092354211020202026e-01 0.000000000000000000e+00
-6.850000000002737011e+00 3.733445879338045392e-01 0.000000000000000000e+00
-6.800000000002739853e+00 5.201684958600959474e-01 0.000000000000000000e+00
-6.750000000002742695e+00 6.425373542736059207e-01 0.000000000000000000e+00
-6.700000000002745537e+00 7.344302080363833696e-01 0.000000000000000000e+00
-6.650000000002748379e+00 7.912730535770555740e-01 0.000000000000000000e+00
-6.600000000002751221e+00 8.101646003836210364e-01 0.000000000000000000e+00
-6.550000000002754064e+00 7.900257920529556444e-01 0.000000000000000000e+00
-6.500000000002756906e+00 7.316581531303404384e-01 0.000000000000000000e+00
-6.450000000002759748e+00 6.377150944306237967e-01 0.000000000000000000e+00
-6.400000000002762590e+00 5.125798307745329518e-01 0.000000000000000000e+00
-6.350000000002765432e+00 3.621627664905077149e-01 0.000000000000000000e+00
-6.300000000002768274e+00 1.936204572945594005e-01 0.000000000000000000e+00
-6.250000000002771117e+00 1.501676107946796693e-02 0.000000000000000000e+00
-6.200000000002773959e+00 -1.650650150804635063e-01 0.000000000000000000e+00
-6.150000000002776801e+00 -3.379330658186280312e-01 0.000000000000000000e+00
-6.100000000002779643e+00 -4.952086861936414453e-01 0.000000000000000000e+00
-6.050000000002782485e+00 -6.292308207726478031e-01 0.000000000000000000e+00
-6.000000000002785328e+00 -7.334312504781967945e-01 0.000000000000000000e+00
-5.950000000002788170e+00 -8.026548042412531281e-01 0.000000000000000000e+00
-5.900000000002791012e+00 -8.334162050949941447e-01 0.000000000000000000e+00
-5.850000000002793854e+00 -8.240735314529997746e-01 0.000000000000000000e+00
-5.800000000002796696e+00 -7.749168880945395133e-01 0.000000000000000000e+00
-5.750000000002799538e+00 -6.881603267417357728e-01 0.000000000000000000e+00
-5.700000000002802381e+00 -5.678443421780124956e-01 0.000000000000000000e+00
-5.650000000002805223e+00 -4.196459826669391990e-01 0.000000000000000000e+00
-5.600000000002808065e+00 -2.506127164269637553e-01 0.000000000000000000e+00
-5.550000000002810907e+00 -6.882531302036948295e-02 0.000000000000000000e+00
-5.500000000002813749e+00 1.169869101319800792e-01 0.000000000000000000e+00
-5.450000000002816591e+00 2.978673586886160241e-01 0.000000000000000000e+00
-5.400000000002819434e+00 4.650623950495232917e-01 0.000000000000000000e+00
-5.350000000002822276e+00 6.104470622162263549e-01 0.000000000000000000e+00
-5.300000000002825118e+00 7.269183734148537690e-01 0.000000000000000000e+00
-5.250000000002827960e+00 8.087443216089523768e-01 0.000000000000000000e+00
-5.200000000002830802e+00 8.518442507374245354e-01 0.000000000000000000e+00
-5.150000000002833644e+00 8.539940688883999043e-01 0.000000000000000000e+00
-5.100000000002836487e+00 8.149387939112910928e-01 0.000000000000000000e+00
-5.050000000002839329e+00 7.364139426507916308e-01 0.000000000000000000e+00
-5.000000000002842171e+00 6.220670968275678892e-01 0.000000000000000000e+00
-4.950000000002845013e+00 4.772903714718620405e-01 0.000000000000000000e+00
-4.900000000002847855e+00 3.089642744968554844e-01 0.000000000000000000e+00
-4.850000000002850697e+00 1.251323222320048500e-01 0.000000000000000000e+00
-4.800000000002853540e+00 -6.538538513726038781e-02 0.000000000000000000e+00
-4.750000000002856382e+00 -2.534138621679868364e-01 0.000000000000000000e+00
-4.700000000002859224e+00 -4.298672212576830631e-01 0.000000000000000000e+00
-4.650000000002862066e+00 -5.861862550295701135e-01 0.000000000000000000e+00
-4.600000000002864908e+00 -7.147557106494834001e-01 0.000000000000000000e+00
-4.550000000002867750e+00 -8.092737188276185600e-01 0.000000000000000000e+00
-4.500000000002870593e+00 -8.650626225732394037e-01 0.000000000000000000e+00
-4.450000000002873435e+00 -8.792986922789775006e-01 0.000000000000000000e+00
-4.400000000002876277e+00 -8.511566177847500470e-01 0.000000000000000000e+00
-4.350000000002879119e+00 -7.818542274381301560e-01 0.000000000000000000e+00
-4.300000000002881961e+00 -6.746022123155696049e-01 0.000000000000000000e+00
-4.250000000002884804e+00 -5.344537020775239622e-01 0.000000000000000000e+00
-4.200000000002887646e+00 -3.680679102903805511e-01 0.000000000000000000e+00
-4.150000000002890488e+00 -1.833917335336452958e-01 0.000000000000000000e+00
-4.100000000002893330e+00 1.071829298838385125e-02 0.000000000000000000e+00
-4.050000000002896172e+00 2.049228544532808172e-01 0.000000000000000000e+00
-4.000000000002899014e+00 3.898477752873369950e-01 0.000000000000000000e+00
-3.950000000002901857e+00 5.565386621692008928e-01 0.000000000000000000e+00
-3.900000000002904699e+00 6.968930420645633728e-01 0.000000000000000000e+00
-3.850000000002907541e+00 8.040562840740268502e-01 0.000000000000000000e+00
-3.800000000002910383e+00 8.727547870197258639e-01 0.000000000000000000e+00
-3.750000000002913225e+00 8.995573830094842904e-01 0.000000000000000000e+00
-3.700000000002916067e+00 8.830448421457800512e-01 0.000000000000000000e+00
-3.650000000002918910e+00 8.238862577645886809e-01 0.000000000000000000e+00
-3.600000000002921752e+00 7.248110884589324954e-01 0.000000000000000000e+00
-3.550000000002924594e+00 5.904851510110460389e-01 0.000000000000000000e+00
-3.500000000002927436e+00 4.272890306115427750e-01 0.000000000000000000e+00
-3.450000000002930278e+00 2.430165885578244034e-01 0.000000000000000000e+00
-3.400000000002933120e+00 4.650067084336895196e-02 0.000000000000000000e+00
-3.350000000002935963e+00 -1.528088450767664530e-01 0.000000000000000000e+00
-3.300000000002938805e+00 -3.453016390367441568e-01 0.000000000000000000e+00
-3.250000000002941647e+00 -5.216689478784655165e-01 0.000000000000000000e+00
-3.200000000002944489e+00 -6.733558912461354851e-01 0.000000000000000000e+00
-3.150000000002947331e+00 -7.929749843793306718e-01 0.000000000000000000e+00
-3.100000000002950173e+00 -8.746679744683354407e-01 0.000000000000000000e+00
-3.050000000002953016e+00 -9.143911270145919090e-01 0.000000000000000000e+00
-3.000000000002955858e+00 -9.101171976689865772e-01 0.000000000000000000e+00
-2.950000000002958700e+00 -8.619368674636234129e-01 0.000000000000000000e+00
-2.900000000002961542e+00 -7.720617050941910309e-01 0.000000000000000000e+00
-2.850000000002964384e+00 -6.447210240388677738e-01 0.000000000000000000e+00
-2.800000000002967226e+00 -4.859645780690960981e-01 0.000000000000000000e+00
-2.750000000002970069e+00 -3.033731643485768625e-01 0.000000000000000000e+00
-2.700000000002972911e+00 -1.056981212970469902e-01 0.000000000000000000e+00
-2.650000000002975753e+00 9.756025440036102114e-02 0.000000000000000000e+00
-2.600000000002978595e+00 2.966079145319404087e-01 0.000000000000000000e+00
-2.550000000002981437e+00 4.818311890483766846e-01 0.000000000000000000e+00
-2.500000000002984279e+00 6.442597382254952043e-01 0.000000000000000000e+00
-2.450000000002987122e+00 7.760031406225358364e-01 0.000000000000000000e+00
-2.400000000002989964e+00 8.706327251839880432e-01 0.000000000000000000e+00
-2.350000000002992806e+00 9.234972785397980166e-01 0.000000000000000000e+00
-2.300000000002995648e+00 9.319499909077881838e-01 0.000000000000000000e+00
-2.250000000002998490e+00 8.954826818180356973e-01 0.000000000000000000e+00
-2.200000000003001333e+00 8.157533874547220343e-01 0.000000000000000000e+00
-2.150000000003004175e+00 6.965129504298608332e-01 0.000000000000000000e+00
-2.100000000003007017e+00 5.434267196528769217e-01 0.000000000000000000e+00
-2.050000000003009859e+00 3.638069610845587887e-01 0.000000000000000000e+00
-2.000000000003012701e+00 1.662615063901283774e-01 0.000000000000000000e+00
-1.950000000003015543e+00 -3.971734574017325714e-02 0.000000000000000000e+00
-1.900000000003018386e+00 -2.442111421034178775e-01 0.000000000000000000e+00
-1.850000000003021228e+00 -4.373515371391739626e-01 0.000000000000000000e+00
-1.800000000003024070e+00 -6.097987295404064811e-01 0.000000000000000000e+00
-1.750000000003026912e+00 -7.531917434735325712e-01 0.000000000000000000e+00
-1.700000000003029754e+00 -8.605559387113623782e-01 0.000000000000000000e+00
-1.650000000003032596e+00 -9.266407598488901609e-01 0.000000000000000000e+00
-1.600000000003035439e+00 -9.481784653899333337e-01 0.000000000000000000e+00
-1.550000000003038281e+00 -9.240439713026835644e-01 0.000000000000000000e+00
-1.500000000003041123e+00 -8.553150942259126754e-01 0.000000000000000000e+00
-1.450000000003043965e+00 -7.452228889737085860e-01 0.000000000000000000e+00
-1.400000000003046807e+00 -5.990014740104546709e-01 0.000000000000000000e+00
-1.350000000003049649e+00 -4.236372145222858654e-01 0.000000000000000000e+00
-1.300000000003052492e+00 -2.275363996102324204e-01 0.000000000000000000e+00
-1.250000000003055334e+00 -2.012012766272046338e-02 0.000000000000000000e+00
-1.200000000003058176e+00 1.886269533324656522e-01 0.000000000000000000e+00
-1.150000000003061018e+00 3.886395204751166843e-01 0.000000000000000000e+00
-1.100000000003063860e+00 5.702555874632253552e-01 0.000000000000000000e+00
-1.050000000003066702e+00 7.246854592831447617e-01 0.000000000000000000e+00
-1.000000000003069545e+00 8.444357460609531740e-01 0.000000000000000000e+00
-9.500000000030723868e-01 9.236750639341000380e-01 0.000000000000000000e+00
-9.000000000030752290e-01 9.585164603936531247e-01 0.000000000000000000e+00
-8.500000000030780711e-01 9.472099733831240709e-01 0.000000000000000000e+00
-8.000000000030809133e-01 8.902286830434540388e-01 0.000000000000000000e+00
-7.500000000030837555e-01 7.902511214791739791e-01 0.000000000000000000e+00
-7.000000000030865976e-01 6.520335393443308369e-01 0.000000000000000000e+00
-6.500000000030894398e-01 4.821852237733778024e-01 0.000000000000000000e+00
-6.000000000030922820e-01 2.888503900631635979e-01 0.000000000000000000e+00
-5.500000000030951242e-01 8.131906942172476005e-02 0.000000000000000000e+00
-5.000000000030979663e-01 -1.304214959866920598e-01 0.000000000000000000e+00
-4.500000000031008085e-01 -3.361661714768613418e-01 0.000000000000000000e+00
-4.000000000031036507e-01 -5.259860311109554321e-01 0.000000000000000000e+00
-3.500000000031064928e-01 -6.907062015872424965e-01 0.000000000000000000e+00
-3.000000000031093350e-01 -8.223515237518016496e-01 0.000000000000000000e+00
-2.500000000031121772e-01 -9.145312707659216667e-01 0.000000000000000000e+00
-2.000000000031150194e-01 -9.627514395237186662e-01 0.000000000000000000e+00
-1.500000000031178615e-01 -9.646322501457682552e-01 0.000000000000000000e+00
-1.000000000031207037e-01 -9.200274093663558528e-01 0.000000000000000000e+00
-5.000000000312354587e-02 -8.310320721043951142e-01 0.000000000000000000e+00
-3.126388037344440818e-12 -7.018861647097951462e-01 0.000000000000000000e+00
4.999999999687076979e-02 -5.387704354924842676e-01 0.000000000000000000e+00
9.999999999686792762e-02 -3.495121432108299064e-01 0.000000000000000000e+00
1.499999999968650854e-01 -1.432073194703783470e-01 0.000000000000000000e+00
1.999999999968622433e-01 7.021505786240403446e-02 0.000000000000000000e+00
2.499999999968594011e-01 2.804731676376623350e-01 0.000000000000000000e+00
2.999999999968565589e-01 4.774263982910593174e-01 0.000000000000000000e+00
3.499999999968537168e-01 6.515666763680183493e-01 0.000000000000000000e+00
3.999999999968508746e-01 7.944761538461678763e-01 0.000000000000000000e+00
4.499999999968480324e-01 8.992362891106424616e-01 0.000000000000000000e+00
4.999999999968451903e-01 9.607613355236719332e-01 0.000000000000000000e+00
5.499999999968423481e-01 9.760472344099286879e-01 0.000000000000000000e+00
5.999999999968395059e-01 9.443166354744636504e-01 0.000000000000000000e+00
6.499999999968366637e-01 8.670601239776651870e-01 0.000000000000000000e+00
6.999999999968338216e-01 7.479643977016647849e-01 0.000000000000000000e+00
7.499999999968309794e-01 5.927379444911380357e-01 0.000000000000000000e+00
7.999999999968281372e-01 4.088353821530664733e-01 0.000000000000000000e+00
8.499999999968252951e-01 2.051008715167084717e-01 0.000000000000000000e+00
8.999999999968224529e-01 -8.659409865171578333e-03 0.000000000000000000e+00
9.499999999968196107e-01 -2.221479607114097421e-01 0.000000000000000000e+00
9.999999999968167685e-01 -4.250742857795549168e-01 0.000000000000000000e+00
1.049999999996813926e+00 -6.076496377219513523e-01 0.000000000000000000e+00
1.099999999996811084e+00 -7.610614465151559482e-01 0.000000000000000000e+00
1.149999999996808242e+00 -8.778973353099893684e-01 0.000000000000000000e+00
1.199999999996805400e+00 -9.525053857535064061e-01 0.000000000000000000e+00
1.249999999996802558e+00 -9.812660419747920582e-01 0.000000000000000000e+00
1.299999999996799716e+00 -9.627696440480226769e-01 0.000000000000000000e+00
1.349999999996796873e+00 -8.978837929047811528e-01 0.000000000000000000e+00
1.399999999996794031e+00 -7.897144089954670765e-01 0.000000000000000000e+00
1.449999999996791189e+00 -6.434551407340736162e-01 0.000000000000000000e+00
1.499999999996788347e+00 -4.661395156397166728e-01 0.000000000000000000e+00
1.549999999996785505e+00 -2.663005886504775654e-01 0.000000000000000000e+00
1.599999999996782662e+00 -5.356165767930971822e-02 0.000000000000000000e+00
1.649999999996779820e+00 1.618293871252148020e-01 0.000000000000000000e+00
1.699999999996776978e+00 3.694924422081974358e-01 0.000000000000000000e+00
1.749999999996774136e+00 5.594177007564202775e-01 0.000000000000000000e+00
1.799999999996771294e+00 7.224468592354014174e-01 0.000000000000000000e+00
1.849999999996768452e+00 8.507169480665064398e-01 0.000000000000000000e+00
1.899999999996765609e+00 9.380381725447304309e-01 0.000000000000000000e+00
1.949999999996762767e+00 9.801946737261115761e-01 0.000000000000000000e+00
1.999999999996759925e+00 9.751464976509511828e-01 0.000000000000000000e+00
2.049999999996757083e+00 9.231301722475394600e-01 0.000000000000000000e+00
2.099999999996754241e+00 8.266458465379518117e-01 0.000000000000000000e+00
2.149999999996751399e+00 6.903387677488086460e-01 0.000000000000000000e+00
2.199999999996748556e+00 5.207736348523122061e-01 0.000000000000000000e+00
2.249999999996745714e+00 3.261198846869400869e-01 0.000000000000000000e+00
2.299999999996742872e+00 1.157559283050358934e-01 0.000000000000000000e+00
2.349999999996740030e+00 -1.001813860822420299e-01 0.000000000000000000e+00
2.399999999996737188e+00 -3.112875032674258247e-01 0.000000000000000000e+00
2.449999999996734346e+00 -5.073902191118979665e-01 0.000000000000000000e+00
2.499999999996731503e+00 -6.790420944122346203e-01 0.000000000000000000e+00
2.549999999996728661e+00 -8.179742788591151115e-01 0.000000000000000000e+00
2.599999999996725819e+00 -9.174970090881408025e-01 0.000000000000000000e+00
2.649999999996722977e+00 -9.728202780065494659e-01 0.000000000000000000e+00
2.699999999996720135e+00 -9.812863757530527753e-01 0.000000000000000000e+00
2.749999999996717293e+00 -9.424959161203791957e-01 0.000000000000000000e+00
2.799999999996714450e+00 -8.583284549322731660e-01 0.000000000000000000e+00
2.849999999996711608e+00 -7.328495528800089698e-01 0.000000000000000000e+00
2.899999999996708766e+00 -5.721159673989772987e-01 0.000000000000000000e+00
2.949999999996705924e+00 -3.838812299237799319e-01 0.000000000000000000e+00
2.999999999996703082e+00 -1.772230219608157409e-01 0.000000000000000000e+00
3.049999999996700240e+00 3.789681235640192380e-02 0.000000000000000000e+00
3.099999999996697397e+00 2.511111821176186254e-01 0.000000000000000000e+00
3.149999999996694555e+00 4.521496357677070588e-01 0.000000000000000000e+00
3.199999999996691713e+00 6.313318074602735086e-01 0.000000000000000000e+00
3.249999999996688871e+00 7.800357818968264301e-01 0.000000000000000000e+00
3.299999999996686029e+00 8.911116046739621099e-01 0.000000000000000000e+00
3.349999999996683187e+00 9.592271770568778777e-01 0.000000000000000000e+00
3.399999999996680344e+00 9.811226948446778451e-01 0.000000000000000000e+00
3.449999999996677502e+00 9.557685702994984656e-01 0.000000000000000000e+00
3.499999999996674660e+00 8.844120879700956284e-01 0.000000000000000000e+00
3.549999999996671818e+00 7.705177788223193103e-01 0.000000000000000000e+00
3.599999999996668976e+00 6.195972736942085834e-01 0.000000000000000000e+00
3.649999999996666133e+00 4.389440906322488734e-01 0.000000000000000000e+00
3.699999999996663291e+00 2.372790375030933707e-01 0.000000000000000000e+00
3.749999999996660449e+00 2.433057955459666868e-02 0.000000000000000000e+00
3.799999999996657607e+00 -1.896367099861025751e-01 0.000000000000000000e+00
3.849999999996654765e+00 -3.943156429526208373e-01 0.000000000000000000e+00
3.899999999996651923e+00 -5.798551988643670940e-01 0.000000000000000000e+00
3.949999999996649080e+00 -7.373333408928013366e-01 0.000000000000000000e+00
3.999999999996646238e+00 -8.591882458612604134e-01 0.000000000000000000e+00
4.049999999996643396e+00 -9.395799884070599184e-01 0.000000000000000000e+00
4.099999999996640554e+00 -9.746724613572108620e-01 0.000000000000000000e+00
4.149999999996637712e+00 -9.628148115585244415e-01 0.000000000000000000e+00
4.199999999996634870e+00 -9.046209033082630580e-01 0.000000000000000000e+00
4.249999999996632027e+00 -8.029358818039992185e-01 0.000000000000000000e+00
4.299999999996629185e+00 -6.626987355906122090e-01 0.000000000000000000e+00
4.349999999996626343e+00 -4.907004034708627449e-01 0.000000000000000000e+00
4.399999999996623501e+00 -2.952563828806398227e-01 0.000000000000000000e+00
4.449999999996620659e+00 -8.580253737355314492e-02 0.000000000000000000e+00
4.499999999996617817e+00 1.275591296950261966e-01 0.000000000000000000e+00
4.549999999996614974e+00 3.345499510798743970e-01 0.000000000000000000e+00
4.599999999996612132e+00 5.252084780035775058e-01 0.000000000000000000e+00
4.649999999996609290e+00 6.903721198945980131e-01 0.000000000000000000e+00
4.699999999996606448e+00 8.221161259563476431e-01 0.000000000000000000e+00
4.749999999996603606e+00 9.141359637184229836e-01 0.000000000000000000e+00
4.799999999996600764e+00 9.620475195602501417e-01 0.000000000000000000e+00
4.849999999996597921e+00 9.635979225983088980e-01 0.000000000000000000e+00
4.899999999996595079e+00 9.187697362253559596e-01 0.000000000000000000e+00
4.949999999996592237e+00 8.297808116501119713e-01 0.000000000000000000e+00
4.999999999996589395e+00 7.009727488437923482e-01 0.000000000000000000e+00
5.049999999996586553e+00 5.386006808051031491e-01 0.000000000000000000e+00
5.099999999996583711e+00 3.505274583055116855e-01 0.000000000000000000e+00
5.149999999996580868e+00 1.458443102722734586e-01 0.000000000000000000e+00
5.199999999996578026e+00 -6.557081412441777279e-02 0.000000000000000000e+00
5.249999999996575184e+00 -2.735286324246167244e-01 0.000000000000000000e+00
5.299999999996572342e+00 -4.680218588780780120e-01 0.000000000000000000e+00
5.349999999996569500e+00 -6.397054542298306057e-01 0.000000000000000000e+00
5.399999999996566658e+00 -7.803478428064900552e-01 0.000000000000000000e+00
5.449999999996563815e+00 -8.832241724020114537e-01 0.000000000000000000e+00
5.499999999996560973e+00 -9.434399309876705386e-01 0.000000000000000000e+00
5.549999999996558131e+00 -9.581622133972474975e-01 0.000000000000000000e+00
5.599999999996555289e+00 -9.267548248635579800e-01 0.000000000000000000e+00
5.649999999996552447e+00 -8.508036522402340207e-01 0.000000000000000000e+00
5.699999999996549604e+00 -7.340384564505462173e-01 0.000000000000000000e+00
5.749999999996546762e+00 -5.821478221452923707e-01 0.000000000000000000e+00
5.799999999996543920e+00 -4.025035711157842200e-01 0.000000000000000000e+00
5.849999999996541078e+00 -2.038008781611237719e-01 0.000000000000000000e+00
5.899999999996538236e+00 4.361201653886493876e-03 0.000000000000000000e+00
5.949999999996535394e+00 2.119456657573678682e-01 0.000000000000000000e+00
5.999999999996532551e+00 4.089601926252650621e-01 0.000000000000000000e+00
6.049999999996529709e+00 5.859403662158957360e-01 0.000000000000000000e+00
6.099999999996526867e+00 7.344029762355767099e-01 0.000000000000000000e+00
6.149999999996524025e+00 8.472547950722768562e-01 0.000000000000000000e+00
6.199999999996521183e+00 9.191299835704556109e-01 0.000000000000000000e+00
6.249999999996518341e+00 9.466471975284853624e-01 0.000000000000000000e+00
6.299999999996515498e+00 9.285669305598630574e-01 0.000000000000000000e+00
6.349999999996512656e+00 8.658489101274258193e-01 0.000000000000000000e+00
6.399999999996509814e+00 7.615997548074373569e-01 0.000000000000000000e+00
6.449999999996506972e+00 6.209208495941519468e-01 0.000000000000000000e+00
6.499999999996504130e+00 4.506567550016771784e-01 0.000000000000000000e+00
6.549999999996501288e+00 2.590637032938336026e-01 0.000000000000000000e+00
6.599999999996498445e+00 5.540711103145232880e-02 0.000000000000000000e+00
6.649999999996495603e+00 -1.504851129649549257e-01 0.000000000000000000e+00
6.699999999996492761e+00 -3.486990527293198916e-01 0.000000000000000000e+00
6.749999999996489919e+00 -5.297107968935970135e-01 0.000000000000000000e+00
6.799999999996487077e+00 -6.848462472551242186e-01 0.000000000000000000e+00
6.849999999996484235e+00 -8.066953576859676733e-01 0.000000000000000000e+00
6.899999999996481392e+00 -8.894681536173451031e-01 0.000000000000000000e+00
6.949999999996478550e+00 -9.292682621768844076e-01 0.000000000000000000e+00
6.999999999996475708e+00 -9.242781759553302390e-01 0.000000000000000000e+00
7.049999999996472866e+00 -8.748402832648237704e-01 0.000000000000000000e+00
7.099999999996470024e+00 -7.834372269243248255e-01 0.000000000000000000e+00
7.149999999996467182e+00 -6.545655358967128468e-01 0.000000000000000000e+00
7.199999999996464339e+00 -4.945161063187508699e-01 0.000000000000000000e+00
7.249999999996461497e+00 -3.110650992081178678e-01 0.000000000000000000e+00
7.299999999996458655e+00 -1.130976098042747735e-01 0.000000000000000000e+00
7.349999999996455813e+00 8.982482316933558530e-02 0.000000000000000000e+00
7.399999999996452971e+00 2.879246379606292816e-01 0.000000000000000000e+00
7.449999999996450128e+00 4.716815728282629516e-01 0.000000000000000000e+00
7.499999999996447286e+00 6.322887943252906151e-01 0.000000000000000000e+00
7.549999999996444444e+00 7.620771249536685277e-01 0.000000000000000000e+00
7.599999999996441602e+00 8.548797499982870862e-01 0.000000000000000000e+00
7.649999999996438760e+00 9.063272172456910969e-01 0.000000000000000000e+00
7.699999999996435918e+00 9.140514363796770070e-01 0.000000000000000000e+00
7.749999999996433075e+00 8.777963277815117316e-01 0.000000000000000000e+00
7.799999999996430233e+00 7.994227784916264623e-01 0.000000000000000000e+00
7.849999999996427391e+00 6.828151978209703321e-01 0.000000000000000000e+00
7.899999999996424549e+00 5.336871854556433092e-01 0.000000000000000000e+00
7.949999999996421707e+00 3.593032077023536885e-01 0.000000000000000000e+00
7.999999999996418865e+00 1.681226706779702651e-01 0.000000000000000000e+00
8.049999999996416022e+00 -3.060897939056851993e-02 0.000000000000000000e+00
8.099999999996413180e+00 -2.273095296947047761e-01 0.000000000000000000e+00
8.149999999996410338e+00 -4.125206151352300288e-01 0.000000000000000000e+00
8.199999999996407496e+00 -5.773646990416942959e-01 0.000000000000000000e+00
8.249999999996404654e+00 -7.139691358562987311e-01 0.000000000000000000e+00
8.299999999996401812e+00 -8.158442329835315920e-01 0.000000000000000000e+00
8.349999999996398969e+00 -8.781899514203028723e-01 0.000000000000000000e+00
8.399999999996396127e+00 -8.981239368287576852e-01 0.000000000000000000e+00
8.449999999996393285e+00 -8.748128481894952291e-01 0.000000000000000000e+00
8.499999999996390443e+00 -8.095082113214820962e-01 0.000000000000000000e+00
8.549999999996387601e+00 -7.054780791003122387e-01 0.000000000000000000e+00
8.599999999996384759e+00 -5.678453809625492177e-01 0.000000000000000000e+00
8.649999999996381916e+00 -4.033337586780484374e-01 0.000000000000000000e+00
8.699999999996379074e+00 -2.199407007842502093e-01 0.000000000000000000e+00
8.749999999996376232e+00 -2.654667397852091687e-02 0.000000000000000000e+00
8.799999999996373390e+00 1.675134276597567140e-01 0.000000000000000000e+00
8.849999999996370548e+00 3.529030256314342751e-01 0.000000000000000000e+00
8.899999999996367706e+00 5.207316082184919592e-01 0.000000000000000000e+00
8.949999999996364863e+00 6.629832119227919707e-01 0.000000000000000000e+00
8.999999999996362021e+00 7.728977533760591490e-01 0.000000000000000000e+00
9.049999999996359179e+00 8.452942749768994624e-01 0.000000000000000000e+00
9.099999999996356337e+00 8.768134204427502354e-01 0.000000000000000000e+00
9.149999999996353495e+00 8.660750120939341157e-01 0.000000000000000000e+00
9.199999999996350653e+00 8.137361185518341422e-01 0.000000000000000000e+00
9.249999999996347810e+00 7.224544422214285166e-01 0.000000000000000000e+00
9.299999999996344968e+00 5.967518075637110453e-01 0.000000000000000000e+00
9.349999999996342126e+00 4.427919669594553298e-01 0.000000000000000000e+00
9.399999999996339284e+00 2.680764193995295308e-01 0.000000000000000000e+00
9.449999999996336442e+00 8.108048650797092249e-02 0.000000000000000000e+00
9.499999999996333599e+00 -1.091599175829051360e-01 0.000000000000000000e+00
9.549999999996330757e+00 -2.934834285548293398e-01 0.000000000000000000e+00
9.599999999996327915e+00 -4.630465510157495412e-01 0.000000000000000000e+00
9.649999999996325073e+00 -6.097464491548419963e-01 0.000000000000000000e+00
9.699999999996322231e+00 -7.266102220581436288e-01 0.000000000000000000e+00
9.749999999996319389e+00 -8.081247074370576655e-01 0.000000000000000000e+00
9.799999999996316546e+00 -8.504984527101102643e-01 0.000000000000000000e+00
9.849999999996313704e+00 -8.518361537015359808e-01 0.000000000000000000e+00
9.899999999996310862e+00 -8.122247956240953304e-01 0.000000000000000000e+00
9.949999999996308020e+00 -7.337203437295100050e-01 0.000000000000000000e+00
9.999999999996305178e+00 -6.202433174081628531e-01 0.000000000000000000e+00
1.004999999999630234e+01 -4.773812884618825469e-01 0.000000000000000000e+00
1.009999999999629949e+01 -3.121154976565414518e-01 0.000000000000000000e+00
1.014999999999629665e+01 -1.324777143883077990e-01 0.000000000000000000e+00
1.019999999999629381e+01 5.283852877326607189e-02 0.000000000000000000e+00
1.024999999999629097e+01 2.349007581876342288e-01 0.000000000000000000e+00
1.029999999999628812e+01 4.049665963380570943e-01 0.000000000000000000e+00
1.034999999999628528e+01 5.549056594283163779e-01 0.000000000000000000e+00
1.039999999999628244e+01 6.775866726051027467e-01 0.000000000000000000e+00
1.044999999999627960e+01 7.672186321718441615e-01 0.000000000000000000e+00
1.049999999999627676e+01 8.196224106339762283e-01 0.000000000000000000e+00
1.054999999999627391e+01 8.324273427657089552e-01 0.000000000000000000e+00
1.059999999999627107e+01 8.051762676977439748e-01 0.000000000000000000e+00
1.064999999999626823e+01 7.393416857020818078e-01 0.000000000000000000e+00
1.069999999999626539e+01 6.382452524526374127e-01 0.000000000000000000e+00
1.074999999999626255e+01 5.068922381288618606e-01 0.000000000000000000e+00
1.079999999999625970e+01 3.517219118196348582e-01 0.000000000000000000e+00
1.084999999999625686e+01 1.802935830440361986e-01 0.000000000000000000e+00
1.089999999999625402e+01 9.163250895447179467e-04 0.000000000000000000e+00
1.094999999999625118e+01 -1.777521818976047219e-01 0.000000000000000000e+00
1.099999999999624833e+01 -3.471256038452169568e-01 0.000000000000000000e+00
1.104999999999624549e+01 -4.991000210051628194e-01 0.000000000000000000e+00
1.109999999999624265e+01 -6.264437209017597041e-01 0.000000000000000000e+00
1.114999999999623981e+01 -7.231396528227602705e-01 0.000000000000000000e+00
1.119999999999623697e+01 -7.846716278028798008e-01 0.000000000000000000e+00
1.124999999999623412e+01 -8.082333377078730896e-01 0.000000000000000000e+00
1.129999999999623128e+01 -7.928578408809030531e-01 0.000000000000000000e+00
1.134999999999622844e+01 -7.394542359091358374e-01 0.000000000000000000e+00
1.139999999999622560e+01 -6.507575494162141094e-01 0.000000000000000000e+00
1.144999999999622275e+01 -5.311872412408977784e-01 0.000000000000000000e+00
1.149999999999621991e+01 -3.866289378424819789e-01 0.000000000000000000e+00
1.154999999999621707e+01 -2.241428516348872857e-01 0.000000000000000000e+00
1.159999999999621423e+01 -5.162065478240630834e-02 0.000000000000000000e+00
1.164999999999621139e+01 1.225998353489116538e-01 0.000000000000000000e+00
1.169999999999620854e+01 2.901360078615033977e-01 0.000000000000000000e+00
1.174999999999620570e+01 4.429658491332375547e-01 0.000000000000000000e+00
1.179999999999620286e+01 5.738104215821568932e-01 0.000000000000000000e+00
1.184999999999620002e+01 6.764825242508964998e-01 0.000000000000000000e+00
1.189999999999619718e+01 7.461774855719643940e-01 0.000000000000000000e+00
1.194999999999619433e+01 7.796997661254366774e-01 0.000000000000000000e+00
1.199999999999619149e+01 7.756073382019361695e-01 0.000000000000000000e+00
1.204999999999618865e+01 7.342746933076436111e-01 0.000000000000000000e+00
1.209999999999618581e+01 6.578644019565671464e-01 0.000000000000000000e+00
1.214999999999618296e+01 5.502164525800194994e-01 0.000000000000000000e+00
1.219999999999618012e+01 4.166536602823848745e-01 0.000000000000000000e+00
1.224999999999617728e+01 2.637203475373621764e-01 0.000000000000000000e+00
1.229999999999617444e+01 9.885976713454550091e-02 0.000000000000000000e+00
1.234999999999617160e+01 -6.994646720528188699e-02 0.000000000000000000e+00
1.239999999999616875e+01 -2.345668342565182529e-01 0.000000000000000000e+00
1.244999999999616591e+01 -3.871099593813976947e-01 0.000000000000000000e+00
1.249999999999616307e+01 -5.203049230234056965e-01 0.000000000000000000e+00
1.254999999999616023e+01 -6.278461109011617136e-01 0.000000000000000000e+00
1.259999999999615738e+01 -7.046936250929901613e-01 0.000000000000000000e+00
1.264999999999615454e+01 -7.473075580433866660e-01 0.000000000000000000e+00
1.269999999999615170e+01 -7.538126336727070109e-01 0.000000000000000000e+00
1.274999999999614886e+01 -7.240781782164731339e-01 0.000000000000000000e+00
1.279999999999614602e+01 -6.597174570964685625e-01 0.000000000000000000e+00
1.284999999999614317e+01 -5.639993534161988897e-01 0.000000000000000000e+00
1.289999999999614033e+01 -4.416845525930863658e-01 0.000000000000000000e+00
1.294999999999613749e+01 -2.987870362984964556e-01 0.000000000000000000e+00
1.299999999999613465e+01 -1.422802247037272538e-01 0.000000000000000000e+00
1.304999999999613181e+01 2.024527460858836433e-02 0.000000000000000000e+00
1.309999999999612896e+01 1.809481040437278532e-01 0.000000000000000000e+00
1.314999999999612612e+01 3.321164924101582816e-01 0.000000000000000000e+00
1.319999999999612328e+01 4.665366220772576011e-01 0.000000000000000000e+00
1.324999999999612044e+01 5.778388415218732588e-01 0.000000000000000000e+00
1.329999999999611759e+01 6.607976817945323544e-01 0.000000000000000000e+00
1.334999999999611475e+01 7.115789704077117861e-01 0.000000000000000000e+00
1.339999999999611191e+01 7.279149311908780229e-01 0.000000000000000000e+00
1.344999999999610907e+01 7.092067239702453119e-01 0.000000000000000000e+00
1.349999999999610623e+01 6.565423750534120639e-01 0.000000000000000000e+00
1.354999999999610338e+01 5.726371963844834045e-01 0.000000000000000000e+00
1.359999999999610054e+01 4.616924733177362183e-01 0.000000000000000000e+00
1.364999999999609770e+01 3.291871794226333137e-01 0.000000000000000000e+00
1.369999999999609486e+01 1.816055967790037307e-01 0.000000000000000000e+00
1.374999999999609201e+01 2.612182280204175880e-02 0.000000000000000000e+00
1.379999999999608917e+01 -1.297509318608987827e-01 0.000000000000000000e+00
1.384999999999608633e+01 -2.785216539462218033e-01 0.000000000000000000e+00
1.389999999999608349e+01 -4.130835219270023728e-01 0.000000000000000000e+00
1.394999999999608065e+01 -5.270516253027970333e-01 0.000000000000000000e+00
1.399999999999607780e+01 -6.150678215069562693e-01 0.000000000000000000e+00
1.404999999999607496e+01 -6.730507048949936344e-01 0.000000000000000000e+00
1.409999999999607212e+01 -6.983865054223925561e-01 0.000000000000000000e+00
1.414999999999606928e+01 -6.900445210903056736e-01 0.000000000000000000e+00
1.419999999999606644e+01 -6.486195042308540160e-01 0.000000000000000000e+00
1.424999999999606359e+01 -5.762918306251068046e-01 0.000000000000000000e+00
1.429999999999606075e+01 -4.767153937957598342e-01 0.000000000000000000e+00
1.434999999999605791e+01 -3.548314819324249747e-01 0.000000000000000000e+00
1.439999999999605507e+01 -2.166255839035096109e-01 0.000000000000000000e+00
1.444999999999605222e+01 -6.883159929274915156e-02 0.000000000000000000e+00
1.449999999999604938e+01 8.139443811950897167e-02 0.000000000000000000e+00
1.454999999999604654e+01 2.268228101342978364e-01 0.000000000000000000e+00
1.459999999999604370e+01 3.604962637557175276e-01 0.000000000000000000e+00
1.464999999999604086e+01 4.760647906514766103e-01 0.000000000000000000e+00
1.469999999999603801e+01 5.680854128378451939e-01 0.000000000000000000e+00
1.474999999999603517e+01 6.322803383277941780e-01 0.000000000000000000e+00
1.479999999999603233e+01 6.657337260618829688e-01 0.000000000000000000e+00
1.484999999999602949e+01 6.670255494399377483e-01 0.000000000000000000e+00
1.489999999999602665e+01 6.362889030964444803e-01 0.000000000000000000e+00
1.494999999999602380e+01 5.751960555922658314e-01 0.000000000000000000e+00
1.499999999999602096e+01 4.868667528363920249e-01 0.000000000000000000e+00
1.504999999999601812e+01 3.757112634124502026e-01 0.000000000000000000e+00
1.509999999999601528e+01 2.472085120063940156e-01 0.000000000000000000e+00
1.514999999999601243e+01 1.076379877536436103e-01 0.000000000000000000e+00
1.519999999999600959e+01 -3.622900012179124107e-02 0.000000000000000000e+00
1.524999999999600675e+01 -1.774559925008825367e-01 0.000000000000000000e+00
1.529999999999600391e+01 -3.092777668226891485e-01 0.000000000000000000e+00
1.534999999999600107e+01 -4.254225674500114462e-01 0.000000000000000000e+00
1.539999999999599822e+01 -5.204123921835914768e-01 0.000000000000000000e+00
1.544999999999599538e+01 -5.898193917550791365e-01 0.000000000000000000e+00
1.549999999999599254e+01 -6.304739585694278947e-01 0.000000000000000000e+00
1.554999999999598970e+01 -6.406071592103930179e-01 0.000000000000000000e+00
1.559999999999598685e+01 -6.199287191473811243e-01 0.000000000000000000e+00
1.564999999999598401e+01 -5.696295725079464356e-01 0.000000000000000000e+00
1.569999999999598117e+01 -4.923169893399159669e-01 0.000000000000000000e+00
1.574999999999597833e+01 -3.918781815299809956e-01 0.000000000000000000e+00
1.579999999999597549e+01 -2.732870707120085840e-01 0.000000000000000000e+00
1.584999999999597264e+01 -1.423562219248475647e-01 0.000000000000000000e+00
1.589999999999596980e+01 -5.453901285915887034e-03 0.000000000000000000e+00
1.594999999999596696e+01 1.308075712445045946e-01 0.000000000000000000e+00
1.599999999999596412e+01 2.598893183083124114e-01 0.000000000000000000e+00
1.604999999999596128e+01 3.756416149248611447e-01 0.000000000000000000e+00
1.609999999999595843e+01 4.725949532945122877e-01 0.000000000000000000e+00
1.614999999999595559e+01 5.462203085853020168e-01 0.000000000000000000e+00
1.619999999999595275e+01 5.931386005637804271e-01 0.000000000000000000e+00
1.624999999999594991e+01 6.112773069673870241e-01 0.000000000000000000e+00
1.629999999999594706e+01 5.999593517049968128e-01 0.000000000000000000e+00
1.634999999999594422e+01 5.599281486226330706e-01 0.000000000000000000e+00
1.639999999999594138e+01 4.933003222206695515e-01 0.000000000000000000e+00
1.644999999999593854e+01 4.034565789470780928e-01 0.000000000000000000e+00
1.649999999999593570e+01 2.948686862365737515e-01 0.000000000000000000e+00
1.654999999999593285e+01 1.728790355222070141e-01 0.000000000000000000e+00
1.659999999999593001e+01 4.343599654469206678e-02 0.000000000000000000e+00
1.664999999999592717e+01 -8.719417771747416113e-02 0.000000000000000000e+00
1.669999999999592433e+01 -2.127326051548955044e-01 0.000000000000000000e+00
1.674999999999592148e+01 -3.271876522193104542e-01 0.000000000000000000e+00
1.679999999999591864e+01 -4.251427857658786058e-01 0.000000000000000000e+00
1.684999999999591580e+01 -5.020108952749098297e-01 0.000000000000000000e+00
1.689999999999591296e+01 -5.542508330108386616e-01 0.000000000000000000e+00
1.694999999999591012e+01 -5.795282716274571255e-01 0.000000000000000000e+00
1.699999999999590727e+01 -5.768212885277950175e-01 0.000000000000000000e+00
1.704999999999590443e+01 -5.464582303882339342e-01 0.000000000000000000e+00
1.709999999999590159e+01 -4.900942794080145326e-01 0.000000000000000000e+00
1.714999999999589875e+01 -4.106205171170621560e-01 0.000000000000000000e+00
1.719999999999589591e+01 -3.120181123698406722e-01 0.000000000000000000e+00
1.724999999999589306e+01 -1.991572635172721151e-01 0.000000000000000000e+00
1.729999999999589022e+01 -7.755874135973693517e-02 0.000000000000000000e+00
1.734999999999588738e+01 4.687801359975985599e-02 0.000000000000000000e+00
1.739999999999588454e+01 1.681591323352054079e-01 0.000000000000000000e+00
1.744999999999588169e+01 2.804869305177873362e-01 0.000000000000000000e+00
1.749999999999587885e+01 3.785350736589859766e-01 0.000000000000000000e+00
1.754999999999587601e+01 4.577029757030351420e-01 0.000000000000000000e+00
1.759999999999587317e+01 5.143295425284469813e-01 0.000000000000000000e+00
1.764999999999587033e+01 5.458640908697993677e-01 0.000000000000000000e+00
1.769999999999586748e+01 5.509787236254513054e-01 0.000000000000000000e+00
1.774999999999586464e+01 5.296250102404047588e-01 0.000000000000000000e+00
1.779999999999586180e+01 4.830248354293932844e-01 0.000000000000000000e+00
1.784999999999585896e+01 4.136041751054830851e-01 0.000000000000000000e+00
1.789999999999585611e+01 3.248655768437421210e-01 0.000000000000000000e+00
1.794999999999585327e+01 2.212137739406793147e-01 0.000000000000000000e+00
1.799999999999585043e+01 1.077353282443603150e-01 0.000000000000000000e+00
1.804999999999584759e+01 -1.004890861261658469e-02 0.000000000000000000e+00
1.809999999999584475e+01 -1.264542589544925821e-01 0.000000000000000000e+00
1.814999999999584190e+01 -2.359045724472361438e-01 0.000000000000000000e+00
1.819999999999583906e+01 -3.332012201248301109e-01 0.000000000000000000e+00
1.824999999999583622e+01 -4.137679549120228395e-01 0.000000000000000000e+00
1.829999999999583338e+01 -4.738679204612488149e-01 0.000000000000000000e+00
1.834999999999583054e+01 -5.107747128532498238e-01 0.000000000000000000e+00
1.839999999999582769e+01 -5.228975042794935524e-01 0.000000000000000000e+00
1.844999999999582485e+01 -5.098466829586215665e-01 0.000000000000000000e+00
1.849999999999582201e+01 -4.724452039300794937e-01 0.000000000000000000e+00
1.854999999999581917e+01 -4.126776327306768133e-01 0.000000000000000000e+00
1.859999999999581632e+01 -3.335877169220195504e-01 0.000000000000000000e+00
1.864999999999581348e+01 -2.391219085996884042e-01 0.000000000000000000e+00
1.869999999999581064e+01 -1.339346938332675596e-01 0.000000000000000000e+00
1.874999999999580780e+01 -2.315747489736094678e-02 0.000000000000000000e+00
1.879999999999580496e+01 8.784967711495655918e-02 0.000000000000000000e+00
1.884999999999580211e+01 1.937592527437661527e-01 0.000000000000000000e+00
1.889999999999579927e+01 2.895299274104656262e-01 0.000000000000000000e+00
1.894999999999579643e+01 3.706483788951284164e-01 0.000000000000000000e+00
1.899999999999579359e+01 4.333398297570419389e-01 0.000000000000000000e+00
1.904999999999579074e+01 4.747453874390392126e-01 0.000000000000000000e+00
1.909999999999578790e+01 4.930499750544981574e-01 0.000000000000000000e+00
1.914999999999578506e+01 4.875630548395940567e-01 0.000000000000000000e+00
1.919999999999578222e+01 4.587406865651302290e-01 0.000000000000000000e+00
1.924999999999577938e+01 4.081562999165033734e-01 0.000000000000000000e+00
1.929999999999577653e+01 3.384140337239158747e-01 0.000000000000000000e+00
1.934999999999577369e+01 2.530172501179381861e-01 0.000000000000000000e+00
1.939999999999577085e+01 1.561909311496867403e-01 0.000000000000000000e+00
1.944999999999576801e+01 5.267485754859962260e-02 0.000000000000000000e+00
1.949999999999576517e+01 -5.251023845891542724e-02 0.000000000000000000e+00
1.954999999999576232e+01 -1.543040881961003918e-01 0.000000000000000000e+00
1.959999999999575948e+01 -2.478522031572745199e-01 0.000000000000000000e+00
1.964999999999575664e+01 -3.287352641380726914e-01 0.000000000000000000e+00
1.969999999999575380e+01 -3.931797005559471980e-01 0.000000000000000000e+00
1.974999999999575095e+01 -4.382314794752366627e-01 0.000000000000000000e+00
1.979999999999574811e+01 -4.618930805773783232e-01 0.000000000000000000e+00
1.984999999999574527e+01 -4.632093557184130961e-01 0.000000000000000000e+00
1.989999999999574243e+01 -4.423066086170138189e-01 0.000000000000000000e+00
1.994999999999573959e+01 -4.003753735183828155e-01 0.000000000000000000e+00
