-1.995000000000199236e+01 1.720973595130156353e-01 0.000000000000000000e+00
-1.990000000000199520e+01 2.140371391596782302e-01 0.000000000000000000e+00
-1.985000000000199805e+01 2.488053476022045463e-01 0.000000000000000000e+00
-1.980000000000200089e+01 2.750825312059694827e-01 0.000000000000000000e+00
-1.975000000000200373e+01 2.918369288512214221e-01 0.000000000000000000e+00
-1.970000000000200657e+01 2.983666254421153408e-01 0.000000000000000000e+00
-1.965000000000200941e+01 2.943261374236986194e-01 0.000000000000000000e+00
-1.960000000000201226e+01 2.797447710050038339e-01 0.000000000000000000e+00
-1.955000000000201510e+01 2.550275512115909304e-01 0.000000000000000000e+00
-1.950000000000201794e+01 2.209469467160326550e-01 0.000000000000000000e+00
-1.945000000000202078e+01 1.786171458402890655e-01 0.000000000000000000e+00
-1.940000000000202363e+01 1.294600487256424293e-01 0.000000000000000000e+00
-1.935000000000202647e+01 7.515567638787738758e-02 0.000000000000000000e+00
-1.930000000000202931e+01 1.758702242016623590e-02 0.000000000000000000e+00
-1.925000000000203215e+01 -4.122715183790666427e-02 0.000000000000000000e+00
-1.920000000000203499e+01 -9.920089802654720457e-02 0.000000000000000000e+00
-1.915000000000203784e+01 -1.542569971252991945e-01 0.000000000000000000e+00
-1.910000000000204068e+01 -2.043991817175554448e-01 0.000000000000000000e+00
-1.905000000000204352e+01 -2.477864258688877719e-01 0.000000000000000000e+00
-1.900000000000204636e+01 -2.827982879306454866e-01 0.000000000000000000e+00
-1.895000000000204921e+01 -3.080972451866998973e-01 0.000000000000000000e+00
-1.890000000000205205e+01 -3.226773923517354259e-01 0.000000000000000000e+00
-1.885000000000205489e+01 -3.259059763517729857e-01 0.000000000000000000e+00
-1.880000000000205773e+01 -3.175478522010120042e-01 0.000000000000000000e+00
-1.875000000000206057e+01 -2.977801521454723765e-01 0.000000000000000000e+00
-1.870000000000206342e+01 -2.671881983560056573e-01 0.000000000000000000e+00
-1.865000000000206626e+01 -2.267509452181526997e-01 0.000000000000000000e+00
-1.860000000000206910e+01 -1.778080301072254288e-01 0.000000000000000000e+00
-1.855000000000207194e+01 -1.220177487599575644e-01 0.000000000000000000e+00
-1.850000000000207478e+01 -6.129903506556362569e-02 0.000000000000000000e+00
-1.845000000000207763e+01 2.232329681511015067e-03 0.000000000000000000e+00
-1.840000000000208047e+01 6.633927793180569021e-02 0.000000000000000000e+00
-1.835000000000208331e+01 1.287401711517564551e-01 0.000000000000000000e+00
-1.830000000000208615e+01 1.871918399810776346e-01 0.000000000000000000e+00
-1.825000000000208900e+01 2.395680772346497900e-01 0.000000000000000000e+00
-1.820000000000209184e+01 2.839388496482748714e-01 0.000000000000000000e+00
-1.815000000000209468e+01 3.186391913776421836e-01 0.000000000000000000e+00
-1.810000000000209752e+01 3.423334374788729040e-01 0.000000000000000000e+00
-1.805000000000210036e+01 3.540642262096230786e-01 0.000000000000000000e+00
-1.800000000000210321e+01 3.532925851535094752e-01 0.000000000000000000e+00
-1.795000000000210605e+01 3.399193592403474962e-01 0.000000000000000000e+00
-1.790000000000210889e+01 3.142952388022750565e-01 0.000000000000000000e+00
-1.785000000000211173e+01 2.772107067060399777e-01 0.000000000000000000e+00
-1.780000000000211458e+01 2.298742645453239752e-01 0.000000000000000000e+00
-1.775000000000211742e+01 1.738714028826648661e-01 0.000000000000000000e+00
-1.770000000000212026e+01 1.111137811947426057e-01 0.000000000000000000e+00
-1.765000000000212310e+01 4.377215265906708730e-02 0.000000000000000000e+00
-1.760000000000212594e+01 -2.579655009460505091e-02 0.000000000000000000e+00
-1.755000000000212879e+01 -9.513359160650275426e-02 0.000000000000000000e+00
-1.750000000000213163e+01 -1.617632014176788591e-01 0.000000000000000000e+00
-1.745000000000213447e+01 -2.232828666437639553e-01 0.000000000000000000e+00
-1.740000000000213731e+01 -2.774478194555252131e-01 0.000000000000000000e+00
-1.735000000000214015e+01 -3.222547902042000034e-01 0.000000000000000000e+00
-1.730000000000214300e+01 -3.560138804844686922e-01 0.000000000000000000e+00
-1.725000000000214584e+01 -3.774140068987351104e-01 0.000000000000000000e+00
-1.720000000000214868e+01 -3.855713809148388904e-01 0.000000000000000000e+00
-1.715000000000215152e+01 -3.800672513255491936e-01 0.000000000000000000e+00
-1.710000000000215437e+01 -3.609653356670545765e-01 0.000000000000000000e+00
-1.705000000000215721e+01 -3.288162340043173093e-01 0.000000000000000000e+00
-1.700000000000216005e+01 -2.846404336540653279e-01 0.000000000000000000e+00
-1.695000000000216289e+01 -2.298984080637331007e-01 0.000000000000000000e+00
-1.690000000000216573e+01 -1.664406590872160585e-01 0.000000000000000000e+00
-1.685000000000216858e+01 -9.644738699596457077e-02 0.000000000000000000e+00
-1.680000000000217142e+01 -2.235176222648007499e-02 0.000000000000000000e+00
-1.675000000000217426e+01 5.324253523243915875e-02 0.000000000000000000e+00
-1.670000000000217710e+01 1.276546871733152400e-01 0.000000000000000000e+00
-1.665000000000217995e+01 1.982197169607348708e-01 0.000000000000000000e+00
-1.660000000000218279e+01 2.623858103401282560e-01 0.000000000000000000e+00
-1.655000000000218563e+01 3.178044829303300345e-01 0.000000000000000000e+00
-1.650000000000218847e+01 3.624183526615278872e-01 0.000000000000000000e+00
-1.645000000000219131e+01 3.945353124913871801e-01 0.000000000000000000e+00
-1.640000000000219416e+01 4.128943624590941663e-01 0.000000000000000000e+00
-1.635000000000219700e+01 4.167126371123112683e-01 0.000000000000000000e+00
-1.630000000000219984e+01 4.057197990573704893e-01 0.000000000000000000e+00
-1.625000000000220268e+01 3.801704306923673893e-01 0.000000000000000000e+00
-1.620000000000220552e+01 3.408417933934124733e-01 0.000000000000000000e+00
-1.615000000000220837e+01 2.890088893399600511e-01 0.000000000000000000e+00
-1.610000000000221121e+01 2.264055133246728468e-01 0.000000000000000000e+00
-1.605000000000221405e+01 1.551645594590902177e-01 0.000000000000000000e+00
-1.600000000000221689e+01 7.774752037502330460e-02 0.000000000000000000e+00
-1.595000000000221974e+01 -3.142387440643217185e-03 0.000000000000000000e+00
-1.590000000000222258e+01 -8.465253324364281629e-02 0.000000000000000000e+00
-1.585000000000222542e+01 -1.638833432544576363e-01 0.000000000000000000e+00
-1.580000000000222826e+01 -2.379893910342029961e-01 0.000000000000000000e+00
-1.575000000000223110e+01 -3.042834472865214579e-01 0.000000000000000000e+00
-1.570000000000223395e+01 -3.603318357152855977e-01 0.000000000000000000e+00
-1.565000000000223679e+01 -4.040455638635863655e-01 0.000000000000000000e+00
-1.560000000000223963e+01 -4.337559835910269057e-01 0.000000000000000000e+00
-1.555000000000224247e+01 -4.482800833309195654e-01 0.000000000000000000e+00
-1.550000000000224532e+01 -4.469650464682034530e-01 0.000000000000000000e+00
-1.545000000000224816e+01 -4.297182330840939590e-01 0.000000000000000000e+00
-1.540000000000225100e+01 -3.970134553081886564e-01 0.000000000000000000e+00
-1.535000000000225384e+01 -3.498810361472106667e-01 0.000000000000000000e+00
-1.530000000000225668e+01 -2.898739457610667314e-01 0.000000000000000000e+00
-1.525000000000225953e+01 -2.190189286149043790e-01 0.000000000000000000e+00
-1.520000000000226237e+01 -1.397463287880368332e-01 0.000000000000000000e+00
-1.515000000000226521e+01 -5.480883845590828890e-02 0.000000000000000000e+00
-1.510000000000226805e+01 3.281592060787390241e-02 0.000000000000000000e+00
-1.505000000000227089e+01 1.200277484038719533e-01 0.000000000000000000e+00
-1.500000000000227374e+01 2.037154230816982659e-01 0.000000000000000000e+00
-1.495000000000227658e+01 2.808656723018316259e-01 0.000000000000000000e+00
-1.490000000000227942e+01 3.486735201791621996e-01 0.000000000000000000e+00
-1.485000000000228226e+01 4.046422056527285704e-01 0.000000000000000000e+00
-1.480000000000228511e+01 4.466768795963567129e-01 0.000000000000000000e+00
-1.475000000000228795e+01 4.731608169059983715e-01 0.000000000000000000e+00
-1.470000000000229079e+01 4.830191288226033941e-01 0.000000000000000000e+00
-1.465000000000229363e+01 4.757597404661865759e-01 0.000000000000000000e+00
-1.460000000000229647e+01 4.514978247190185034e-01 0.000000000000000000e+00
-1.455000000000229932e+01 4.109548375256057984e-01 0.000000000000000000e+00
-1.450000000000230216e+01 3.554398134916186280e-01 0.000000000000000000e+00
-1.445000000000230500e+01 2.868056088683175187e-01 0.000000000000000000e+00
-1.440000000000230784e+01 2.073892742310375348e-01 0.000000000000000000e+00
-1.435000000000231068e+01 1.199307321976572360e-01 0.000000000000000000e+00
-1.430000000000231353e+01 2.748030406405979620e-02 0.000000000000000000e+00
-1.425000000000231637e+01 -6.670951641179931335e-02 0.000000000000000000e+00
-1.420000000000231921e+01 -1.592964965509124919e-01 0.000000000000000000e+00
-1.415000000000232205e+01 -2.469691271777931796e-01 0.000000000000000000e+00
-1.410000000000232490e+01 -3.265630766972508758e-01 0.000000000000000000e+00
-1.405000000000232774e+01 -3.951772379976643546e-01 0.000000000000000000e+00
-1.400000000000233058e+01 -4.502774289993050072e-01 0.000000000000000000e+00
-1.395000000000233342e+01 -4.897917267673186359e-01 0.000000000000000000e+00
-1.390000000000233626e+01 -5.121861808690146844e-01 0.000000000000000000e+00
-1.385000000000233911e+01 -5.165258183327210428e-01 0.000000000000000000e+00
-1.380000000000234195e+01 -5.025108709067895862e-01 0.000000000000000000e+00
-1.375000000000234479e+01 -4.704944979983640696e-01 0.000000000000000000e+00
-1.370000000000234763e+01 -4.214734617715751308e-01 0.000000000000000000e+00
-1.365000000000235048e+01 -3.570596291357900354e-01 0.000000000000000000e+00
-1.360000000000235332e+01 -2.794254130427634153e-01 0.000000000000000000e+00
-1.355000000000235616e+01 -1.912326439166958658e-01 0.000000000000000000e+00
-1.350000000000235900e+01 -9.553953713330903819e-02 0.000000000000000000e+00
-1.345000000000236184e+01 4.303353122131103187e-03 0.000000000000000000e+00
-1.340000000000236469e+01 1.047722983958054577e-01 0.000000000000000000e+00
-1.335000000000236753e+01 2.022928097952187698e-01 0.000000000000000000e+00
-1.330000000000237037e+01 2.933686798318421163e-01 0.000000000000000000e+00
-1.325000000000237321e+01 3.747053724724416224e-01 0.000000000000000000e+00
-1.320000000000237605e+01 4.433310274424969721e-01 0.000000000000000000e+00
-1.315000000000237890e+01 4.967030250126007185e-01 0.000000000000000000e+00
-1.310000000000238174e+01 5.328039023816929509e-01 0.000000000000000000e+00
-1.305000000000238458e+01 5.502154095498698050e-01 0.000000000000000000e+00
-1.300000000000238742e+01 5.481755924426898741e-01 0.000000000000000000e+00
-1.295000000000239027e+01 5.266090392562374767e-01 0.000000000000000000e+00
-1.290000000000239311e+01 4.861366973490106602e-01 0.000000000000000000e+00
-1.285000000000239595e+01 4.280570680656652360e-01 0.000000000000000000e+00
-1.280000000000239879e+01 3.543069181131421885e-01 0.000000000000000000e+00
-1.275000000000240163e+01 2.673950776939650331e-01 0.000000000000000000e+00
-1.270000000000240448e+01 1.703191625123283703e-01 0.000000000000000000e+00
-1.265000000000240732e+01 6.646039562612268692e-02 0.000000000000000000e+00
-1.260000000000241016e+01 -4.053221155595516934e-02 0.000000000000000000e+00
-1.255000000000241300e+01 -1.468719242517367851e-01 0.000000000000000000e+00
-1.250000000000241585e+01 -2.487663978639552964e-01 0.000000000000000000e+00
-1.245000000000241869e+01 -3.425547913348131468e-01 0.000000000000000000e+00
-1.240000000000242153e+01 -4.248373708084867140e-01 0.000000000000000000e+00
-1.235000000000242437e+01 -4.926005662430021359e-01 0.000000000000000000e+00
-1.230000000000242721e+01 -5.433253402351889694e-01 0.000000000000000000e+00
-1.225000000000243006e+01 -5.750825155219918550e-01 0.000000000000000000e+00
-1.220000000000243290e+01 -5.866039286975328615e-01 0.000000000000000000e+00
-1.215000000000243574e+01 -5.773343242355167826e-01 0.000000000000000000e+00
-1.210000000000243858e+01 -5.474543711211646846e-01 0.000000000000000000e+00
-1.205000000000244142e+01 -4.978813945696252685e-01 0.000000000000000000e+00
-1.200000000000244427e+01 -4.302400192416092062e-01 0.000000000000000000e+00
-1.195000000000244711e+01 -3.468111714994838723e-01 0.000000000000000000e+00
-1.190000000000244995e+01 -2.504534977371431492e-01 0.000000000000000000e+00
-1.185000000000245279e+01 -1.445074154245551967e-01 0.000000000000000000e+00
-1.180000000000245564e+01 -3.267749791332398568e-02 0.000000000000000000e+00
-1.175000000000245848e+01 8.109516140393824291e-02 0.000000000000000000e+00
-1.170000000000246132e+01 1.927737131815719374e-01 0.000000000000000000e+00
-1.165000000000246416e+01 2.983669193909314066e-01 0.000000000000000000e+00
-1.160000000000246700e+01 3.940736676019449547e-01 0.000000000000000000e+00
-1.155000000000246985e+01 4.764179112118353543e-01 0.000000000000000000e+00
-1.150000000000247269e+01 5.423767312343339420e-01 0.000000000000000000e+00
-1.145000000000247553e+01 5.894893245422812011e-01 0.000000000000000000e+00
-1.140000000000247837e+01 6.159504687848547100e-01 0.000000000000000000e+00
-1.135000000000248122e+01 6.206774529455327816e-01 0.000000000000000000e+00
-1.130000000000248406e+01 6.033554681830077815e-01 0.000000000000000000e+00
-1.125000000000248690e+01 5.644521316477286721e-01 0.000000000000000000e+00
-1.120000000000248974e+01 5.052079736064858384e-01 0.000000000000000000e+00
-1.115000000000249258e+01 4.275955121689055116e-01 0.000000000000000000e+00
-1.110000000000249543e+01 3.342557159744085626e-01 0.000000000000000000e+00
-1.105000000000249827e+01 2.284064255587047176e-01 0.000000000000000000e+00
-1.100000000000250111e+01 1.137333586235423633e-01 0.000000000000000000e+00
-1.095000000000250395e+01 -5.740064797670212451e-03 0.000000000000000000e+00
-1.090000000000250679e+01 -1.257920349015277939e-01 0.000000000000000000e+00
-1.085000000000250964e+01 -2.421534219259373899e-01 0.000000000000000000e+00
-1.080000000000251248e+01 -3.506577593875926935e-01 0.000000000000000000e+00
-1.075000000000251532e+01 -4.473923052684083967e-01 0.000000000000000000e+00
-1.070000000000251816e+01 -5.288372746917662237e-01 0.000000000000000000e+00
-1.065000000000252101e+01 -5.919957159018722770e-01 0.000000000000000000e+00
-1.060000000000252385e+01 -6.345018188321713826e-01 0.000000000000000000e+00
-1.055000000000252669e+01 -6.547111629412782907e-01 0.000000000000000000e+00
-1.050000000000252953e+01 -6.517620596158451018e-01 0.000000000000000000e+00
-1.045000000000253237e+01 -6.256131195529124334e-01 0.000000000000000000e+00
-1.040000000000253522e+01 -5.770480520410254943e-01 0.000000000000000000e+00
-1.035000000000253806e+01 -5.076548148484815171e-01 0.000000000000000000e+00
-1.030000000000254090e+01 -4.197722026875873591e-01 0.000000000000000000e+00
-1.025000000000254374e+01 -3.164130667411381159e-01 0.000000000000000000e+00
-1.020000000000254659e+01 -2.011592715656566888e-01 0.000000000000000000e+00
-1.015000000000254943e+01 -7.803944630827330808e-02 0.000000000000000000e+00
-1.010000000000255227e+01 4.861369474639582605e-02 0.000000000000000000e+00
-1.005000000000255511e+01 1.743140189812911744e-01 0.000000000000000000e+00
-1.000000000000255795e+01 2.945827763302591440e-01 0.000000000000000000e+00
-9.950000000002560796e+00 4.051063866673376701e-01 0.000000000000000000e+00
-9.900000000002563638e+00 5.018930323879032818e-01 0.000000000000000000e+00
-9.850000000002566480e+00 5.814149959718806215e-01 0.000000000000000000e+00
-9.800000000002569323e+00 6.407390383651578869e-01 0.000000000000000000e+00
-9.750000000002572165e+00 6.776326351050994123e-01 0.000000000000000000e+00
-9.700000000002575007e+00 6.906495894257178580e-01 0.000000000000000000e+00
-9.650000000002577849e+00 6.791843919067395152e-01 0.000000000000000000e+00
-9.600000000002580691e+00 6.435006497113832102e-01 0.000000000000000000e+00
-9.550000000002583533e+00 5.847249713437352447e-01 0.000000000000000000e+00
-9.500000000002586376e+00 5.048137637916203513e-01 0.000000000000000000e+00
-9.450000000002589218e+00 4.064865277992998349e-01 0.000000000000000000e+00
-9.400000000002592060e+00 2.931352716626927646e-01 0.000000000000000000e+00
-9.350000000002594902e+00 1.687057028572457040e-01 0.000000000000000000e+00
-9.300000000002597744e+00 3.756170307094276045e-02 0.000000000000000000e+00
-9.250000000002600586e+00 -9.566960210251955476e-02 0.000000000000000000e+00
-9.200000000002603429e+00 -2.262593384549193842e-01 0.000000000000000000e+00
-9.150000000002606271e+00 -3.495466407141433196e-01 0.000000000000000000e+00
-9.100000000002609113e+00 -4.611032445335828678e-01 0.000000000000000000e+00
-9.050000000002611955e+00 -5.568944268985629442e-01 0.000000000000000000e+00
-9.000000000002614797e+00 -6.334231198906687954e-01 0.000000000000000000e+00
-8.950000000002617639e+00 -6.878593711446632231e-01 0.000000000000000000e+00
-8.900000000002620482e+00 -7.181430434118971640e-01 0.000000000000000000e+00
-8.850000000002623324e+00 -7.230633436324236385e-01 0.000000000000000000e+00
-8.800000000002626166e+00 -7.023048144489378863e-01 0.000000000000000000e+00
-8.750000000002629008e+00 -6.564653597002196861e-01 0.000000000000000000e+00
-8.700000000002631850e+00 -5.870381114093361496e-01 0.000000000000000000e+00
-8.650000000002634692e+00 -4.963649789800851364e-01 0.000000000000000000e+00
-8.600000000002637535e+00 -3.875559933637275911e-01 0.000000000000000000e+00
-8.550000000002640377e+00 -2.643845240616274350e-01 0.000000000000000000e+00
-8.500000000002643219e+00 -1.311545922749492998e-01 0.000000000000000000e+00
-8.450000000002646061e+00 7.447755848833201124e-03 0.000000000000000000e+00
-8.400000000002648903e+00 1.465211779761561028e-01 0.000000000000000000e+00
-8.350000000002651745e+00 2.811206399949299217e-01 0.000000000000000000e+00
-8.300000000002654588e+00 4.064351735778226060e-01 0.000000000000000000e+00
-8.250000000002657430e+00 5.179581086681835922e-01 0.000000000000000000e+00
-8.200000000002660272e+00 6.116510365397771487e-01 0.000000000000000000e+00
-8.150000000002663114e+00 6.840882574551446771e-01 0.000000000000000000e+00
-8.100000000002665956e+00 7.325838209450175054e-01 0.000000000000000000e+00
-8.050000000002668799e+00 7.552891777747491320e-01 0.000000000000000000e+00
-8.000000000002671641e+00 7.512651655365012449e-01 0.000000000000000000e+00
-7.950000000002674483e+00 7.205182744612603774e-01 0.000000000000000000e+00
-7.900000000002677325e+00 6.640070687333718968e-01 0.000000000000000000e+00
-7.850000000002680167e+00 5.836110336716471281e-01 0.000000000000000000e+00
-7.800000000002683009e+00 4.820701157534994508e-01 0.000000000000000000e+00
-7.750000000002685852e+00 3.628896205583717061e-01 0.000000000000000000e+00
-7.700000000002688694e+00 2.302210276347103068e-01 0.000000000000000000e+00
-7.650000000002691536e+00 8.871551433745823723e-02 0.000000000000000000e+00
-7.600000000002694378e+00 -5.663738725320863199e-02 0.000000000000000000e+00
-7.550000000002697220e+00 -2.006876530933523473e-01 0.000000000000000000e+00
-7.500000000002700062e+00 -3.383055571772989323e-01 0.000000000000000000e+00
-7.450000000002702905e+00 -4.645662839433536417e-01 0.000000000000000000e+00
-7.400000000002705747e+00 -5.749244726163806885e-01 0.000000000000000000e+00
-7.350000000002708589e+00 -6.653797433534403005e-01 0.000000000000000000e+00
-7.300000000002711431e+00 -7.326199385819717191e-01 0.000000000000000000e+00
-7.250000000002714273e+00 -7.741441825911847818e-01 0.000000000000000000e+00
-7.200000000002717115e+00 -7.883539596365003455e-01 0.000000000000000000e+00
-7.150000000002719958e+00 -7.746161236508524173e-01 0.000000000000000000e+00
-7.100000000002722800e+00 -7.332881503844421722e-01 0.000000000000000000e+00
-7.050000000002725642e+00 -6.657118612249597334e-01 0.000000000000000000e+00
-7.000000000002728484e+00 -5.741683914323989502e-01 0.000000000000000000e+00
-6.950000000002731326e+00 -4.618031282056528353e-01 0.000000000000000000e+00
-6.900000000002734168e+00 -3.325158620275072696e-01 0.000000000000000000e+00
-6.850000000002737011e+00 -1.908271985908143731e-01 0.000000000000000000e+00
-6.800000000002739853e+00 -4.171859306147482349e-02 0.000000000000000000e+00
-6.750000000002742695e+00 1.095411094320098422e-01 0.000000000000000000e+00
-6.700000000002745537e+00 2.575838064870287214e-01 0.000000000000000000e+00
-6.650000000002748379e+00 3.971310026416745020e-01 0.000000000000000000e+00
-6.600000000002751221e+00 5.231839693140625247e-01 0.000000000000000000e+00
-6.550000000002754064e+00 6.312011353354396448e-01 0.000000000000000000e+00
-6.500000000002756906e+00 7.172636150449853698e-01 0.000000000000000000e+00
-6.450000000002759748e+00 7.782156349669828721e-01 0.000000000000000000e+00
-6.400000000002762590e+00 8.117820256075762853e-01 0.000000000000000000e+00
-6.350000000002765432e+00 8.166512095728741816e-01 0.000000000000000000e+00
-6.300000000002768274e+00 7.925278563174276147e-01 0.000000000000000000e+00
-6.250000000002771117e+00 7.401459203487963379e-01 0.000000000000000000e+00
-6.200000000002773959e+00 6.612487023539269648e-01 0.000000000000000000e+00
-6.150000000002776801e+00 5.585292328192732469e-01 0.000000000000000000e+00
-6.100000000002779643e+00 4.355402050070806830e-01 0.000000000000000000e+00
-6.050000000002782485e+00 2.965692733873160902e-01 0.000000000000000000e+00
-6.000000000002785328e+00 1.464912831981524111e-01 0.000000000000000000e+00
-5.950000000002788170e+00 -9.404659512013167216e-03 0.000000000000000000e+00
-5.900000000002791012e+00 -1.655999560434628093e-01 0.000000000000000000e+00
-5.850000000002793854e+00 -3.165438420387967078e-01 0.000000000000000000e+00
-5.800000000002796696e+00 -4.568490340555515505e-01 0.000000000000000000e+00
-5.750000000002799538e+00 -5.814859693580575195e-01 0.000000000000000000e+00
-5.700000000002802381e+00 -6.859614571264037730e-01 0.000000000000000000e+00
-5.650000000002805223e+00 -7.664825611344969758e-01 0.000000000000000000e+00
-5.600000000002808065e+00 -8.200925652583178627e-01 0.000000000000000000e+00
-5.550000000002810907e+00 -8.447813116198241712e-01 0.000000000000000000e+00
-5.500000000002813749e+00 -8.395586333926355893e-01 0.000000000000000000e+00
-5.450000000002816591e+00 -8.044953634735677594e-01 0.000000000000000000e+00
-5.400000000002819434e+00 -7.407230909975903721e-01 0.000000000000000000e+00
-5.350000000002822276e+00 -6.503997542100872220e-01 0.000000000000000000e+00
-5.300000000002825118e+00 -5.366349284127331920e-01 0.000000000000000000e+00
-5.250000000002827960e+00 -4.033845535508313040e-01 0.000000000000000000e+00
-5.200000000002830802e+00 -2.553115048906154372e-01 0.000000000000000000e+00
-5.150000000002833644e+00 -9.762407922863941545e-02 0.000000000000000000e+00
-5.100000000002836487e+00 6.410915875342593218e-02 0.000000000000000000e+00
-5.050000000002839329e+00 2.241544310629091374e-01 0.000000000000000000e+00
-5.000000000002842171e+00 3.768180125203235420e-01 0.000000000000000000e+00
-4.950000000002845013e+00 5.166472062447629021e-01 0.000000000000000000e+00
-4.900000000002847855e+00 6.386270727387728385e-01 0.000000000000000000e+00
-4.850000000002850697e+00 7.383586657495327943e-01 0.000000000000000000e+00
-4.800000000002853540e+00 8.122195756026033830e-01 0.000000000000000000e+00
-4.750000000002856382e+00 8.574937788404397576e-01 0.000000000000000000e+00
-4.700000000002859224e+00 8.724732737719774756e-01 0.000000000000000000e+00
-4.650000000002862066e+00 8.565205676064128193e-01 0.000000000000000000e+00
-4.600000000002864908e+00 8.100968641215194888e-01 0.000000000000000000e+00
-4.550000000002867750e+00 7.347476187112242929e-01 0.000000000000000000e+00
-4.500000000002870593e+00 6.330530379144104769e-01 0.000000000000000000e+00
-4.450000000002873435e+00 5.085379610789394489e-01 0.000000000000000000e+00
-4.400000000002876277e+00 3.655514033878080049e-01 0.000000000000000000e+00
-4.350000000002879119e+00 2.091127470658625531e-01 0.000000000000000000e+00
-4.300000000002881961e+00 4.473715232862571917e-02 0.000000000000000000e+00
-4.250000000002884804e+00 -1.217608600862394863e-01 0.000000000000000000e+00
-4.200000000002887646e+00 -2.844715289000542269e-01 0.000000000000000000e+00
-4.150000000002890488e+00 -4.376016241227074222e-01 0.000000000000000000e+00
-4.100000000002893330e+00 -5.756791541507881860e-01 0.000000000000000000e+00
-4.050000000002896172e+00 -6.937508858880061524e-01 0.000000000000000000e+00
-4.000000000002899014e+00 -7.875584247428807361e-01 0.000000000000000000e+00
-3.950000000002901857e+00 -8.536937042949769294e-01 0.000000000000000000e+00
-3.900000000002904699e+00 -8.897210915198696668e-01 0.000000000000000000e+00
-3.850000000002907541e+00 -8.942688414736349456e-01 0.000000000000000000e+00
-3.800000000002910383e+00 -8.670793618473825459e-01 0.000000000000000000e+00
-3.750000000002913225e+00 -8.090235557264560118e-01 0.000000000000000000e+00
-3.700000000002916067e+00 -7.220714387530735578e-01 0.000000000000000000e+00
-3.650000000002918910e+00 -6.092271281659130677e-01 0.000000000000000000e+00
-3.600000000002921752e+00 -4.744232325349891366e-01 0.000000000000000000e+00
-3.550000000002924594e+00 -3.223854639084403062e-01 0.000000000000000000e+00
-3.500000000002927436e+00 -1.584650301149899410e-01 0.000000000000000000e+00
-3.450000000002930278e+00 1.154813884885485392e-02 0.000000000000000000e+00
-3.400000000002933120e+00 1.816319072355329078e-01 0.000000000000000000e+00
-3.350000000002935963e+00 3.457437183025794392e-01 0.000000000000000000e+00
-3.300000000002938805e+00 4.980372903688095043e-01 0.000000000000000000e+00
-3.250000000002941647e+00 6.330693472372149744e-01 0.000000000000000000e+00
-3.200000000002944489e+00 7.459961607965640562e-01 0.000000000000000000e+00
-3.150000000002947331e+00 8.327457076485319520e-01 0.000000000000000000e+00
-3.100000000002950173e+00 8.901664077582909229e-01 0.000000000000000000e+00
-3.050000000002953016e+00 9.161399171982564926e-01 0.000000000000000000e+00
-3.000000000002955858e+00 9.096610253330836837e-01 0.000000000000000000e+00
-2.950000000002958700e+00 8.708745592783514455e-01 0.000000000000000000e+00
-2.900000000002961542e+00 8.010750299295005261e-01 0.000000000000000000e+00
-2.850000000002964384e+00 7.026617736930923508e-01 0.000000000000000000e+00
-2.800000000002967226e+00 5.790582323444932733e-01 0.000000000000000000e+00
-2.750000000002970069e+00 4.345909955373478128e-01 0.000000000000000000e+00
-2.700000000002972911e+00 2.743399695133060812e-01 0.000000000000000000e+00
-2.650000000002975753e+00 1.039577797743312104e-01 0.000000000000000000e+00
-2.600000000002978595e+00 -7.052808139894378714e-02 0.000000000000000000e+00
-2.550000000002981437e+00 -2.429305121891136010e-01 0.000000000000000000e+00
-2.500000000002984279e+00 -4.071206862127340065e-01 0.000000000000000000e+00
-2.450000000002987122e+00 -5.572479630456437238e-01 0.000000000000000000e+00
-2.400000000002989964e+00 -6.879468463193567640e-01 0.000000000000000000e+00
-2.350000000002992806e+00 -7.945307373189564037e-01 0.000000000000000000e+00
-2.300000000002995648e+00 -8.731584042575133431e-01 0.000000000000000000e+00
-2.250000000002998490e+00 -9.209743225437487801e-01 0.000000000000000000e+00
-2.200000000003001333e+00 -9.362106817718907070e-01 0.000000000000000000e+00
-2.150000000003004175e+00 -9.182544847572018387e-01 0.000000000000000000e+00
-2.100000000003007017e+00 -8.676701264727612051e-01 0.000000000000000000e+00
-2.050000000003009859e+00 -7.861836930193886186e-01 0.000000000000000000e+00
-2.000000000003012701e+00 -6.766223135942051048e-01 0.000000000000000000e+00
-1.950000000003015543e+00 -5.428177687266343421e-01 0.000000000000000000e+00
-1.900000000003018386e+00 -3.894705705768705117e-01 0.000000000000000000e+00
-1.850000000003021228e+00 -2.219864107733231506e-01 0.000000000000000000e+00
-1.800000000003024070e+00 -4.628360385450708270e-02 0.000000000000000000e+00
-1.750000000003026912e+00 1.314145396160756041e-01 0.000000000000000000e+00
-1.700000000003029754e+00 3.048021838487977586e-01 0.000000000000000000e+00
-1.650000000003032596e+00 4.677132551825881057e-01 0.000000000000000000e+00
-1.600000000003035439e+00 6.143427646346270032e-01 0.000000000000000000e+00
-1.550000000003038281e+00 7.394521492390860873e-01 0.000000000000000000e+00
-1.500000000003041123e+00 8.385584218415654822e-01 0.000000000000000000e+00
-1.450000000003043965e+00 9.080932312419176533e-01 0.000000000000000000e+00
-1.400000000003046807e+00 9.455332427202028933e-01 0.000000000000000000e+00
-1.350000000003049649e+00 9.494900126911235416e-01 0.000000000000000000e+00
-1.300000000003052492e+00 9.197632116241217792e-01 0.000000000000000000e+00
-1.250000000003055334e+00 8.573481048851927522e-01 0.000000000000000000e+00
-1.200000000003058176e+00 7.644040703116148361e-01 0.000000000000000000e+00
-1.150000000003061018e+00 6.441780774761279860e-01 0.000000000000000000e+00
-1.100000000003063860e+00 5.008929001909109280e-01 0.000000000000000000e+00
-1.050000000003066702e+00 3.395968562413378966e-01 0.000000000000000000e+00
-1.000000000003069545e+00 1.659874830806552515e-01 0.000000000000000000e+00
-9.500000000030723868e-01 -1.379174020995254345e-02 0.000000000000000000e+00
-9.000000000030752290e-01 -1.933673090727608124e-01 0.000000000000000000e+00
-8.500000000030780711e-01 -3.663637034037124929e-01 0.000000000000000000e+00
-8.000000000030809133e-01 -5.266282715900575395e-01 0.000000000000000000e+00
-7.500000000030837555e-01 -6.684520982919193166e-01 0.000000000000000000e+00
-7.000000000030865976e-01 -7.867718665009474366e-01 0.000000000000000000e+00
-6.500000000030894398e-01 -8.773526177711646890e-01 0.000000000000000000e+00
-6.000000000030922820e-01 -9.369377567931789219e-01 0.000000000000000000e+00
-5.500000000030951242e-01 -9.633680297254034741e-01 0.000000000000000000e+00
-5.000000000030979663e-01 -9.556580780549570608e-01 0.000000000000000000e+00
-4.500000000031008085e-01 -9.140348987769424394e-01 0.000000000000000000e+00
-4.000000000031036507e-01 -8.399296719101684294e-01 0.000000000000000000e+00
-3.500000000031064928e-01 -7.359302973412674698e-01 0.000000000000000000e+00
-3.000000000031093350e-01 -6.056891621688489380e-01 0.000000000000000000e+00
-2.500000000031121772e-01 -4.537964764599459189e-01 0.000000000000000000e+00
-2.000000000031150194e-01 -2.856165273184460007e-01 0.000000000000000000e+00
-1.500000000031178615e-01 -1.070997456911205598e-01 0.000000000000000000e+00
-1.000000000031207037e-01 7.542986764016677836e-02 0.000000000000000000e+00
-5.000000000312354587e-02 2.554973083853319116e-01 0.000000000000000000e+00
-3.126388037344440818e-12 4.267083288772028360e-01 0.000000000000000000e+00
4.999999999687076979e-02 5.829750422362685036e-01 0.000000000000000000e+00
9.999999999686792762e-02 7.187344438437155425e-01 0.000000000000000000e+00
1.499999999968650854e-01 8.291449537714494777e-01 0.000000000000000000e+00
1.999999999968622433e-01 9.102610697856052813e-01 0.000000000000000000e+00
2.499999999968594011e-01 9.591727813419657078e-01 0.000000000000000000e+00
2.999999999968565589e-01 9.741118537929579491e-01 0.000000000000000000e+00
3.499999999968537168e-01 9.545140570631611698e-01 0.000000000000000000e+00
3.999999999968508746e-01 9.010421872466091164e-01 0.000000000000000000e+00
4.499999999968480324e-01 8.155619153671147536e-01 0.000000000000000000e+00
4.999999999968451903e-01 7.010783845191614905e-01 0.000000000000000000e+00
5.499999999968423481e-01 5.616286682269416852e-01 0.000000000000000000e+00
5.999999999968395059e-01 4.021409834462382205e-01 0.000000000000000000e+00
6.499999999968366637e-01 2.282585330999234996e-01 0.000000000000000000e+00
6.999999999968338216e-01 4.614132253834447861e-02 0.000000000000000000e+00
7.499999999968309794e-01 -1.377541208494652281e-01 0.000000000000000000e+00
7.999999999968281372e-01 -3.169021984268380332e-01 0.000000000000000000e+00
8.499999999968252951e-01 -4.849418773716588360e-01 0.000000000000000000e+00
8.999999999968224529e-01 -6.359010997067040538e-01 0.000000000000000000e+00
9.499999999968196107e-01 -7.644110744565836280e-01 0.000000000000000000e+00
9.999999999968167685e-01 -8.658957157686156814e-01 0.000000000000000000e+00
1.049999999996813926e+00 -9.367365718778429828e-01 0.000000000000000000e+00
1.099999999996811084e+00 -9.744002559248106099e-01 0.000000000000000000e+00
1.149999999996808242e+00 -9.775309227857629235e-01 0.000000000000000000e+00
1.199999999996805400e+00 -9.459973764582021438e-01 0.000000000000000000e+00
1.249999999996802558e+00 -8.809002072578347997e-01 0.000000000000000000e+00
1.299999999996799716e+00 -7.845315794697225176e-01 0.000000000000000000e+00
1.349999999996796873e+00 -6.602961766876994654e-01 0.000000000000000000e+00
1.399999999996794031e+00 -5.125889954388583858e-01 0.000000000000000000e+00
1.449999999996791189e+00 -3.466414159906009429e-01 0.000000000000000000e+00
1.499999999996788347e+00 -1.683339107394361545e-01 0.000000000000000000e+00
1.549999999996785505e+00 1.601085888837160479e-02 0.000000000000000000e+00
1.599999999996782662e+00 1.998543048327066640e-01 0.000000000000000000e+00
1.649999999996779820e+00 3.766723896512943481e-01 0.000000000000000000e+00
1.699999999996776978e+00 5.401892208102795356e-01 0.000000000000000000e+00
1.749999999996774136e+00 6.845983504051487145e-01 0.000000000000000000e+00
1.799999999996771294e+00 8.047710034278512392e-01 0.000000000000000000e+00
1.849999999996768452e+00 8.964367207775079116e-01 0.000000000000000000e+00
1.899999999996765609e+00 9.563370830813485712e-01 0.000000000000000000e+00
1.949999999996762767e+00 9.823399381523600926e-01 0.000000000000000000e+00
1.999999999996759925e+00 9.735171598347545086e-01 0.000000000000000000e+00
2.049999999996757083e+00 9.301760633318199023e-01 0.000000000000000000e+00
2.099999999996754241e+00 8.538504518349190331e-01 0.000000000000000000e+00
2.149999999996751399e+00 7.472445058240698712e-01 0.000000000000000000e+00
2.199999999996748556e+00 6.141386060111709844e-01 0.000000000000000000e+00
2.249999999996745714e+00 4.592533354689564140e-01 0.000000000000000000e+00
2.299999999996742872e+00 2.880835967955194254e-01 0.000000000000000000e+00
2.349999999996740030e+00 1.067016430413311595e-01 0.000000000000000000e+00
2.399999999996737188e+00 -7.845687024718317470e-02 0.000000000000000000e+00
2.449999999996734346e+00 -2.608233019052386137e-01 0.000000000000000000e+00
2.499999999996731503e+00 -4.339276123944124652e-01 0.000000000000000000e+00
2.549999999996728661e+00 -5.916299841057308662e-01 0.000000000000000000e+00
2.599999999996725819e+00 -7.283371335840262972e-01 0.000000000000000000e+00
2.649999999996722977e+00 -8.392027235835157750e-01 0.000000000000000000e+00
2.699999999996720135e+00 -9.202976457272175059e-01 0.000000000000000000e+00
2.749999999996717293e+00 -9.687512223329324268e-01 0.000000000000000000e+00
2.799999999996714450e+00 -9.828512072009252254e-01 0.000000000000000000e+00
2.849999999996711608e+00 -9.621061380083300030e-01 0.000000000000000000e+00
2.899999999996708766e+00 -9.072607279006783543e-01 0.000000000000000000e+00
2.949999999996705924e+00 -8.202708624190739872e-01 0.000000000000000000e+00
2.999999999996703082e+00 -7.042319988691289057e-01 0.000000000000000000e+00
3.049999999996700240e+00 -5.632706312680177962e-01 0.000000000000000000e+00
3.099999999996697397e+00 -4.023955896574955560e-01 0.000000000000000000e+00
3.149999999996694555e+00 -2.273215799108757040e-01 0.000000000000000000e+00
3.199999999996691713e+00 -4.426414681764622577e-02 0.000000000000000000e+00
3.249999999996688871e+00 1.402795316540857984e-01 0.000000000000000000e+00
3.299999999996686029e+00 3.197633205882279839e-01 0.000000000000000000e+00
3.349999999996683187e+00 4.878228885600921494e-01 0.000000000000000000e+00
3.399999999996680344e+00 6.385034503830251396e-01 0.000000000000000000e+00
3.449999999996677502e+00 7.664692881632643173e-01 0.000000000000000000e+00
3.499999999996674660e+00 8.671947133330236701e-01 0.000000000000000000e+00
3.549999999996671818e+00 9.371225817075159448e-01 0.000000000000000000e+00
3.599999999996668976e+00 9.737918479579676934e-01 0.000000000000000000e+00
3.649999999996666133e+00 9.759225342020583227e-01 0.000000000000000000e+00
3.699999999996663291e+00 9.434622233910400224e-01 0.000000000000000000e+00
3.749999999996660449e+00 8.775853407048608279e-01 0.000000000000000000e+00
3.799999999996657607e+00 7.806523870397654719e-01 0.000000000000000000e+00
3.849999999996654765e+00 6.561234933111055323e-01 0.000000000000000000e+00
3.899999999996651923e+00 5.084365105340158397e-01 0.000000000000000000e+00
3.949999999996649080e+00 3.428468878979564760e-01 0.000000000000000000e+00
3.999999999996646238e+00 1.652421714263827557e-01 0.000000000000000000e+00
4.049999999996643396e+00 -1.806937014799790686e-02 0.000000000000000000e+00
4.099999999996640554e+00 -2.005813442112887035e-01 0.000000000000000000e+00
4.149999999996637712e+00 -3.758222434156829883e-01 0.000000000000000000e+00
4.199999999996634870e+00 -5.375834586938799120e-01 0.000000000000000000e+00
4.249999999996632027e+00 -6.801413039920067849e-01 0.000000000000000000e+00
4.299999999996629185e+00 -7.984580502082385678e-01 0.000000000000000000e+00
4.349999999996626343e+00 -8.883619517784039354e-01 0.000000000000000000e+00
4.399999999996623501e+00 -9.466927704192668047e-01 0.000000000000000000e+00
4.449999999996620659e+00 -9.714147687837246803e-01 0.000000000000000000e+00
4.499999999996617817e+00 -9.616860736615012728e-01 0.000000000000000000e+00
4.549999999996614974e+00 -9.178891019198489598e-01 0.000000000000000000e+00
4.599999999996612132e+00 -8.416138919422850861e-01 0.000000000000000000e+00
4.649999999996609290e+00 -7.356021001910603152e-01 0.000000000000000000e+00
4.699999999996606448e+00 -6.036465795510761456e-01 0.000000000000000000e+00
4.749999999996603606e+00 -4.504572781389047931e-01 0.000000000000000000e+00
4.799999999996600764e+00 -2.814911463642161826e-01 0.000000000000000000e+00
4.849999999996597921e+00 -1.027592612991160281e-01 0.000000000000000000e+00
4.899999999996595079e+00 7.938906632128882312e-02 0.000000000000000000e+00
4.949999999996592237e+00 2.584903778708880218e-01 0.000000000000000000e+00
4.999999999996589395e+00 4.281984887994484401e-01 0.000000000000000000e+00
5.049999999996586553e+00 5.825078874693778719e-01 0.000000000000000000e+00
5.099999999996583711e+00 7.159683007582074987e-01 0.000000000000000000e+00
5.149999999996580868e+00 8.238756859666054311e-01 0.000000000000000000e+00
5.199999999996578026e+00 9.024400139199220128e-01 0.000000000000000000e+00
5.249999999996575184e+00 9.489167847231300135e-01 0.000000000000000000e+00
5.299999999996572342e+00 9.617047760193413453e-01 0.000000000000000000e+00
5.349999999996569500e+00 9.403994697359343569e-01 0.000000000000000000e+00
5.399999999996566658e+00 8.858074484234860213e-01 0.000000000000000000e+00
5.449999999996563815e+00 7.999141783133237871e-01 0.000000000000000000e+00
5.499999999996560973e+00 6.858135222235611783e-01 0.000000000000000000e+00
5.549999999996558131e+00 5.475944163031196688e-01 0.000000000000000000e+00
5.599999999996555289e+00 3.901959353212269832e-01 0.000000000000000000e+00
5.649999999996552447e+00 2.192288169370446294e-01 0.000000000000000000e+00
5.699999999996549604e+00 4.077697491784724321e-02 0.000000000000000000e+00
5.749999999996546762e+00 -1.388210433842713143e-01 0.000000000000000000e+00
5.799999999996543920e+00 -3.131957196301858315e-01 0.000000000000000000e+00
5.849999999996541078e+00 -4.761745224343826854e-01 0.000000000000000000e+00
5.899999999996538236e+00 -6.219989140471168243e-01 0.000000000000000000e+00
5.949999999996535394e+00 -7.455298467453332911e-01 0.000000000000000000e+00
5.999999999996532551e+00 -8.424273261461090456e-01 0.000000000000000000e+00
6.049999999996529709e+00 -9.093048422381893037e-01 0.000000000000000000e+00
6.099999999996526867e+00 -9.438460835394755222e-01 0.000000000000000000e+00
6.149999999996524025e+00 -9.448869938121200462e-01 0.000000000000000000e+00
6.199999999996521183e+00 -9.124531761386742712e-01 0.000000000000000000e+00
6.249999999996518341e+00 -8.477585397069780093e-01 0.000000000000000000e+00
6.299999999996515498e+00 -7.531581663971127494e-01 0.000000000000000000e+00
6.349999999996512656e+00 -6.320643038479785147e-01 0.000000000000000000e+00
6.399999999996509814e+00 -4.888213962497139908e-01 0.000000000000000000e+00
6.449999999996506972e+00 -3.285518211390541787e-01 0.000000000000000000e+00
6.499999999996504130e+00 -1.569707253729089591e-01 0.000000000000000000e+00
6.549999999996501288e+00 1.981624785504022823e-02 0.000000000000000000e+00
6.599999999996498445e+00 1.955322667518262503e-01 0.000000000000000000e+00
6.649999999996495603e+00 3.639506726910453072e-01 0.000000000000000000e+00
6.699999999996492761e+00 5.191176759501391347e-01 0.000000000000000000e+00
6.749999999996489919e+00 6.555613141566580815e-01 0.000000000000000000e+00
6.799999999996487077e+00 7.684864299370544050e-01 0.000000000000000000e+00
6.849999999996484235e+00 8.539416122008546273e-01 0.000000000000000000e+00
6.899999999996481392e+00 9.089593849744316278e-01 0.000000000000000000e+00
6.949999999996478550e+00 9.316575618841315132e-01 0.000000000000000000e+00
6.999999999996475708e+00 9.213054089561542037e-01 0.000000000000000000e+00
7.049999999996472866e+00 8.783451826364622184e-01 0.000000000000000000e+00
7.099999999996470024e+00 8.043755398742018503e-01 0.000000000000000000e+00
7.149999999996467182e+00 7.020903342221112009e-01 0.000000000000000000e+00
7.199999999996464339e+00 5.751822400566167781e-01 0.000000000000000000e+00
7.249999999996461497e+00 4.282075468579996103e-01 0.000000000000000000e+00
7.299999999996458655e+00 2.664241866269197456e-01 0.000000000000000000e+00
7.349999999996455813e+00 9.560164668080074757e-02 0.000000000000000000e+00
7.399999999996452971e+00 -7.818324010089763854e-02 0.000000000000000000e+00
7.449999999996450128e+00 -2.487645064496026848e-01 0.000000000000000000e+00
7.499999999996447286e+00 -4.101043025414299326e-01 0.000000000000000000e+00
7.549999999996444444e+00 -5.565086433637893570e-01 0.000000000000000000e+00
7.599999999996441602e+00 -6.828268140098925354e-01 0.000000000000000000e+00
7.649999999996438760e+00 -7.846345637484146707e-01 0.000000000000000000e+00
7.699999999996435918e+00 -8.583874430953799539e-01 0.000000000000000000e+00
7.749999999996433075e+00 -9.015460903020617867e-01 0.000000000000000000e+00
7.799999999996430233e+00 -9.126619081713108761e-01 0.000000000000000000e+00
7.849999999996427391e+00 -8.914273718847802730e-01 0.000000000000000000e+00
7.899999999996424549e+00 -8.386820910992545119e-01 0.000000000000000000e+00
7.949999999996421707e+00 -7.563817132865483517e-01 0.000000000000000000e+00
7.999999999996418865e+00 -6.475236879007049140e-01 0.000000000000000000e+00
8.049999999996416022e+00 -5.160398336802541897e-01 0.000000000000000000e+00
8.099999999996413180e+00 -3.666524291149919623e-01 0.000000000000000000e+00
8.149999999996410338e+00 -2.047062306545998911e-01 0.000000000000000000e+00
8.199999999996407496e+00 -3.597526321890079370e-02 0.000000000000000000e+00
8.249999999996404654e+00 1.335414876832973774e-01 0.000000000000000000e+00
8.299999999996401812e+00 2.978353857851558928e-01 0.000000000000000000e+00
8.349999999996398969e+00 4.510995778880441121e-01 0.000000000000000000e+00
8.399999999996396127e+00 5.879362480176213435e-01 0.000000000000000000e+00
8.449999999996393285e+00 7.035451409202793105e-01 0.000000000000000000e+00
8.499999999996390443e+00 7.938939123771956430e-01 0.000000000000000000e+00
8.549999999996387601e+00 8.558571051818331110e-01 0.000000000000000000e+00
8.599999999996384759e+00 8.873261106746033189e-01 0.000000000000000000e+00
8.649999999996381916e+00 8.872790906885368312e-01 0.000000000000000000e+00
8.699999999996379074e+00 8.558157044041121431e-01 0.000000000000000000e+00
8.749999999996376232e+00 7.941483050931696930e-01 0.000000000000000000e+00
8.799999999996373390e+00 7.045572643012587566e-01 0.000000000000000000e+00
8.849999999996370548e+00 5.903049099996017235e-01 0.000000000000000000e+00
8.899999999996367706e+00 4.555184798399317669e-01 0.000000000000000000e+00
8.949999999996364863e+00 3.050391301154504187e-01 0.000000000000000000e+00
8.999999999996362021e+00 1.442496900070265875e-01 0.000000000000000000e+00
9.049999999996359179e+00 -2.111987041915071653e-02 0.000000000000000000e+00
9.099999999996356337e+00 -1.851950546600822645e-01 0.000000000000000000e+00
9.149999999996353495e+00 -3.421675347399968370e-01 0.000000000000000000e+00
9.199999999996350653e+00 -4.864991907810605754e-01 0.000000000000000000e+00
9.249999999996347810e+00 -6.131194945656728290e-01 0.000000000000000000e+00
9.299999999996344968e+00 -7.176020192725600655e-01 0.000000000000000000e+00
9.349999999996342126e+00 -7.963211044548654804e-01 0.000000000000000000e+00
9.399999999996339284e+00 -8.465759462974150606e-01 0.000000000000000000e+00
9.449999999996336442e+00 -8.666850489286850312e-01 0.000000000000000000e+00
9.499999999996333599e+00 -8.560405478188201078e-01 0.000000000000000000e+00
9.549999999996330757e+00 -8.151278508051953420e-01 0.000000000000000000e+00
9.599999999996327915e+00 -7.455027805622183035e-01 0.000000000000000000e+00
9.649999999996325073e+00 -6.497344197661031329e-01 0.000000000000000000e+00
9.699999999996322231e+00 -5.313085673154005484e-01 0.000000000000000000e+00
9.749999999996319389e+00 -3.945026191862741616e-01 0.000000000000000000e+00
9.799999999996316546e+00 -2.442291738779429067e-01 0.000000000000000000e+00
9.849999999996313704e+00 -8.586127857866260316e-02 0.000000000000000000e+00
9.899999999996310862e+00 7.496166043659316380e-02 0.000000000000000000e+00
9.949999999996308020e+00 2.325330862222462769e-01 0.000000000000000000e+00
9.999999999996305178e+00 3.812837779242354563e-01 0.000000000000000000e+00
1.004999999999630234e+01 5.159770766948710286e-01 0.000000000000000000e+00
1.009999999999629949e+01 6.318952090112688325e-01 0.000000000000000000e+00
1.014999999999629665e+01 7.250028622028172887e-01 0.000000000000000000e+00
1.019999999999629381e+01 7.920895499798302763e-01 0.000000000000000000e+00
1.024999999999629097e+01 8.308785271554428586e-01 0.000000000000000000e+00
1.029999999999628812e+01 8.401057789058241632e-01 0.000000000000000000e+00
1.034999999999628528e+01 8.195591251696809909e-01 0.000000000000000000e+00
1.039999999999628244e+01 7.700834757202966729e-01 0.000000000000000000e+00
1.044999999999627960e+01 6.935449079204536460e-01 0.000000000000000000e+00
1.049999999999627676e+01 5.927622786624190399e-01 0.000000000000000000e+00
1.054999999999627391e+01 4.714016500562498435e-01 0.000000000000000000e+00
1.059999999999627107e+01 3.338447046480430558e-01 0.000000000000000000e+00
1.064999999999626823e+01 1.850286458095878328e-01 0.000000000000000000e+00
1.069999999999626539e+01 3.027066696812056798e-02 0.000000000000000000e+00
1.074999999999626255e+01 -1.249239996727962154e-01 0.000000000000000000e+00
1.079999999999625970e+01 -2.750562833470371338e-01 0.000000000000000000e+00
1.084999999999625686e+01 -4.148301076559338663e-01 0.000000000000000000e+00
1.089999999999625402e+01 -5.393375626681269353e-01 0.000000000000000000e+00
1.094999999999625118e+01 -6.442331824253785255e-01 0.000000000000000000e+00
1.099999999999624833e+01 -7.258838869471746502e-01 0.000000000000000000e+00
1.104999999999624549e+01 -7.814966641984064655e-01 0.000000000000000000e+00
1.109999999999624265e+01 -8.092122496568584511e-01 0.000000000000000000e+00
1.114999999999623981e+01 -8.081689236454570047e-01 0.000000000000000000e+00
1.119999999999623697e+01 -7.785269816937854248e-01 0.000000000000000000e+00
1.124999999999623412e+01 -7.214604849541309539e-01 0.000000000000000000e+00
1.129999999999623128e+01 -6.391094134885577649e-01 0.000000000000000000e+00
1.134999999999622844e+01 -5.345014053462847636e-01 0.000000000000000000e+00
1.139999999999622560e+01 -4.114386773155101484e-01 0.000000000000000000e+00
1.144999999999622275e+01 -2.743616125386989513e-01 0.000000000000000000e+00
1.149999999999621991e+01 -1.281866414650459085e-01 0.000000000000000000e+00
1.154999999999621707e+01 2.186839101793410650e-02 0.000000000000000000e+00
1.159999999999621423e+01 1.704724403607057737e-01 0.000000000000000000e+00
1.164999999999621139e+01 3.123689876043612146e-01 0.000000000000000000e+00
1.169999999999620854e+01 4.425639409872806906e-01 0.000000000000000000e+00
1.174999999999620570e+01 5.564997085630245532e-01 0.000000000000000000e+00
1.179999999999620286e+01 6.502166580364949766e-01 0.000000000000000000e+00
1.184999999999620002e+01 7.204889507821975458e-01 0.000000000000000000e+00
1.189999999999619718e+01 7.649373838508972678e-01 0.000000000000000000e+00
1.194999999999619433e+01 7.821079967133484079e-01 0.000000000000000000e+00
1.199999999999619149e+01 7.715211547922760094e-01 0.000000000000000000e+00
1.204999999999618865e+01 7.336821569081986016e-01 0.000000000000000000e+00
1.209999999999618581e+01 6.700605198147853159e-01 0.000000000000000000e+00
1.214999999999618296e+01 5.830314700671738182e-01 0.000000000000000000e+00
1.219999999999618012e+01 4.757892542862012797e-01 0.000000000000000000e+00
1.224999999999617728e+01 3.522281219524862061e-01 0.000000000000000000e+00
1.229999999999617444e+01 2.168027211912950947e-01 0.000000000000000000e+00
1.234999999999617160e+01 7.436560007717608889e-02 0.000000000000000000e+00
1.239999999999616875e+01 -7.000494092099010524e-02 0.000000000000000000e+00
1.244999999999616591e+01 -2.111878547643221138e-01 0.000000000000000000e+00
1.249999999999616307e+01 -3.441992904375013040e-01 0.000000000000000000e+00
1.254999999999616023e+01 -4.643704721737505481e-01 0.000000000000000000e+00
1.259999999999615738e+01 -5.675098335219574963e-01 0.000000000000000000e+00
1.264999999999615454e+01 -6.500511067488680128e-01 0.000000000000000000e+00
1.269999999999615170e+01 -7.091747976489681804e-01 0.000000000000000000e+00
1.274999999999614886e+01 -7.429062503861653122e-01 0.000000000000000000e+00
1.279999999999614602e+01 -7.501795506454542739e-01 0.000000000000000000e+00
1.284999999999614317e+01 -7.308725606127552954e-01 0.000000000000000000e+00
1.289999999999614033e+01 -6.858045949960890342e-01 0.000000000000000000e+00
1.294999999999613749e+01 -6.167044063872346715e-01 0.000000000000000000e+00
1.299999999999613465e+01 -5.261423695257718691e-01 0.000000000000000000e+00
1.304999999999613181e+01 -4.174368573186512110e-01 0.000000000000000000e+00
1.309999999999612896e+01 -2.945308610638803226e-01 0.000000000000000000e+00
1.314999999999612612e+01 -1.618507964254741471e-01 0.000000000000000000e+00
1.319999999999612328e+01 -2.414519018374034626e-02 0.000000000000000000e+00
1.324999999999612044e+01 1.136835072519688794e-01 0.000000000000000000e+00
1.329999999999611759e+01 2.467553927960383087e-01 0.000000000000000000e+00
1.334999999999611475e+01 3.703841377227160003e-01 0.000000000000000000e+00
1.339999999999611191e+01 4.802439501621575957e-01 0.000000000000000000e+00
1.344999999999610907e+01 5.725191427247506848e-01 0.000000000000000000e+00
1.349999999999610623e+01 6.440385166463745703e-01 0.000000000000000000e+00
1.354999999999610338e+01 6.923824426311627755e-01 0.000000000000000000e+00
1.359999999999610054e+01 7.159664183999305820e-01 0.000000000000000000e+00
1.364999999999609770e+01 7.140908273131120199e-01 0.000000000000000000e+00
1.369999999999609486e+01 6.869627557060546952e-01 0.000000000000000000e+00
1.374999999999609201e+01 6.356818041456671065e-01 0.000000000000000000e+00
1.379999999999608917e+01 5.621980401263072524e-01 0.000000000000000000e+00
1.384999999999608633e+01 4.692362891389847412e-01 0.000000000000000000e+00
1.389999999999608349e+01 3.601970903504880805e-01 0.000000000000000000e+00
1.394999999999608065e+01 2.390305069348858114e-01 0.000000000000000000e+00
1.399999999999607780e+01 1.100948806189964713e-01 0.000000000000000000e+00
1.404999999999607496e+01 -2.200183323654438319e-02 0.000000000000000000e+00
1.409999999999607212e+01 -1.525649549539091210e-01 0.000000000000000000e+00
1.414999999999606928e+01 -2.769818566855422048e-01 0.000000000000000000e+00
1.419999999999606644e+01 -3.908831298091652307e-01 0.000000000000000000e+00
1.424999999999606359e+01 -4.902979409692708179e-01 0.000000000000000000e+00
1.429999999999606075e+01 -5.717906179052658633e-01 0.000000000000000000e+00
1.434999999999605791e+01 -6.325812061522895213e-01 0.000000000000000000e+00
1.439999999999605507e+01 -6.706383258031340944e-01 0.000000000000000000e+00
1.444999999999605222e+01 -6.847486808788847412e-01 0.000000000000000000e+00
1.449999999999604938e+01 -6.745533992242199739e-01 0.000000000000000000e+00
1.454999999999604654e+01 -6.405576014426673792e-01 0.000000000000000000e+00
1.459999999999604370e+01 -5.841055188555204225e-01 0.000000000000000000e+00
1.464999999999604086e+01 -5.073297477832419133e-01 0.000000000000000000e+00
1.469999999999603801e+01 -4.130690900277356192e-01 0.000000000000000000e+00
1.474999999999603517e+01 -3.047655900791181871e-01 0.000000000000000000e+00
1.479999999999603233e+01 -1.863370364085057407e-01 0.000000000000000000e+00
1.484999999999602949e+01 -6.203711357906585566e-02 0.000000000000000000e+00
1.489999999999602665e+01 6.369927515764957360e-02 0.000000000000000000e+00
1.494999999999602380e+01 1.864124140981058275e-01 0.000000000000000000e+00
1.499999999999602096e+01 3.017778736410792195e-01 0.000000000000000000e+00
1.504999999999601812e+01 4.057570683085082730e-01 0.000000000000000000e+00
1.509999999999601528e+01 4.947405211408069103e-01 0.000000000000000000e+00
1.514999999999601243e+01 5.656712593515880183e-01 0.000000000000000000e+00
1.519999999999600959e+01 6.161516233352727356e-01 0.000000000000000000e+00
1.524999999999600675e+01 6.445222584831099555e-01 0.000000000000000000e+00
1.529999999999600391e+01 6.499182052182290725e-01 0.000000000000000000e+00
1.534999999999600107e+01 6.322926896969396360e-01 0.000000000000000000e+00
1.539999999999599822e+01 5.924155261810390982e-01 0.000000000000000000e+00
1.544999999999599538e+01 5.318387902718104687e-01 0.000000000000000000e+00
1.549999999999599254e+01 4.528387480009572474e-01 0.000000000000000000e+00
1.554999999999598970e+01 3.583286875977337305e-01 0.000000000000000000e+00
1.559999999999598685e+01 2.517534999466389811e-01 0.000000000000000000e+00
1.564999999999598401e+01 1.369622935636864713e-01 0.000000000000000000e+00
1.569999999999598117e+01 1.807128039018987553e-02 0.000000000000000000e+00
1.574999999999597833e+01 -1.006857183607599848e-01 0.000000000000000000e+00
1.579999999999597549e+01 -2.151061787672059467e-01 0.000000000000000000e+00
1.584999999999597264e+01 -3.211694993122521935e-01 0.000000000000000000e+00
1.589999999999596980e+01 -4.151763980587319658e-01 0.000000000000000000e+00
1.594999999999596696e+01 -4.938798024878241488e-01 0.000000000000000000e+00
1.599999999999596412e+01 -5.545950451085648325e-01 0.000000000000000000e+00
1.604999999999596128e+01 -5.952931920537687382e-01 0.000000000000000000e+00
1.609999999999595843e+01 -6.146666985070273759e-01 0.000000000000000000e+00
1.614999999999595559e+01 -6.121728535730943666e-01 0.000000000000000000e+00
1.619999999999595275e+01 -5.880460070990691790e-01 0.000000000000000000e+00
1.624999999999594991e+01 -5.432859696508396397e-01 0.000000000000000000e+00
1.629999999999594706e+01 -4.796155354554335615e-01 0.000000000000000000e+00
1.634999999999594422e+01 -3.994164676271285686e-01 0.000000000000000000e+00
1.639999999999594138e+01 -3.056387331733598223e-01 0.000000000000000000e+00
1.644999999999593854e+01 -2.016940219930044020e-01 0.000000000000000000e+00
1.649999999999593570e+01 -9.132979774340896362e-02 0.000000000000000000e+00
1.654999999999593285e+01 2.150387711328491380e-02 0.000000000000000000e+00
1.659999999999593001e+01 1.327976123398730279e-01 0.000000000000000000e+00
1.664999999999592717e+01 2.386232553812911439e-01 0.000000000000000000e+00
1.669999999999592433e+01 3.352744353620347173e-01 0.000000000000000000e+00
1.674999999999592148e+01 4.193944419749670582e-01 0.000000000000000000e+00
1.679999999999591864e+01 4.880946508015593377e-01 0.000000000000000000e+00
1.684999999999591580e+01 5.390516935683100641e-01 0.000000000000000000e+00
1.689999999999591296e+01 5.705877431992036897e-01 0.000000000000000000e+00
1.694999999999591012e+01 5.817235095860132654e-01 0.000000000000000000e+00
1.699999999999590727e+01 5.722099349541100999e-01 0.000000000000000000e+00
1.704999999999590443e+01 5.425299322694550064e-01 0.000000000000000000e+00
1.709999999999590159e+01 4.938780027086809854e-01 0.000000000000000000e+00
1.714999999999589875e+01 4.281109217497073849e-01 0.000000000000000000e+00
1.719999999999589591e+01 3.476791437963007159e-01 0.000000000000000000e+00
1.724999999999589306e+01 2.555337977258287374e-01 0.000000000000000000e+00
1.729999999999589022e+01 1.550204508824829519e-01 0.000000000000000000e+00
1.734999999999588738e+01 4.975579820808528897e-02 0.000000000000000000e+00
1.739999999999588454e+01 -5.650051385872447568e-02 0.000000000000000000e+00
1.744999999999588169e+01 -1.599820621745061677e-01 0.000000000000000000e+00
1.749999999999587885e+01 -2.570472107415429086e-01 0.000000000000000000e+00
1.754999999999587601e+01 -3.443091543892895512e-01 0.000000000000000000e+00
1.759999999999587317e+01 -4.187521105788510334e-01 0.000000000000000000e+00
1.764999999999587033e+01 -4.778373722185217387e-01 0.000000000000000000e+00
1.769999999999586748e+01 -5.195877955272204529e-01 0.000000000000000000e+00
1.774999999999586464e+01 -5.426556270286539974e-01 0.000000000000000000e+00
1.779999999999586180e+01 -5.463636396750811697e-01 0.000000000000000000e+00
1.784999999999585896e+01 -5.307260681815162418e-01 0.000000000000000000e+00
1.789999999999585611e+01 -4.964409952696052786e-01 0.000000000000000000e+00
1.794999999999585327e+01 -4.448624325241834487e-01 0.000000000000000000e+00
1.799999999999585043e+01 -3.779454733733157434e-01 0.000000000000000000e+00
1.804999999999584759e+01 -2.981744357754199659e-01 0.000000000000000000e+00
1.809999999999584475e+01 -2.084688977884201488e-01 0.000000000000000000e+00
1.814999999999584190e+01 -1.120789052644205891e-01 0.000000000000000000e+00
1.819999999999583906e+01 -1.246536784663418787e-02 0.000000000000000000e+00
1.824999999999583622e+01 8.682221318357086215e-02 0.000000000000000000e+00
1.829999999999583338e+01 1.822741200670814354e-01 0.000000000000000000e+00
1.834999999999583054e+01 2.705424987162839967e-01 0.000000000000000000e+00
1.839999999999582769e+01 3.485606636568581163e-01 0.000000000000000000e+00
1.844999999999582485e+01 4.136476102143994416e-01 0.000000000000000000e+00
1.849999999999582201e+01 4.636019523973772261e-01 0.000000000000000000e+00
1.854999999999581917e+01 4.967742198759675931e-01 0.000000000000000000e+00
1.859999999999581632e+01 5.121229387719185011e-01 0.000000000000000000e+00
1.864999999999581348e+01 5.092448074695266058e-01 0.000000000000000000e+00
1.869999999999581064e+01 4.883859303034226995e-01 0.000000000000000000e+00
1.874999999999580780e+01 4.504260236419757035e-01 0.000000000000000000e+00
1.879999999999580496e+01 3.968442076147008502e-01 0.000000000000000000e+00
1.884999999999580211e+01 3.296598968804284047e-01 0.000000000000000000e+00
1.889999999999579927e+01 2.513589343609881066e-01 0.000000000000000000e+00
1.894999999999579643e+01 1.647998500454267157e-01 0.000000000000000000e+00
1.899999999999579359e+01 7.311158822719929229e-02 0.000000000000000000e+00
1.904999999999579074e+01 -2.042146607393655749e-02 0.000000000000000000e+00
1.909999999999578790e+01 -1.124751116153523967e-01 0.000000000000000000e+00
1.914999999999578506e+01 -1.998053749456512040e-01 0.000000000000000000e+00
1.919999999999578222e+01 -2.793608003079348645e-01 0.000000000000000000e+00
1.924999999999577938e+01 -3.483909502927373669e-01 0.000000000000000000e+00
1.929999999999577653e+01 -4.045394092886318571e-01 0.000000000000000000e+00
1.934999999999577369e+01 -4.459260121656736242e-01 0.000000000000000000e+00
1.939999999999577085e+01 -4.712075690328539901e-01 0.000000000000000000e+00
1.944999999999576801e+01 -4.796230135074288636e-01 0.000000000000000000e+00
1.949999999999576517e+01 -4.710135901416981352e-01 0.000000000000000000e+00
1.954999999999576232e+01 -4.458254860299808442e-01 0.000000000000000000e+00
1.959999999999575948e+01 -4.050870369237692392e-01 0.000000000000000000e+00
1.964999999999575664e+01 -3.503694527792770019e-01 0.000000000000000000e+00
1.969999999999575380e+01 -2.837246608245725943e-01 0.000000000000000000e+00
1.974999999999575095e+01 -2.076105977225358168e-01 0.000000000000000000e+00
1.979999999999574811e+01 -1.247987630804957004e-01 0.000000000000000000e+00
1.984999999999574527e+01 -3.827540879024809994e-02 0.000000000000000000e+00
1.989999999999574243e+01 4.886803065851601929e-02 0.000000000000000000e+00
1.994999999999573959e+01 1.335433323220359680e-01 0.000000000000000000e+00
