-1.995000000000199236e+01 2.777861532901302333e-01 0.000000000000000000e+00
-1.990000000000199520e+01 2.636419840477493559e-01 0.000000000000000000e+00
-1.985000000000199805e+01 2.428019801310305481e-01 0.000000000000000000e+00
-1.980000000000200089e+01 2.157096046672481449e-01 0.000000000000000000e+00
-1.975000000000200373e+01 1.829696470223853844e-01 0.000000000000000000e+00
-1.970000000000200657e+01 1.453328459517398419e-01 0.000000000000000000e+00
-1.965000000000200941e+01 1.036808995685657292e-01 0.000000000000000000e+00
-1.960000000000201226e+01 5.900386429939811356e-02 0.000000000000000000e+00
-1.955000000000201510e+01 1.237879146225910956e-02 0.000000000000000000e+00
-1.950000000000201794e+01 -3.505821394613785336e-02 0.000000000000000000e+00
-1.945000000000202078e+01 -8.213753308901410033e-02 0.000000000000000000e+00
-1.940000000000202363e+01 -1.276868562556831843e-01 0.000000000000000000e+00
-1.935000000000202647e+01 -1.705582375451266397e-01 0.000000000000000000e+00
-1.930000000000202931e+01 -2.096589992620687404e-01 0.000000000000000000e+00
-1.925000000000203215e+01 -2.439774306127162062e-01 0.000000000000000000e+00
-1.920000000000203499e+01 -2.726109033943664439e-01 0.000000000000000000e+00
-1.915000000000203784e+01 -2.947874168292513586e-01 0.000000000000000000e+00
-1.910000000000204068e+01 -3.098882699738128577e-01 0.000000000000000000e+00
-1.905000000000204352e+01 -3.174630091283209277e-01 0.000000000000000000e+00
-1.900000000000204636e+01 -3.172444881503428959e-01 0.000000000000000000e+00
-1.895000000000204921e+01 -3.091553812344958185e-01 0.000000000000000000e+00
-1.890000000000205205e+01 -2.933141754292224457e-01 0.000000000000000000e+00
-1.885000000000205489e+01 -2.700322145265681151e-01 0.000000000000000000e+00
-1.880000000000205773e+01 -2.398100418170281412e-01 0.000000000000000000e+00
-1.875000000000206057e+01 -2.033248638779512896e-01 0.000000000000000000e+00
-1.870000000000206342e+01 -1.614176117194218163e-01 0.000000000000000000e+00
-1.865000000000206626e+01 -1.150716662791687328e-01 0.000000000000000000e+00
-1.860000000000206910e+01 -6.539193928013896373e-02 0.000000000000000000e+00
-1.855000000000207194e+01 -1.357659003631357664e-02 0.000000000000000000e+00
-1.850000000000207478e+01 3.910974821635494064e-02 0.000000000000000000e+00
-1.845000000000207763e+01 9.136878136693375729e-02 0.000000000000000000e+00
-1.840000000000208047e+01 1.418985112122709558e-01 0.000000000000000000e+00
-1.835000000000208331e+01 1.894275136188858510e-01 0.000000000000000000e+00
-1.830000000000208615e+01 2.327449077558506607e-01 0.000000000000000000e+00
-1.825000000000208900e+01 2.707331047502289367e-01 0.000000000000000000e+00
-1.820000000000209184e+01 3.023945167316394178e-01 0.000000000000000000e+00
-1.815000000000209468e+01 3.268796213657783056e-01 0.000000000000000000e+00
-1.810000000000209752e+01 3.435075555870253927e-01 0.000000000000000000e+00
-1.805000000000210036e+01 3.517867889202538345e-01 0.000000000000000000e+00
-1.800000000000210321e+01 3.514272258569223206e-01 0.000000000000000000e+00
-1.795000000000210605e+01 3.423514808984172708e-01 0.000000000000000000e+00
-1.790000000000210889e+01 3.246969097617030120e-01 0.000000000000000000e+00
-1.785000000000211173e+01 2.988163750132311058e-01 0.000000000000000000e+00
-1.780000000000211458e+01 2.652695977091971691e-01 0.000000000000000000e+00
-1.775000000000211742e+01 2.248133273527988252e-01 0.000000000000000000e+00
-1.770000000000212026e+01 1.783824579703723601e-01 0.000000000000000000e+00
-1.765000000000212310e+01 1.270705704814829584e-01 0.000000000000000000e+00
-1.760000000000212594e+01 7.210228679171210020e-02 0.000000000000000000e+00
-1.755000000000212879e+01 1.480613162664789866e-02 0.000000000000000000e+00
-1.750000000000213163e+01 -4.341949865415310750e-02 0.000000000000000000e+00
-1.745000000000213447e+01 -1.011384037044618517e-01 0.000000000000000000e+00
-1.740000000000213731e+01 -1.569139352833402445e-01 0.000000000000000000e+00
-1.735000000000214015e+01 -2.093426982238449918e-01 0.000000000000000000e+00
-1.730000000000214300e+01 -2.570917795429894515e-01 0.000000000000000000e+00
-1.725000000000214584e+01 -2.989305598524389374e-01 0.000000000000000000e+00
-1.720000000000214868e+01 -3.337643089148905617e-01 0.000000000000000000e+00
-1.715000000000215152e+01 -3.606607049007898302e-01 0.000000000000000000e+00
-1.710000000000215437e+01 -3.788765836964289591e-01 0.000000000000000000e+00
-1.705000000000215721e+01 -3.878762251201292033e-01 0.000000000000000000e+00
-1.700000000000216005e+01 -3.873486628663726505e-01 0.000000000000000000e+00
-1.695000000000216289e+01 -3.772155602362686766e-01 0.000000000000000000e+00
-1.690000000000216573e+01 -3.576373772210099666e-01 0.000000000000000000e+00
-1.685000000000216858e+01 -3.290096531010968661e-01 0.000000000000000000e+00
-1.680000000000217142e+01 -2.919574033690108261e-01 0.000000000000000000e+00
-1.675000000000217426e+01 -2.473197581051271854e-01 0.000000000000000000e+00
-1.670000000000217710e+01 -1.961331206985215125e-01 0.000000000000000000e+00
-1.665000000000217995e+01 -1.396052692524333838e-01 0.000000000000000000e+00
-1.660000000000218279e+01 -7.908893761957011548e-02 0.000000000000000000e+00
-1.655000000000218563e+01 -1.604755742738019769e-02 0.000000000000000000e+00
-1.650000000000218847e+01 4.797809320626043178e-02 0.000000000000000000e+00
-1.645000000000219131e+01 1.114094554995872510e-01 0.000000000000000000e+00
-1.640000000000219416e+01 1.726670881311249128e-01 0.000000000000000000e+00
-1.635000000000219700e+01 2.302119029072469125e-01 0.000000000000000000e+00
-1.630000000000219984e+01 2.825818075551340680e-01 0.000000000000000000e+00
-1.625000000000220268e+01 3.284307383897804855e-01 0.000000000000000000e+00
-1.620000000000220552e+01 3.665612002557974147e-01 0.000000000000000000e+00
-1.615000000000220837e+01 3.959573704223749990e-01 0.000000000000000000e+00
-1.610000000000221121e+01 4.158100257675192424e-01 0.000000000000000000e+00
-1.605000000000221405e+01 4.255405136012158085e-01 0.000000000000000000e+00
-1.600000000000221689e+01 4.248152501420313643e-01 0.000000000000000000e+00
-1.595000000000221974e+01 4.135582045967249321e-01 0.000000000000000000e+00
-1.590000000000222258e+01 3.919531403877772879e-01 0.000000000000000000e+00
-1.585000000000222542e+01 3.604433595108902377e-01 0.000000000000000000e+00
-1.580000000000222826e+01 3.197210454131150237e-01 0.000000000000000000e+00
-1.575000000000223110e+01 2.707142599093818602e-01 0.000000000000000000e+00
-1.570000000000223395e+01 2.145640190764649957e-01 0.000000000000000000e+00
-1.565000000000223679e+01 1.525998031409079858e-01 0.000000000000000000e+00
-1.560000000000223963e+01 8.630622886410657668e-02 0.000000000000000000e+00
-1.555000000000224247e+01 1.728949785808440998e-02 0.000000000000000000e+00
-1.550000000000224532e+01 -5.276340271224660289e-02 0.000000000000000000e+00
-1.545000000000224816e+01 -1.221239437368007441e-01 0.000000000000000000e+00
-1.540000000000225100e+01 -1.890665978879513820e-01 0.000000000000000000e+00
-1.535000000000225384e+01 -2.519097799596435872e-01 0.000000000000000000e+00
-1.530000000000225668e+01 -3.090599691894790890e-01 0.000000000000000000e+00
-1.525000000000225953e+01 -3.590501120957682035e-01 0.000000000000000000e+00
-1.520000000000226237e+01 -4.005791257886839318e-01 0.000000000000000000e+00
-1.515000000000226521e+01 -4.325437072156943508e-01 0.000000000000000000e+00
-1.510000000000226805e+01 -4.540694053523219309e-01 0.000000000000000000e+00
-1.505000000000227089e+01 -4.645323658598143890e-01 0.000000000000000000e+00
-1.500000000000227374e+01 -4.635789319275483988e-01 0.000000000000000000e+00
-1.495000000000227658e+01 -4.511347944204382454e-01 0.000000000000000000e+00
-1.490000000000227942e+01 -4.274111694171274234e-01 0.000000000000000000e+00
-1.485000000000228226e+01 -3.929000335111096920e-01 0.000000000000000000e+00
-1.480000000000228511e+01 -3.483662278254105460e-01 0.000000000000000000e+00
-1.475000000000228795e+01 -2.948288202766665700e-01 0.000000000000000000e+00
-1.470000000000229079e+01 -2.335398748575349404e-01 0.000000000000000000e+00
-1.465000000000229363e+01 -1.659533640355525530e-01 0.000000000000000000e+00
-1.460000000000229647e+01 -9.369268118864951256e-02 0.000000000000000000e+00
-1.455000000000229932e+01 -1.850978928455355998e-02 0.000000000000000000e+00
-1.450000000000230216e+01 5.775529101348307603e-02 0.000000000000000000e+00
-1.445000000000230500e+01 1.332213937160553474e-01 0.000000000000000000e+00
-1.440000000000230784e+01 2.060106593357743376e-01 0.000000000000000000e+00
-1.435000000000231068e+01 2.742971410230522489e-01 0.000000000000000000e+00
-1.430000000000231353e+01 3.363506526965710508e-01 0.000000000000000000e+00
-1.425000000000231637e+01 3.905824609134415093e-01 0.000000000000000000e+00
-1.420000000000231921e+01 4.355839711584789109e-01 0.000000000000000000e+00
-1.415000000000232205e+01 4.701651113054330366e-01 0.000000000000000000e+00
-1.410000000000232490e+01 4.933837366946450254e-01 0.000000000000000000e+00
-1.405000000000232774e+01 5.045729655516785206e-01 0.000000000000000000e+00
-1.400000000000233058e+01 5.033580391385387154e-01 0.000000000000000000e+00
-1.395000000000233342e+01 4.896699065850296240e-01 0.000000000000000000e+00
-1.390000000000233626e+01 4.637474705382859663e-01 0.000000000000000000e+00
-1.385000000000233911e+01 4.261360415645433775e-01 0.000000000000000000e+00
-1.380000000000234195e+01 3.776743190682676499e-01 0.000000000000000000e+00
-1.375000000000234479e+01 3.194778168241251826e-01 0.000000000000000000e+00
-1.370000000000234763e+01 2.529114359724654593e-01 0.000000000000000000e+00
-1.365000000000235048e+01 1.795594585413423649e-01 0.000000000000000000e+00
-1.360000000000235332e+01 1.011860154976585990e-01 0.000000000000000000e+00
-1.355000000000235616e+01 1.969460567916858987e-02 0.000000000000000000e+00
-1.350000000000235900e+01 -6.291999782830293153e-02 0.000000000000000000e+00
-1.345000000000236184e+01 -1.446186578514644938e-01 0.000000000000000000e+00
-1.340000000000236469e+01 -2.233700776974138769e-01 0.000000000000000000e+00
-1.335000000000236753e+01 -2.971993921920097481e-01 0.000000000000000000e+00
-1.330000000000237037e+01 -3.642395536792500943e-01 0.000000000000000000e+00
-1.325000000000237321e+01 -4.227766146081399223e-01 0.000000000000000000e+00
-1.320000000000237605e+01 -4.712953698950383963e-01 0.000000000000000000e+00
-1.315000000000237890e+01 -5.085165935306100726e-01 0.000000000000000000e+00
-1.310000000000238174e+01 -5.334325070028237414e-01 0.000000000000000000e+00
-1.305000000000238458e+01 -5.453319596152647053e-01 0.000000000000000000e+00
-1.300000000000238742e+01 -5.438222359278914730e-01 0.000000000000000000e+00
-1.295000000000239027e+01 -5.288393068347663206e-01 0.000000000000000000e+00
-1.290000000000239311e+01 -5.006537934754433650e-01 0.000000000000000000e+00
-1.285000000000239595e+01 -4.598648564259374405e-01 0.000000000000000000e+00
-1.280000000000239879e+01 -4.073896747042978217e-01 0.000000000000000000e+00
-1.275000000000240163e+01 -3.444411447554469596e-01 0.000000000000000000e+00
-1.270000000000240448e+01 -2.725018611072784758e-01 0.000000000000000000e+00
-1.265000000000240732e+01 -1.932874079523679844e-01 0.000000000000000000e+00
-1.260000000000241016e+01 -1.087073820386987993e-01 0.000000000000000000e+00
-1.255000000000241300e+01 -2.081751743661662199e-02 0.000000000000000000e+00
-1.250000000000241585e+01 6.822838424185852235e-02 0.000000000000000000e+00
-1.245000000000241869e+01 1.562330980512930956e-01 0.000000000000000000e+00
-1.240000000000242153e+01 2.410083131470794338e-01 0.000000000000000000e+00
-1.235000000000242437e+01 3.204309109100609287e-01 0.000000000000000000e+00
-1.230000000000242721e+01 3.924942505230104572e-01 0.000000000000000000e+00
-1.225000000000243006e+01 4.553607083087400920e-01 0.000000000000000000e+00
-1.220000000000243290e+01 5.074066189720793929e-01 0.000000000000000000e+00
-1.215000000000243574e+01 5.472659964480129924e-01 0.000000000000000000e+00
-1.210000000000243858e+01 5.738643919558907847e-01 0.000000000000000000e+00
-1.205000000000244142e+01 5.864495190111882472e-01 0.000000000000000000e+00
-1.200000000000244427e+01 5.846103223336837074e-01 0.000000000000000000e+00
-1.195000000000244711e+01 5.682914690121242396e-01 0.000000000000000000e+00
-1.190000000000244995e+01 5.377953386436307159e-01 0.000000000000000000e+00
-1.185000000000245279e+01 4.937789018871838187e-01 0.000000000000000000e+00
-1.180000000000245564e+01 4.372380064553822443e-01 0.000000000000000000e+00
-1.175000000000245848e+01 3.694868927176098716e-01 0.000000000000000000e+00
-1.170000000000246132e+01 2.921259000599103484e-01 0.000000000000000000e+00
-1.165000000000246416e+01 2.070055970160306624e-01 0.000000000000000000e+00
-1.160000000000246700e+01 1.161806949589531818e-01 0.000000000000000000e+00
-1.155000000000246985e+01 2.186232536642191554e-02 0.000000000000000000e+00
-1.150000000000247269e+01 -7.363764392710922535e-02 0.000000000000000000e+00
-1.145000000000247553e+01 -1.679614264549053049e-01 0.000000000000000000e+00
-1.140000000000247837e+01 -2.587653925997491777e-01 0.000000000000000000e+00
-1.135000000000248122e+01 -3.437764553850724547e-01 0.000000000000000000e+00
-1.130000000000248406e+01 -4.208508251489977980e-01 0.000000000000000000e+00
-1.125000000000248690e+01 -4.880262062312079596e-01 0.000000000000000000e+00
-1.120000000000248974e+01 -5.435735722090042632e-01 0.000000000000000000e+00
-1.115000000000249258e+01 -5.860397549179041654e-01 0.000000000000000000e+00
-1.110000000000249543e+01 -6.142871983738551478e-01 0.000000000000000000e+00
-1.105000000000249827e+01 -6.275224029423074334e-01 0.000000000000000000e+00
-1.100000000000250111e+01 -6.253197418662164164e-01 0.000000000000000000e+00
-1.095000000000250395e+01 -6.076325671872953027e-01 0.000000000000000000e+00
-1.090000000000250679e+01 -5.747987025490115531e-01 0.000000000000000000e+00
-1.085000000000250964e+01 -5.275326963024355997e-01 0.000000000000000000e+00
-1.080000000000251248e+01 -4.669123913135099224e-01 0.000000000000000000e+00
-1.075000000000251532e+01 -3.943526621537926657e-01 0.000000000000000000e+00
-1.070000000000251816e+01 -3.115743327871245416e-01 0.000000000000000000e+00
-1.065000000000252101e+01 -2.205615770618543636e-01 0.000000000000000000e+00
-1.060000000000252385e+01 -1.235162235086788435e-01 0.000000000000000000e+00
-1.055000000000252669e+01 -2.280264815305427586e-02 0.000000000000000000e+00
-1.050000000000252953e+01 7.910800503031428788e-02 0.000000000000000000e+00
-1.045000000000253237e+01 1.797003193422538614e-01 0.000000000000000000e+00
-1.040000000000253522e+01 2.764748822551053031e-01 0.000000000000000000e+00
-1.035000000000253806e+01 3.670122506596156797e-01 0.000000000000000000e+00
-1.030000000000254090e+01 4.490316213949080981e-01 0.000000000000000000e+00
-1.025000000000254374e+01 5.204501280942052110e-01 0.000000000000000000e+00
-1.020000000000254659e+01 5.794338848878592962e-01 0.000000000000000000e+00
-1.015000000000254943e+01 6.244468631443176321e-01 0.000000000000000000e+00
-1.010000000000255227e+01 6.542889702839438382e-01 0.000000000000000000e+00
-1.005000000000255511e+01 6.681297175677214373e-01 0.000000000000000000e+00
-1.000000000000255795e+01 6.655292169565665272e-01 0.000000000000000000e+00
-9.950000000002560796e+00 6.464533013445766807e-01 0.000000000000000000e+00
-9.900000000002563638e+00 6.112749671068122836e-01 0.000000000000000000e+00
-9.850000000002566480e+00 5.607694075087110708e-01 0.000000000000000000e+00
-9.800000000002569323e+00 4.960953386228286743e-01 0.000000000000000000e+00
-9.750000000002572165e+00 4.187703804472147628e-01 0.000000000000000000e+00
-9.700000000002575007e+00 3.306336926362163364e-01 0.000000000000000000e+00
-9.650000000002577849e+00 2.338040921302864394e-01 0.000000000000000000e+00
-9.600000000002580691e+00 1.306272960322156229e-01 0.000000000000000000e+00
-9.550000000002583533e+00 2.362090495350398570e-02 0.000000000000000000e+00
-9.500000000002586376e+00 -8.458888384182594589e-02 0.000000000000000000e+00
-9.450000000002589218e+00 -1.913299470326117468e-01 0.000000000000000000e+00
-9.400000000002592060e+00 -2.939520871573566008e-01 0.000000000000000000e+00
-9.350000000002594902e+00 -3.898910537701414381e-01 0.000000000000000000e+00
-9.300000000002597744e+00 -4.767344733704597104e-01 0.000000000000000000e+00
-9.250000000002600586e+00 -5.522807108161328360e-01 0.000000000000000000e+00
-9.200000000002603429e+00 -6.145965057589140024e-01 0.000000000000000000e+00
-9.150000000002606271e+00 -6.620646010183559582e-01 0.000000000000000000e+00
-9.100000000002609113e+00 -6.934274634634363110e-01 0.000000000000000000e+00
-9.050000000002611955e+00 -7.078186510578161617e-01 0.000000000000000000e+00
-9.000000000002614797e+00 -7.047883123295348717e-01 0.000000000000000000e+00
-8.950000000002617639e+00 -6.843148199159794220e-01 0.000000000000000000e+00
-8.900000000002620482e+00 -6.468095013439723040e-01 0.000000000000000000e+00
-8.850000000002623324e+00 -5.931069852213375349e-01 0.000000000000000000e+00
-8.800000000002626166e+00 -5.244486471515930059e-01 0.000000000000000000e+00
-8.750000000002629008e+00 -4.424522085736244392e-01 0.000000000000000000e+00
-8.700000000002631850e+00 -3.490754863712556277e-01 0.000000000000000000e+00
-8.650000000002634692e+00 -2.465678475595333430e-01 0.000000000000000000e+00
-8.600000000002637535e+00 -1.374178211449318676e-01 0.000000000000000000e+00
-8.550000000002640377e+00 -2.429083904445837952e-02 0.000000000000000000e+00
-8.500000000002643219e+00 9.003409316991199673e-02 0.000000000000000000e+00
-8.450000000002646061e+00 2.027345315877818466e-01 0.000000000000000000e+00
-8.400000000002648903e+00 3.110125277660581444e-01 0.000000000000000000e+00
-8.350000000002651745e+00 4.121659598342496400e-01 0.000000000000000000e+00
-8.300000000002654588e+00 5.036542109411961121e-01 0.000000000000000000e+00
-8.250000000002657430e+00 5.831638266364465029e-01 0.000000000000000000e+00
-8.200000000002660272e+00 6.486652297155599545e-01 0.000000000000000000e+00
-8.150000000002663114e+00 6.984663247620168658e-01 0.000000000000000000e+00
-8.100000000002665956e+00 7.312543598273618661e-01 0.000000000000000000e+00
-8.050000000002668799e+00 7.461322272941330880e-01 0.000000000000000000e+00
-8.000000000002671641e+00 7.426409942087145444e-01 0.000000000000000000e+00
-7.950000000002674483e+00 7.207753094239672809e-01 0.000000000000000000e+00
-7.900000000002677325e+00 6.809839945394767780e-01 0.000000000000000000e+00
-7.850000000002680167e+00 6.241630012466808930e-01 0.000000000000000000e+00
-7.800000000002683009e+00 5.516336027923627316e-01 0.000000000000000000e+00
-7.750000000002685852e+00 4.651135544667507338e-01 0.000000000000000000e+00
-7.700000000002688694e+00 3.666746408477783437e-01 0.000000000000000000e+00
-7.650000000002691536e+00 2.586948588553018014e-01 0.000000000000000000e+00
-7.600000000002694378e+00 1.437991394205375695e-01 0.000000000000000000e+00
-7.550000000002697220e+00 2.479728086776083681e-02 0.000000000000000000e+00
-7.500000000002700062e+00 -9.538663138461712931e-02 0.000000000000000000e+00
-7.450000000002702905e+00 -2.137843552787693779e-01 0.000000000000000000e+00
-7.400000000002705747e+00 -3.274586771250841410e-01 0.000000000000000000e+00
-7.350000000002708589e+00 -4.335745614752795074e-01 0.000000000000000000e+00
-7.300000000002711431e+00 -5.294717229519968482e-01 0.000000000000000000e+00
-7.250000000002714273e+00 -6.127295830701038337e-01 0.000000000000000000e+00
-7.200000000002717115e+00 -6.812302013205752127e-01 0.000000000000000000e+00
-7.150000000002719958e+00 -7.332103721768937765e-01 0.000000000000000000e+00
-7.100000000002722800e+00 -7.673087768837127953e-01 0.000000000000000000e+00
-7.050000000002725642e+00 -7.825997658800286638e-01 0.000000000000000000e+00
-7.000000000002728484e+00 -7.786200985526172680e-01 0.000000000000000000e+00
-6.950000000002731326e+00 -7.553807210426688457e-01 0.000000000000000000e+00
-6.900000000002734168e+00 -7.133704392702346908e-01 0.000000000000000000e+00
-6.850000000002737011e+00 -6.535441457674683319e-01 0.000000000000000000e+00
-6.800000000002739853e+00 -5.773030394865967807e-01 0.000000000000000000e+00
-6.750000000002742695e+00 -4.864600708668211371e-01 0.000000000000000000e+00
-6.700000000002745537e+00 -3.831986310626305237e-01 0.000000000000000000e+00
-6.650000000002748379e+00 -2.700182582774247608e-01 0.000000000000000000e+00
-6.600000000002751221e+00 -1.496758707220038342e-01 0.000000000000000000e+00
-6.550000000002754064e+00 -2.511675165614018351e-02 0.000000000000000000e+00
-6.500000000002756906e+00 1.005958326033239980e-01 0.000000000000000000e+00
-6.450000000002759748e+00 2.243578485610234208e-01 0.000000000000000000e+00
-6.400000000002762590e+00 3.430994507770775415e-01 0.000000000000000000e+00
-6.350000000002765432e+00 4.538630092945730166e-01 0.000000000000000000e+00
-6.300000000002768274e+00 5.538750830199560271e-01 0.000000000000000000e+00
-6.250000000002771117e+00 6.406177254717391190e-01 0.000000000000000000e+00
-6.200000000002773959e+00 7.118901522810813232e-01 0.000000000000000000e+00
-6.150000000002776801e+00 7.658663937574788916e-01 0.000000000000000000e+00
-6.100000000002779643e+00 8.011402915252604506e-01 0.000000000000000000e+00
-6.050000000002782485e+00 8.167638603247290296e-01 0.000000000000000000e+00
-6.000000000002785328e+00 8.122708468032193707e-01 0.000000000000000000e+00
-5.950000000002788170e+00 7.876920264746396505e-01 0.000000000000000000e+00
-5.900000000002791012e+00 7.435546413721345615e-01 0.000000000000000000e+00
-5.850000000002793854e+00 6.808731109321624064e-01 0.000000000000000000e+00
-5.800000000002796696e+00 6.011240317851327397e-01 0.000000000000000000e+00
-5.750000000002799538e+00 5.062132031201374005e-01 0.000000000000000000e+00
-5.700000000002802381e+00 3.984282888038882531e-01 0.000000000000000000e+00
-5.650000000002805223e+00 2.803854095988849715e-01 0.000000000000000000e+00
-5.600000000002808065e+00 1.549637957002555355e-01 0.000000000000000000e+00
-5.550000000002810907e+00 2.523724619723106966e-02 0.000000000000000000e+00
-5.500000000002813749e+00 -1.056030834353000880e-01 0.000000000000000000e+00
-5.450000000002816591e+00 -2.343255154839277155e-01 0.000000000000000000e+00
-5.400000000002819434e+00 -3.577395613143887765e-01 0.000000000000000000e+00
-5.350000000002822276e+00 -4.727733369635033212e-01 0.000000000000000000e+00
-5.300000000002825118e+00 -5.765519057525103630e-01 0.000000000000000000e+00
-5.250000000002827960e+00 -6.664674475063110393e-01 0.000000000000000000e+00
-5.200000000002830802e+00 -7.402466392493991520e-01 0.000000000000000000e+00
-5.150000000002833644e+00 -7.960064091260132813e-01 0.000000000000000000e+00
-5.100000000002836487e+00 -8.323037904815517862e-01 0.000000000000000000e+00
-5.050000000002839329e+00 -8.481714654700915901e-01 0.000000000000000000e+00
-5.000000000002842171e+00 -8.431452142080921863e-01 0.000000000000000000e+00
-4.950000000002845013e+00 -8.172754110773374769e-01 0.000000000000000000e+00
-4.900000000002847855e+00 -7.711293725404060329e-01 0.000000000000000000e+00
-4.850000000002850697e+00 -7.057773214181475296e-01 0.000000000000000000e+00
-4.800000000002853540e+00 -6.227694016378528818e-01 0.000000000000000000e+00
-4.750000000002856382e+00 -5.240971418849472707e-01 0.000000000000000000e+00
-4.700000000002859224e+00 -4.121474106387048031e-01 0.000000000000000000e+00
-4.650000000002862066e+00 -2.896428422215996390e-01 0.000000000000000000e+00
-4.600000000002864908e+00 -1.595773028275558059e-01 0.000000000000000000e+00
-4.550000000002867750e+00 -2.514084739235952770e-02 0.000000000000000000e+00
-4.500000000002870593e+00 1.103568723202232038e-01 0.000000000000000000e+00
-4.450000000002873435e+00 2.435699834414857823e-01 0.000000000000000000e+00
-4.400000000002876277e+00 3.711973748556821051e-01 0.000000000000000000e+00
-4.350000000002879119e+00 4.900663971066312463e-01 0.000000000000000000e+00
-4.300000000002881961e+00 5.972100843917266255e-01 0.000000000000000000e+00
-4.250000000002884804e+00 6.899430857789328186e-01 0.000000000000000000e+00
-4.200000000002887646e+00 7.659272938084735749e-01 0.000000000000000000e+00
-4.150000000002890488e+00 8.232326305140023059e-01 0.000000000000000000e+00
-4.100000000002893330e+00 8.603843469878609262e-01 0.000000000000000000e+00
-4.050000000002896172e+00 8.764027389992559147e-01 0.000000000000000000e+00
-4.000000000002899014e+00 8.708271525807175228e-01 0.000000000000000000e+00
-3.950000000002901857e+00 8.437307510643159425e-01 0.000000000000000000e+00
-3.900000000002904699e+00 7.957185350112174760e-01 0.000000000000000000e+00
-3.850000000002907541e+00 7.279157261085171804e-01 0.000000000000000000e+00
-3.800000000002910383e+00 6.419396634506517874e-01 0.000000000000000000e+00
-3.750000000002913225e+00 5.398629702741843950e-01 0.000000000000000000e+00
-3.700000000002916067e+00 4.241617714060765820e-01 0.000000000000000000e+00
-3.650000000002918910e+00 2.976573095597235818e-01 0.000000000000000000e+00
-3.600000000002921752e+00 1.634452849679915720e-01 0.000000000000000000e+00
-3.550000000002924594e+00 2.482174055208473396e-02 0.000000000000000000e+00
-3.500000000002927436e+00 -1.147997804457626947e-01 0.000000000000000000e+00
-3.450000000002930278e+00 -2.519706720201091987e-01 0.000000000000000000e+00
-3.400000000002933120e+00 -3.832943510160746747e-01 0.000000000000000000e+00
-3.350000000002935963e+00 -5.055087441598444808e-01 0.000000000000000000e+00
-3.300000000002938805e+00 -6.155692140032701376e-01 0.000000000000000000e+00
-3.250000000002941647e+00 -7.107227713888457643e-01 0.000000000000000000e+00
-3.200000000002944489e+00 -7.885788038214205375e-01 0.000000000000000000e+00
-3.150000000002947331e+00 -8.471674621992959509e-01 0.000000000000000000e+00
-3.100000000002950173e+00 -8.849913163108913405e-01 0.000000000000000000e+00
-3.050000000002953016e+00 -9.010618891075468095e-01 0.000000000000000000e+00
-3.000000000002955858e+00 -8.949272133260539608e-01 0.000000000000000000e+00
-2.950000000002958700e+00 -8.666826155636748741e-01 0.000000000000000000e+00
-2.900000000002961542e+00 -8.169715044292171768e-01 0.000000000000000000e+00
-2.850000000002964384e+00 -7.469690324335636067e-01 0.000000000000000000e+00
-2.800000000002967226e+00 -6.583560787431258499e-01 0.000000000000000000e+00
-2.750000000002970069e+00 -5.532770912367540594e-01 0.000000000000000000e+00
-2.700000000002972911e+00 -4.342898764883272866e-01 0.000000000000000000e+00
-2.650000000002975753e+00 -3.043014831135644194e-01 0.000000000000000000e+00
-2.600000000002978595e+00 -1.664988157064987151e-01 0.000000000000000000e+00
-2.550000000002981437e+00 -2.426860982764275990e-02 0.000000000000000000e+00
-2.500000000002984279e+00 1.188841940112756179e-01 0.000000000000000000e+00
-2.450000000002987122e+00 2.594247322536360478e-01 0.000000000000000000e+00
-2.400000000002989964e+00 3.938739059032521084e-01 0.000000000000000000e+00
-2.350000000002992806e+00 5.188964161877720471e-01 0.000000000000000000e+00
-2.300000000002995648e+00 6.313818964109427778e-01 0.000000000000000000e+00
-2.250000000002998490e+00 7.285241838193964314e-01 0.000000000000000000e+00
-2.200000000003001333e+00 8.078896898371752400e-01 0.000000000000000000e+00
-2.150000000003004175e+00 8.674802186827808015e-01 0.000000000000000000e+00
-2.100000000003007017e+00 9.057815951756176265e-01 0.000000000000000000e+00
-2.050000000003009859e+00 9.218039330595740877e-01 0.000000000000000000e+00
-2.000000000003012701e+00 9.151054605213363446e-01 0.000000000000000000e+00
-1.950000000003015543e+00 8.858063435842460365e-01 0.000000000000000000e+00
-1.900000000003018386e+00 8.345850791453242046e-01 0.000000000000000000e+00
-1.850000000003021228e+00 7.626645757527118485e-01 0.000000000000000000e+00
-1.800000000003024070e+00 6.717811839284039133e-01 0.000000000000000000e+00
-1.750000000003026912e+00 5.641444726395457021e-01 0.000000000000000000e+00
-1.700000000003029754e+00 4.423816706975748358e-01 0.000000000000000000e+00
-1.650000000003032596e+00 3.094751819322439923e-01 0.000000000000000000e+00
-1.600000000003035439e+00 1.686876518197777952e-01 0.000000000000000000e+00
-1.550000000003038281e+00 2.348347934879794693e-02 0.000000000000000000e+00
-1.500000000003041123e+00 -1.225583429184384232e-01 0.000000000000000000e+00
-1.450000000003043965e+00 -2.658308578303842373e-01 0.000000000000000000e+00
-1.400000000003046807e+00 -4.027901475961613298e-01 0.000000000000000000e+00
-1.350000000003049649e+00 -5.300414083170057467e-01 0.000000000000000000e+00
-1.300000000003052492e+00 -6.444250054981479625e-01 0.000000000000000000e+00
-1.250000000003055334e+00 -7.430933228327578632e-01 0.000000000000000000e+00
-1.200000000003058176e+00 -8.235835349014283269e-01 0.000000000000000000e+00
-1.150000000003061018e+00 -8.838774404117936134e-01 0.000000000000000000e+00
-1.100000000003063860e+00 -9.224539014276641469e-01 0.000000000000000000e+00
-1.050000000003066702e+00 -9.383255259489480249e-01 0.000000000000000000e+00
-1.000000000003069545e+00 -9.310657081180765404e-01 0.000000000000000000e+00
-9.500000000030723868e-01 -9.008182917213662932e-01 0.000000000000000000e+00
-9.000000000030752290e-01 -8.482966381849519344e-01 0.000000000000000000e+00
-8.500000000030780711e-01 -7.747650589804817578e-01 0.000000000000000000e+00
-8.000000000030809133e-01 -6.820100928485324232e-01 0.000000000000000000e+00
-7.500000000030837555e-01 -5.722952795786040436e-01 0.000000000000000000e+00
-7.000000000030865976e-01 -4.483075730328404118e-01 0.000000000000000000e+00
-6.500000000030894398e-01 -3.130896662118275442e-01 0.000000000000000000e+00
-6.000000000030922820e-01 -1.699669306349258502e-01 0.000000000000000000e+00
-5.500000000030951242e-01 -2.246373158360250727e-02 0.000000000000000000e+00
-5.000000000030979663e-01 1.257817774136893996e-01 0.000000000000000000e+00
-4.500000000031008085e-01 2.711093114919065350e-01 0.000000000000000000e+00
-4.000000000031036507e-01 4.099252569935104007e-01 0.000000000000000000e+00
-3.500000000031064928e-01 5.387934542495326218e-01 0.000000000000000000e+00
-3.000000000031093350e-01 6.545186718414616189e-01 0.000000000000000000e+00
-2.500000000031121772e-01 7.542277326500390622e-01 0.000000000000000000e+00
-2.000000000031150194e-01 8.354392383113753429e-01 0.000000000000000000e+00
-1.500000000031178615e-01 8.961271878466139373e-01 0.000000000000000000e+00
-1.000000000031207037e-01 9.347698681775825635e-01 0.000000000000000000e+00
-5.000000000312354587e-02 9.503898247316991954e-01 0.000000000000000000e+00
-3.126388037344440818e-12 9.425768745564897522e-01 0.000000000000000000e+00
4.999999999687076979e-02 9.115006091811802547e-01 0.000000000000000000e+00
9.999999999686792762e-02 8.579050305566138235e-01 0.000000000000000000e+00
1.499999999968650854e-01 7.830924699196943894e-01 0.000000000000000000e+00
1.999999999968622433e-01 6.888901429603302429e-01 0.000000000000000000e+00
2.499999999968594011e-01 5.776071878756769973e-01 0.000000000000000000e+00
2.999999999968565589e-01 4.519762087782144278e-01 0.000000000000000000e+00
3.499999999968537168e-01 3.150877929131136179e-01 0.000000000000000000e+00
3.999999999968508746e-01 1.703125861001370533e-01 0.000000000000000000e+00
4.499999999968480324e-01 2.121988014377782644e-02 0.000000000000000000e+00
4.999999999968451903e-01 -1.285123042701428742e-01 0.000000000000000000e+00
5.499999999968423481e-01 -2.751863850464709160e-01 0.000000000000000000e+00
5.999999999968395059e-01 -4.151784564391479693e-01 0.000000000000000000e+00
6.499999999968366637e-01 -5.450262575227566852e-01 0.000000000000000000e+00
6.999999999968338216e-01 -6.615167169905746825e-01 0.000000000000000000e+00
7.499999999968309794e-01 -7.617638731051619150e-01 0.000000000000000000e+00
7.999999999968281372e-01 -8.432822601290904663e-01 0.000000000000000000e+00
8.499999999968252951e-01 -9.040469089988998341e-01 0.000000000000000000e+00
8.999999999968224529e-01 -9.425454952853801194e-01 0.000000000000000000e+00
9.499999999968196107e-01 -9.578143075231412285e-01 0.000000000000000000e+00
9.999999999968167685e-01 -9.494641632199171122e-01 0.000000000000000000e+00
1.049999999996813926e+00 -9.176885956630744801e-01 0.000000000000000000e+00
1.099999999996811084e+00 -8.632611270476765464e-01 0.000000000000000000e+00
1.149999999996808242e+00 -7.875146617062134258e-01 0.000000000000000000e+00
1.199999999996805400e+00 -6.923105291506788106e-01 0.000000000000000000e+00
1.249999999996802558e+00 -5.799909118280497378e-01 0.000000000000000000e+00
1.299999999996799716e+00 -4.533228568407337011e-01 0.000000000000000000e+00
1.349999999996796873e+00 -3.154282288063449680e-01 0.000000000000000000e+00
1.399999999996794031e+00 -1.697083617376863862e-01 0.000000000000000000e+00
1.449999999996791189e+00 -1.975824896978114684e-02 0.000000000000000000e+00
1.499999999996788347e+00 1.307205786112065060e-01 0.000000000000000000e+00
1.549999999996785505e+00 2.780133533114811373e-01 0.000000000000000000e+00
1.599999999996782662e+00 4.184822129017428116e-01 0.000000000000000000e+00
1.649999999996779820e+00 5.486579753005547122e-01 0.000000000000000000e+00
1.699999999996776978e+00 6.653242448692877620e-01 0.000000000000000000e+00
1.749999999996774136e+00 7.655987897918204999e-01 0.000000000000000000e+00
1.799999999996771294e+00 8.470031467246869061e-01 0.000000000000000000e+00
1.849999999996768452e+00 9.075257511888652484e-01 0.000000000000000000e+00
1.899999999996765609e+00 9.456700019182874284e-01 0.000000000000000000e+00
1.949999999996762767e+00 9.604930916499362370e-01 0.000000000000000000e+00
1.999999999996759925e+00 9.516276150369142872e-01 0.000000000000000000e+00
2.049999999996757083e+00 9.192924424854136412e-01 0.000000000000000000e+00
2.099999999996754241e+00 8.642855639921680488e-01 0.000000000000000000e+00
2.149999999996751399e+00 7.879661055797551050e-01 0.000000000000000000e+00
2.199999999996748556e+00 6.922189382080466968e-01 0.000000000000000000e+00
2.249999999996745714e+00 5.794097825193316176e-01 0.000000000000000000e+00
2.299999999996742872e+00 4.523248967486760419e-01 0.000000000000000000e+00
2.349999999996740030e+00 3.141038696499923732e-01 0.000000000000000000e+00
2.399999999996737188e+00 1.681601588918068269e-01 0.000000000000000000e+00
2.449999999996734346e+00 1.809837190875389357e-02 0.000000000000000000e+00
2.499999999996731503e+00 -1.323766862216144979e-01 0.000000000000000000e+00
2.549999999996728661e+00 -2.795499160123087190e-01 0.000000000000000000e+00
2.599999999996725819e+00 -4.197895761879327781e-01 0.000000000000000000e+00
2.649999999996722977e+00 -5.496353372740265808e-01 0.000000000000000000e+00
2.699999999996720135e+00 -6.658855817201314586e-01 0.000000000000000000e+00
2.749999999996717293e+00 -7.656747603634259658e-01 0.000000000000000000e+00
2.799999999996714450e+00 -8.465459178047229916e-01 0.000000000000000000e+00
2.849999999996711608e+00 -9.065095637269994233e-01 0.000000000000000000e+00
2.899999999996708766e+00 -9.440944630044909580e-01 0.000000000000000000e+00
2.949999999996705924e+00 -9.583820614017279915e-01 0.000000000000000000e+00
2.999999999996703082e+00 -9.490307277133600561e-01 0.000000000000000000e+00
3.049999999996700240e+00 -9.162821879614728715e-01 0.000000000000000000e+00
3.099999999996697397e+00 -8.609570281138687609e-01 0.000000000000000000e+00
3.149999999996694555e+00 -7.844323535694892602e-01 0.000000000000000000e+00
3.199999999996691713e+00 -6.886091963686549189e-01 0.000000000000000000e+00
3.249999999996688871e+00 -5.758634543085122681e-01 0.000000000000000000e+00
3.299999999996686029e+00 -4.489886157673165235e-01 0.000000000000000000e+00
3.349999999996683187e+00 -3.111246648609364840e-01 0.000000000000000000e+00
3.399999999996680344e+00 -1.656819665830829291e-01 0.000000000000000000e+00
3.449999999996677502e+00 -1.625499122615484474e-02 0.000000000000000000e+00
3.499999999996674660e+00 1.334649471243717356e-01 0.000000000000000000e+00
3.549999999996671818e+00 2.797828056261127960e-01 0.000000000000000000e+00
3.599999999996668976e+00 4.190894387840945479e-01 0.000000000000000000e+00
3.649999999996666133e+00 5.479525485187396461e-01 0.000000000000000000e+00
3.699999999996663291e+00 6.631996717422368182e-01 0.000000000000000000e+00
3.749999999996660449e+00 7.619981872173413606e-01 0.000000000000000000e+00
3.799999999996657607e+00 8.419233289933376607e-01 0.000000000000000000e+00
3.849999999996654765e+00 9.010195637501365873e-01 0.000000000000000000e+00
3.899999999996651923e+00 9.378467833829466915e-01 0.000000000000000000e+00
3.949999999996649080e+00 9.515172150835189413e-01 0.000000000000000000e+00
3.999999999996646238e+00 9.417151083467385497e-01 0.000000000000000000e+00
4.049999999996643396e+00 9.087057614621535384e-01 0.000000000000000000e+00
4.099999999996640554e+00 8.533266386746602983e-01 0.000000000000000000e+00
4.149999999996637712e+00 7.769678509564026392e-01 0.000000000000000000e+00
4.199999999996634870e+00 6.815354584189339260e-01 0.000000000000000000e+00
4.249999999996632027e+00 5.694055576401607643e-01 0.000000000000000000e+00
4.299999999996629185e+00 4.433632639290089883e-01 0.000000000000000000e+00
4.349999999996626343e+00 3.065351540750656523e-01 0.000000000000000000e+00
4.399999999996623501e+00 1.623098123612572719e-01 0.000000000000000000e+00
4.449999999996620659e+00 1.425550043465442784e-02 0.000000000000000000e+00
4.499999999996617817e+00 -1.339700451459063801e-01 0.000000000000000000e+00
4.549999999996614974e+00 -2.787084037518808843e-01 0.000000000000000000e+00
4.599999999996612132e+00 -4.163926922025197319e-01 0.000000000000000000e+00
4.649999999996609290e+00 -5.436338866294172512e-01 0.000000000000000000e+00
4.699999999996606448e+00 -6.573061554770442960e-01 0.000000000000000000e+00
4.749999999996603606e+00 -7.546220477244123259e-01 0.000000000000000000e+00
4.799999999996600764e+00 -8.332027299670564657e-01 0.000000000000000000e+00
4.849999999996597921e+00 -8.911344949274749849e-01 0.000000000000000000e+00
4.899999999996595079e+00 -9.270172039832547117e-01 0.000000000000000000e+00
4.949999999996592237e+00 -9.399964295886265031e-01 0.000000000000000000e+00
4.999999999996589395e+00 -9.297855694362073820e-01 0.000000000000000000e+00
5.049999999996586553e+00 -8.966703522961957384e-01 0.000000000000000000e+00
5.099999999996583711e+00 -8.415026961577791731e-01 0.000000000000000000e+00
5.149999999996580868e+00 -7.656770385984471572e-01 0.000000000000000000e+00
5.199999999996578026e+00 -6.710968002313777436e-01 0.000000000000000000e+00
5.249999999996575184e+00 -5.601247776893820696e-01 0.000000000000000000e+00
5.299999999996572342e+00 -4.355257696869332396e-01 0.000000000000000000e+00
5.349999999996569500e+00 -3.003958188269915675e-01 0.000000000000000000e+00
5.399999999996566658e+00 -1.580868947591637652e-01 0.000000000000000000e+00
5.449999999996563815e+00 -1.212183948753502161e-02 0.000000000000000000e+00
5.499999999996560973e+00 1.338912491075726630e-01 0.000000000000000000e+00
5.549999999996558131e+00 2.763501276322858358e-01 0.000000000000000000e+00
5.599999999996555289e+00 4.117456903765873699e-01 0.000000000000000000e+00
5.649999999996552447e+00 5.367503253194505497e-01 0.000000000000000000e+00
5.699999999996549604e+00 6.482980958323197873e-01 0.000000000000000000e+00
5.749999999996546762e+00 7.436618335462741314e-01 0.000000000000000000e+00
5.799999999996543920e+00 8.205181799172635015e-01 0.000000000000000000e+00
5.849999999996541078e+00 8.770060462035838000e-01 0.000000000000000000e+00
5.899999999996538236e+00 9.117699957243927678e-01 0.000000000000000000e+00
5.949999999996535394e+00 9.239945626946872714e-01 0.000000000000000000e+00
5.999999999996532551e+00 9.134216126679789438e-01 0.000000000000000000e+00
6.049999999996529709e+00 8.803574096768160828e-01 0.000000000000000000e+00
6.099999999996526867e+00 8.256621710778242473e-01 0.000000000000000000e+00
6.149999999996524025e+00 7.507294677937295102e-01 0.000000000000000000e+00
6.199999999996521183e+00 6.574489345621526981e-01 0.000000000000000000e+00
6.249999999996518341e+00 5.481603140069779556e-01 0.000000000000000000e+00
6.299999999996515498e+00 4.255929226867503079e-01 0.000000000000000000e+00
6.349999999996512656e+00 2.927991371787520558e-01 0.000000000000000000e+00
6.399999999996509814e+00 1.530764903456432457e-01 0.000000000000000000e+00
6.449999999996506972e+00 9.887402142887288803e-03 0.000000000000000000e+00
6.499999999996504130e+00 -1.332285336936385178e-01 0.000000000000000000e+00
6.549999999996501288e+00 -2.727404455857943555e-01 0.000000000000000000e+00
6.599999999996498445e+00 -4.052152131291820725e-01 0.000000000000000000e+00
6.649999999996495603e+00 -5.274003420862922731e-01 0.000000000000000000e+00
6.699999999996492761e+00 -6.363057225954787954e-01 0.000000000000000000e+00
6.749999999996489919e+00 -7.292751707971153463e-01 0.000000000000000000e+00
6.799999999996487077e+00 -8.040530836343225962e-01 0.000000000000000000e+00
6.849999999996484235e+00 -8.588374875880040449e-01 0.000000000000000000e+00
6.899999999996481392e+00 -8.923252798249046158e-01 0.000000000000000000e+00
6.949999999996478550e+00 -9.037414776829342244e-01 0.000000000000000000e+00
6.999999999996475708e+00 -8.928588731081013030e-01 0.000000000000000000e+00
7.049999999996472866e+00 -8.600005439939862883e-01 0.000000000000000000e+00
7.099999999996470024e+00 -8.060322872423130169e-01 0.000000000000000000e+00
7.149999999996467182e+00 -7.323380989264194341e-01 0.000000000000000000e+00
7.199999999996464339e+00 -6.407864386681838553e-01 0.000000000000000000e+00
7.249999999996461497e+00 -5.336810475895055195e-01 0.000000000000000000e+00
7.299999999996458655e+00 -4.137046672645310341e-01 0.000000000000000000e+00
7.349999999996455813e+00 -2.838499799312022009e-01 0.000000000000000000e+00
7.399999999996452971e+00 -1.473466061095129731e-01 0.000000000000000000e+00
7.449999999996450128e+00 -7.578883568648355634e-03 0.000000000000000000e+00
7.499999999996447286e+00 1.319964163943910529e-01 0.000000000000000000e+00
7.549999999996444444e+00 2.679374942840154761e-01 0.000000000000000000e+00
7.599999999996441602e+00 3.969007728629242449e-01 0.000000000000000000e+00
7.649999999996438760e+00 5.157250417813176169e-01 0.000000000000000000e+00
7.699999999996435918e+00 6.215073092334466587e-01 0.000000000000000000e+00
7.749999999996433075e+00 7.116756072315792991e-01 0.000000000000000000e+00
7.799999999996430233e+00 7.840498523208623283e-01 0.000000000000000000e+00
7.849999999996427391e+00 8.368963929780504074e-01 0.000000000000000000e+00
7.899999999996424549e+00 8.689678042464921148e-01 0.000000000000000000e+00
7.949999999996421707e+00 8.795340939478506481e-01 0.000000000000000000e+00
7.999999999996418865e+00 8.683974630452535592e-01 0.000000000000000000e+00
8.049999999996416022e+00 8.358974129478043968e-01 0.000000000000000000e+00
8.099999999996413180e+00 7.828989892681046392e-01 0.000000000000000000e+00
8.149999999996410338e+00 7.107716164273326642e-01 0.000000000000000000e+00
8.199999999996407496e+00 6.213519600141258481e-01 0.000000000000000000e+00
8.249999999996404654e+00 5.168989009451689931e-01 0.000000000000000000e+00
8.299999999996401812e+00 4.000346420515715762e-01 0.000000000000000000e+00
8.349999999996398969e+00 2.736805672718429783e-01 0.000000000000000000e+00
8.399999999996396127e+00 1.409823366365063890e-01 0.000000000000000000e+00
8.449999999996393285e+00 5.233227865334232239e-03 0.000000000000000000e+00
8.499999999996390443e+00 -1.302094960219164210e-01 0.000000000000000000e+00
8.549999999996387601e+00 -2.620059744122897882e-01 0.000000000000000000e+00
8.599999999996384759e+00 -3.869180113591990655e-01 0.000000000000000000e+00
8.649999999996381916e+00 -5.018869877009396463e-01 0.000000000000000000e+00
8.699999999996379074e+00 -6.041106448721763611e-01 0.000000000000000000e+00
8.749999999996376232e+00 -6.911097105066718038e-01 0.000000000000000000e+00
8.799999999996373390e+00 -7.607898831607129431e-01 0.000000000000000000e+00
8.849999999996370548e+00 -8.114905210449370188e-01 0.000000000000000000e+00
8.899999999996367706e+00 -8.420260104623166209e-01 0.000000000000000000e+00
8.949999999996364863e+00 -8.517116751751478976e-01 0.000000000000000000e+00
8.999999999996362021e+00 -8.403807777452775296e-01 0.000000000000000000e+00
9.049999999996359179e+00 -8.083850797793046272e-01 0.000000000000000000e+00
9.099999999996356337e+00 -7.565861473181878516e-01 0.000000000000000000e+00
9.149999999996353495e+00 -6.863305027366740640e-01 0.000000000000000000e+00
9.199999999996350653e+00 -5.994164417891240104e-01 0.000000000000000000e+00
9.249999999996347810e+00 -4.980462172462714054e-01 0.000000000000000000e+00
9.299999999996344968e+00 -3.847719754186019747e-01 0.000000000000000000e+00
9.349999999996342126e+00 -2.624296534716407114e-01 0.000000000000000000e+00
9.399999999996339284e+00 -1.340696716282680223e-01 0.000000000000000000e+00
9.449999999996336442e+00 -2.878991382568715438e-03 0.000000000000000000e+00
9.499999999996333599e+00 1.278963411486986890e-01 0.000000000000000000e+00
9.549999999996330757e+00 2.550334107859859589e-01 0.000000000000000000e+00
9.599999999996327915e+00 3.754101929158132345e-01 0.000000000000000000e+00
9.649999999996325073e+00 4.860841121161509903e-01 0.000000000000000000e+00
9.699999999996322231e+00 5.843622862147347385e-01 0.000000000000000000e+00
9.749999999996319389e+00 6.678689151841856741e-01 0.000000000000000000e+00
9.799999999996316546e+00 7.346009877765679041e-01 0.000000000000000000e+00
9.849999999996313704e+00 7.829781421971098165e-01 0.000000000000000000e+00
9.899999999996310862e+00 8.118782953848342476e-01 0.000000000000000000e+00
9.949999999996308020e+00 8.206653884952859190e-01 0.000000000000000000e+00
9.999999999996305178e+00 8.092014149407413814e-01 0.000000000000000000e+00
1.004999999999630234e+01 7.778496732935696878e-01 0.000000000000000000e+00
1.009999999999629949e+01 7.274620177151913669e-01 0.000000000000000000e+00
1.014999999999629665e+01 6.593576675215703231e-01 0.000000000000000000e+00
1.019999999999629381e+01 5.752869488120024855e-01 0.000000000000000000e+00
1.024999999999629097e+01 4.773881128823129205e-01 0.000000000000000000e+00
1.029999999999628812e+01 3.681311390660997329e-01 0.000000000000000000e+00
1.034999999999628528e+01 2.502571568972586924e-01 0.000000000000000000e+00
1.039999999999628244e+01 1.267078118263186282e-01 0.000000000000000000e+00
1.044999999999627960e+01 5.535594927931122150e-04 0.000000000000000000e+00
1.049999999999627676e+01 -1.250845292723777591e-01 0.000000000000000000e+00
1.054999999999627391e+01 -2.471102905971687691e-01 0.000000000000000000e+00
1.059999999999627107e+01 -3.625306599573653310e-01 0.000000000000000000e+00
1.064999999999626823e+01 -4.685273841656998339e-01 0.000000000000000000e+00
1.069999999999626539e+01 -5.625277108029396178e-01 0.000000000000000000e+00
1.074999999999626255e+01 -6.422651013958813326e-01 0.000000000000000000e+00
1.079999999999625970e+01 -7.058357180004770637e-01 0.000000000000000000e+00
1.084999999999625686e+01 -7.517420905088638694e-01 0.000000000000000000e+00
1.089999999999625402e+01 -7.789301534341640521e-01 0.000000000000000000e+00
1.094999999999625118e+01 -7.868115471826817586e-01 0.000000000000000000e+00
1.099999999999624833e+01 -7.752779148998343306e-01 0.000000000000000000e+00
1.104999999999624549e+01 -7.446996546995869881e-01 0.000000000000000000e+00
1.109999999999624265e+01 -6.959164500970661527e-01 0.000000000000000000e+00
1.114999999999623981e+01 -6.302126236157890027e-01 0.000000000000000000e+00
1.119999999999623697e+01 -5.492852192884853935e-01 0.000000000000000000e+00
1.124999999999623412e+01 -4.551984062780554119e-01 0.000000000000000000e+00
1.129999999999623128e+01 -3.503326265516261695e-01 0.000000000000000000e+00
1.134999999999622844e+01 -2.373225341551187251e-01 0.000000000000000000e+00
1.139999999999622560e+01 -1.189925506779632158e-01 0.000000000000000000e+00
1.144999999999622275e+01 1.715596652832978436e-03 0.000000000000000000e+00
1.149999999999621991e+01 1.218142815941365142e-01 0.000000000000000000e+00
1.154999999999621707e+01 2.383458119782527196e-01 0.000000000000000000e+00
1.159999999999621423e+01 3.484535446935582703e-01 0.000000000000000000e+00
1.164999999999621139e+01 4.494537935044432553e-01 0.000000000000000000e+00
1.169999999999620854e+01 5.388994943193459175e-01 0.000000000000000000e+00
1.174999999999620570e+01 6.146413450083123564e-01 0.000000000000000000e+00
1.179999999999620286e+01 6.748776617565483971e-01 0.000000000000000000e+00
1.184999999999620002e+01 7.181990307159978881e-01 0.000000000000000000e+00
1.189999999999619718e+01 7.436194131150972719e-01 0.000000000000000000e+00
1.194999999999619433e+01 7.506002631906435463e-01 0.000000000000000000e+00
1.199999999999619149e+01 7.390598292699894767e-01 0.000000000000000000e+00
1.204999999999618865e+01 7.093747489711805798e-01 0.000000000000000000e+00
1.209999999999618581e+01 6.623666651510489167e-01 0.000000000000000000e+00
1.214999999999618296e+01 5.992815417026176039e-01 0.000000000000000000e+00
1.219999999999618012e+01 5.217549505516343444e-01 0.000000000000000000e+00
1.224999999999617728e+01 4.317715380507004541e-01 0.000000000000000000e+00
1.229999999999617444e+01 3.316124212216919886e-01 0.000000000000000000e+00
1.234999999999617160e+01 2.237991609357404266e-01 0.000000000000000000e+00
1.239999999999616875e+01 1.110284289181499850e-01 0.000000000000000000e+00
1.244999999999616591e+01 -3.893677418034023965e-03 0.000000000000000000e+00
1.249999999999616307e+01 -1.181233371334383664e-01 0.000000000000000000e+00
1.254999999999616023e+01 -2.288476243228110552e-01 0.000000000000000000e+00
1.259999999999615738e+01 -3.333556582960917059e-01 0.000000000000000000e+00
1.264999999999615454e+01 -4.291032107749525037e-01 0.000000000000000000e+00
1.269999999999615170e+01 -5.137765081321498117e-01 0.000000000000000000e+00
1.274999999999614886e+01 -5.853463477718556796e-01 0.000000000000000000e+00
1.279999999999614602e+01 -6.421185485964444606e-01 0.000000000000000000e+00
1.284999999999614317e+01 -6.827721947258044155e-01 0.000000000000000000e+00
1.289999999999614033e+01 -7.063921046170218432e-01 0.000000000000000000e+00
1.294999999999613749e+01 -7.124874356296837519e-01 0.000000000000000000e+00
1.299999999999613465e+01 -7.010033573117380179e-01 0.000000000000000000e+00
1.304999999999613181e+01 -6.723182190337758657e-01 0.000000000000000000e+00
1.309999999999612896e+01 -6.272336856154040463e-01 0.000000000000000000e+00
1.314999999999612612e+01 -5.669507948521257390e-01 0.000000000000000000e+00
1.319999999999612328e+01 -4.930399371761955418e-01 0.000000000000000000e+00
1.324999999999612044e+01 -4.073981996265794159e-01 0.000000000000000000e+00
1.329999999999611759e+01 -3.122025360799345894e-01 0.000000000000000000e+00
1.334999999999611475e+01 -2.098526059592744353e-01 0.000000000000000000e+00
1.339999999999611191e+01 -1.029120960745879276e-01 0.000000000000000000e+00
1.344999999999610907e+01 5.957359374735078650e-03 0.000000000000000000e+00
1.349999999999610623e+01 1.140606352130431322e-01 0.000000000000000000e+00
1.354999999999610338e+01 2.187377135504597614e-01 0.000000000000000000e+00
1.359999999999610054e+01 3.174273482044936423e-01 0.000000000000000000e+00
1.364999999999609770e+01 4.077316051214132653e-01 0.000000000000000000e+00
1.369999999999609486e+01 4.874723158882360297e-01 0.000000000000000000e+00
1.374999999999609201e+01 5.547454569332919139e-01 0.000000000000000000e+00
1.379999999999608917e+01 6.079647537854699912e-01 0.000000000000000000e+00
1.384999999999608633e+01 6.459008629799465329e-01 0.000000000000000000e+00
1.389999999999608349e+01 6.677078146361964395e-01 0.000000000000000000e+00
1.394999999999608065e+01 6.729435111313286644e-01 0.000000000000000000e+00
1.399999999999607780e+01 6.615764301663640268e-01 0.000000000000000000e+00
1.404999999999607496e+01 6.339858292150756247e-01 0.000000000000000000e+00
1.409999999999607212e+01 5.909480991937974270e-01 0.000000000000000000e+00
1.414999999999606928e+01 5.336170752565735365e-01 0.000000000000000000e+00
1.419999999999606644e+01 4.634914361824284956e-01 0.000000000000000000e+00
1.424999999999606359e+01 3.823774707958926267e-01 0.000000000000000000e+00
1.429999999999606075e+01 2.923407625652315600e-01 0.000000000000000000e+00
1.434999999999605791e+01 1.956554558134883659e-01 0.000000000000000000e+00
1.439999999999605507e+01 9.474496922748285033e-02 0.000000000000000000e+00
1.444999999999605222e+01 -7.876916654048986277e-03 0.000000000000000000e+00
1.449999999999604938e+01 -1.096705532385053306e-01 0.000000000000000000e+00
1.454999999999604654e+01 -2.081314545656568482e-01 0.000000000000000000e+00
1.459999999999604370e+01 -3.008537932457302500e-01 0.000000000000000000e+00
1.464999999999604086e+01 -3.855873542231852413e-01 0.000000000000000000e+00
1.469999999999603801e+01 -4.602940014554220971e-01 0.000000000000000000e+00
1.474999999999603517e+01 -5.231948355486477631e-01 0.000000000000000000e+00
1.479999999999603233e+01 -5.728143641316864043e-01 0.000000000000000000e+00
1.484999999999602949e+01 -6.080131762275002849e-01 0.000000000000000000e+00
1.489999999999602665e+01 -6.280158217889841854e-01 0.000000000000000000e+00
1.494999999999602380e+01 -6.324257955470991011e-01 0.000000000000000000e+00
1.499999999999602096e+01 -6.212347803926527856e-01 0.000000000000000000e+00
1.504999999999601812e+01 -5.948185100030547456e-01 0.000000000000000000e+00
1.509999999999601528e+01 -5.539268897632751987e-01 0.000000000000000000e+00
1.514999999999601243e+01 -4.996612022685590349e-01 0.000000000000000000e+00
1.519999999999600959e+01 -4.334465028043620327e-01 0.000000000000000000e+00
1.524999999999600675e+01 -3.569924570097466332e-01 0.000000000000000000e+00
1.529999999999600391e+01 -2.722511300561725189e-01 0.000000000000000000e+00
1.534999999999600107e+01 -1.813653227281385449e-01 0.000000000000000000e+00
1.539999999999599822e+01 -8.661626705943323290e-02 0.000000000000000000e+00
1.544999999999599538e+01 9.635496052445055581e-03 0.000000000000000000e+00
1.549999999999599254e+01 1.050070696978963186e-01 0.000000000000000000e+00
1.554999999999598970e+01 1.971540725099141800e-01 0.000000000000000000e+00
1.559999999999598685e+01 2.838264096850622309e-01 0.000000000000000000e+00
1.564999999999598401e+01 3.629250877909253603e-01 0.000000000000000000e+00
1.569999999999598117e+01 4.325511661705966349e-01 0.000000000000000000e+00
1.574999999999597833e+01 4.910531840927775393e-01 0.000000000000000000e+00
1.579999999999597549e+01 5.370643985813374766e-01 0.000000000000000000e+00
1.584999999999597264e+01 5.695364854070137373e-01 0.000000000000000000e+00
1.589999999999596980e+01 5.877613840911225518e-01 0.000000000000000000e+00
1.594999999999596696e+01 5.913883396128258862e-01 0.000000000000000000e+00
1.599999999999596412e+01 5.804282352194336525e-01 0.000000000000000000e+00
1.604999999999596128e+01 5.552527163595888382e-01 0.000000000000000000e+00
1.609999999999595843e+01 5.165806389787070962e-01 0.000000000000000000e+00
1.614999999999595559e+01 4.654597927932038193e-01 0.000000000000000000e+00
1.619999999999595275e+01 4.032368526462936087e-01 0.000000000000000000e+00
1.624999999999594991e+01 3.315239188289942907e-01 0.000000000000000000e+00
1.629999999999594706e+01 2.521549585837888907e-01 0.000000000000000000e+00
1.634999999999594422e+01 1.671408406096087096e-01 0.000000000000000000e+00
1.639999999999594138e+01 7.861653783938243878e-02 0.000000000000000000e+00
1.644999999999593854e+01 -1.121058869401528151e-02 0.000000000000000000e+00
1.649999999999593570e+01 -1.001177079499789568e-01 0.000000000000000000e+00
1.654999999999593285e+01 -1.859196344917857235e-01 0.000000000000000000e+00
1.659999999999593001e+01 -2.665244173672960959e-01 0.000000000000000000e+00
1.664999999999592717e+01 -3.399824419562132438e-01 0.000000000000000000e+00
1.669999999999592433e+01 -4.045354472597226803e-01 0.000000000000000000e+00
1.674999999999592148e+01 -4.586566711562506393e-01 0.000000000000000000e+00
1.679999999999591864e+01 -5.010887733074516071e-01 0.000000000000000000e+00
1.684999999999591580e+01 -5.308710301193522163e-01 0.000000000000000000e+00
1.689999999999591296e+01 -5.473627939389336117e-01 0.000000000000000000e+00
1.694999999999591012e+01 -5.502550717366571087e-01 0.000000000000000000e+00
1.699999999999590727e+01 -5.395776190381083026e-01 0.000000000000000000e+00
1.704999999999590443e+01 -5.156938067304228657e-01 0.000000000000000000e+00
1.709999999999590159e+01 -4.792910814633200012e-01 0.000000000000000000e+00
1.714999999999589875e+01 -4.313596801858927687e-01 0.000000000000000000e+00
1.719999999999589591e+01 -3.731678246332233995e-01 0.000000000000000000e+00
1.724999999999589306e+01 -3.062264193018867653e-01 0.000000000000000000e+00
1.729999999999589022e+01 -2.322518252828307261e-01 0.000000000000000000e+00
1.734999999999588738e+01 -1.531200206210841797e-01 0.000000000000000000e+00
1.739999999999588454e+01 -7.082097523865907296e-02 0.000000000000000000e+00
1.744999999999588169e+01 1.259326561347632982e-02 0.000000000000000000e+00
1.749999999999587885e+01 9.505781947756566930e-02 0.000000000000000000e+00
1.754999999999587601e+01 1.745479703013153583e-01 0.000000000000000000e+00
1.759999999999587317e+01 2.491269509653583902e-01 0.000000000000000000e+00
1.764999999999587033e+01 3.169950128709056458e-01 0.000000000000000000e+00
1.769999999999586748e+01 3.765309033959449714e-01 0.000000000000000000e+00
1.774999999999586464e+01 4.263324426068123563e-01 0.000000000000000000e+00
1.779999999999586180e+01 4.652475381585520209e-01 0.000000000000000000e+00
1.784999999999585896e+01 4.924026130991084327e-01 0.000000000000000000e+00
1.789999999999585611e+01 5.072200903565613483e-01 0.000000000000000000e+00
1.794999999999585327e+01 5.094322635620188722e-01 0.000000000000000000e+00
1.799999999999585043e+01 4.990835573614916809e-01 0.000000000000000000e+00
1.804999999999584759e+01 4.765288983402937717e-01 0.000000000000000000e+00
1.809999999999584475e+01 4.424205765486461384e-01 0.000000000000000000e+00
1.814999999999584190e+01 3.976917086371641874e-01 0.000000000000000000e+00
1.819999999999583906e+01 3.435290386705912580e-01 0.000000000000000000e+00
1.824999999999583622e+01 2.813435385653276777e-01 0.000000000000000000e+00
1.829999999999583338e+01 2.127318439551423024e-01 0.000000000000000000e+00
1.834999999999583054e+01 1.394372664782335680e-01 0.000000000000000000e+00
1.839999999999582769e+01 6.330363218409124082e-02 0.000000000000000000e+00
1.844999999999582485e+01 -1.376913113627659460e-02 0.000000000000000000e+00
1.849999999999582201e+01 -8.987430054809347757e-02 0.000000000000000000e+00
1.854999999999581917e+01 -1.631435665013082903e-01 0.000000000000000000e+00
1.859999999999581632e+01 -2.317947949530934082e-01 0.000000000000000000e+00
1.864999999999581348e+01 -2.941733985643593119e-01 0.000000000000000000e+00
1.869999999999581064e+01 -3.487940919447480859e-01 0.000000000000000000e+00
1.874999999999580780e+01 -3.943742430821884914e-01 0.000000000000000000e+00
1.879999999999580496e+01 -4.298658207539045595e-01 0.000000000000000000e+00
1.884999999999580211e+01 -4.544773977709321011e-01 0.000000000000000000e+00
1.889999999999579927e+01 -4.676935134299542440e-01 0.000000000000000000e+00
1.894999999999579643e+01 -4.692831670072498129e-01 0.000000000000000000e+00
1.899999999999579359e+01 -4.593050978716457511e-01 0.000000000000000000e+00
1.904999999999579074e+01 -4.381019676114614736e-01 0.000000000000000000e+00
1.909999999999578790e+01 -4.062914661679439265e-01 0.000000000000000000e+00
1.914999999999578506e+01 -3.647467972380494805e-01 0.000000000000000000e+00
1.919999999999578222e+01 -3.145749103281291759e-01 0.000000000000000000e+00
1.924999999999577938e+01 -2.570852365632296799e-01 0.000000000000000000e+00
1.929999999999577653e+01 -1.937575874165088363e-01 0.000000000000000000e+00
1.934999999999577369e+01 -1.262022072476599588e-01 0.000000000000000000e+00
1.939999999999577085e+01 -5.612085023583369969e-02 0.000000000000000000e+00
1.944999999999576801e+01 1.473798452192414017e-02 0.000000000000000000e+00
1.949999999999576517e+01 8.462067649828085292e-02 0.000000000000000000e+00
1.954999999999576232e+01 1.518137935881494760e-01 0.000000000000000000e+00
1.959999999999575948e+01 2.146840995398559548e-01 0.000000000000000000e+00
1.964999999999575664e+01 2.717201557685499647e-01 0.000000000000000000e+00
1.969999999999575380e+01 3.215666280385237608e-01 0.000000000000000000e+00
1.974999999999575095e+01 3.630583637523107643e-01 0.000000000000000000e+00
1.979999999999574811e+01 3.952455418313696178e-01 0.000000000000000000e+00
1.984999999999574527e+01 4.174172125217948670e-01 0.000000000000000000e+00
1.989999999999574243e+01 4.291147913890472343e-01 0.000000000000000000e+00
1.994999999999573959e+01 4.301431340225201905e-01 0.000000000000000000e+00
