-1.995000000000199236e+01 -2.821126223111549702e-01 0.000000000000000000e+00
-1.990000000000199520e+01 -2.899169862073349702e-01 0.000000000000000000e+00
-1.985000000000199805e+01 -2.794823000053262563e-01 0.000000000000000000e+00
-1.980000000000200089e+01 -2.512674884548592447e-01 0.000000000000000000e+00
-1.975000000000200373e+01 -2.068623021718999366e-01 0.000000000000000000e+00
-1.970000000000200657e+01 -1.488969432297006790e-01 0.000000000000000000e+00
-1.965000000000200941e+01 -8.088914941527686198e-02 0.000000000000000000e+00
-1.960000000000201226e+01 -7.029117910300463137e-03 0.000000000000000000e+00
-1.955000000000201510e+01 6.807617472888366494e-02 0.000000000000000000e+00
-1.950000000000201794e+01 1.396921123113482599e-01 0.000000000000000000e+00
-1.945000000000202078e+01 2.032524928703121903e-01 0.000000000000000000e+00
-1.940000000000202363e+01 2.546524159956293221e-01 0.000000000000000000e+00
-1.935000000000202647e+01 2.905108392118310734e-01 0.000000000000000000e+00
-1.930000000000202931e+01 3.083944287911983828e-01 0.000000000000000000e+00
-1.925000000000203215e+01 3.069795451373895645e-01 0.000000000000000000e+00
-1.920000000000203499e+01 2.861500056886311372e-01 0.000000000000000000e+00
-1.915000000000203784e+01 2.470151922600074268e-01 0.000000000000000000e+00
-1.910000000000204068e+01 1.918550548175519677e-01 0.000000000000000000e+00
-1.905000000000204352e+01 1.239861730306802273e-01 0.000000000000000000e+00
-1.900000000000204636e+01 4.756505206836841859e-02 0.000000000000000000e+00
-1.895000000000204921e+01 -3.266808717879823853e-02 0.000000000000000000e+00
-1.890000000000205205e+01 -1.116809094191286433e-01 0.000000000000000000e+00
-1.885000000000205489e+01 -1.844663842758121342e-01 0.000000000000000000e+00
-1.880000000000205773e+01 -2.463576894352529079e-01 0.000000000000000000e+00
-1.875000000000206057e+01 -2.933291364526373624e-01 0.000000000000000000e+00
-1.870000000000206342e+01 -3.222554231623560583e-01 0.000000000000000000e+00
-1.865000000000206626e+01 -3.311208546995030311e-01 0.000000000000000000e+00
-1.860000000000206910e+01 -3.191562784197177205e-01 0.000000000000000000e+00
-1.855000000000207194e+01 -2.869027946020114017e-01 0.000000000000000000e+00
-1.850000000000207478e+01 -2.361889672666107609e-01 0.000000000000000000e+00
-1.845000000000207763e+01 -1.700305500422578664e-01 0.000000000000000000e+00
-1.840000000000208047e+01 -9.244990415994341904e-02 0.000000000000000000e+00
-1.835000000000208331e+01 -8.233895903290391893e-03 0.000000000000000000e+00
-1.830000000000208615e+01 7.736308620229973010e-02 0.000000000000000000e+00
-1.825000000000208900e+01 1.589446304115523512e-01 0.000000000000000000e+00
-1.820000000000209184e+01 2.313142869606682472e-01 0.000000000000000000e+00
-1.815000000000209468e+01 2.898041866382191634e-01 0.000000000000000000e+00
-1.810000000000209752e+01 3.305777425188349827e-01 0.000000000000000000e+00
-1.805000000000210036e+01 3.508786272840556664e-01 0.000000000000000000e+00
-1.800000000000210321e+01 3.492181032312234867e-01 0.000000000000000000e+00
-1.795000000000210605e+01 3.254798512108442177e-01 0.000000000000000000e+00
-1.790000000000210889e+01 2.809432030517983736e-01 0.000000000000000000e+00
-1.785000000000211173e+01 2.182141244105317290e-01 0.000000000000000000e+00
-1.780000000000211458e+01 1.410757510508917623e-01 0.000000000000000000e+00
-1.775000000000211742e+01 5.425878276215905655e-02 0.000000000000000000e+00
-1.770000000000212026e+01 -3.684618537485426226e-02 0.000000000000000000e+00
-1.765000000000212310e+01 -1.265251053507311652e-01 0.000000000000000000e+00
-1.760000000000212594e+01 -2.090965487197873895e-01 0.000000000000000000e+00
-1.755000000000212879e+01 -2.792733965720483602e-01 0.000000000000000000e+00
-1.750000000000213163e+01 -3.324989901595349351e-01 0.000000000000000000e+00
-1.745000000000213447e+01 -3.652445330198654805e-01 0.000000000000000000e+00
-1.740000000000213731e+01 -3.752402329570884154e-01 0.000000000000000000e+00
-1.735000000000214015e+01 -3.616332107003882301e-01 0.000000000000000000e+00
-1.730000000000214300e+01 -3.250531687953284177e-01 0.000000000000000000e+00
-1.725000000000214584e+01 -2.675890574315413772e-01 0.000000000000000000e+00
-1.720000000000214868e+01 -1.926690630973497409e-01 0.000000000000000000e+00
-1.715000000000215152e+01 -1.048588566873876748e-01 0.000000000000000000e+00
-1.710000000000215437e+01 -9.581804509619921972e-03 0.000000000000000000e+00
-1.705000000000215721e+01 8.721363767023213032e-02 0.000000000000000000e+00
-1.700000000000216005e+01 1.794270692688526292e-01 0.000000000000000000e+00
-1.695000000000216289e+01 2.611883491736434193e-01 0.000000000000000000e+00
-1.690000000000216573e+01 3.272330100280689269e-01 0.000000000000000000e+00
-1.685000000000216858e+01 3.732388188753250624e-01 0.000000000000000000e+00
-1.680000000000217142e+01 3.961100552793134222e-01 0.000000000000000000e+00
-1.675000000000217426e+01 3.941827915633591140e-01 0.000000000000000000e+00
-1.670000000000217710e+01 3.673456643078163442e-01 0.000000000000000000e+00
-1.665000000000217995e+01 3.170594787353833155e-01 0.000000000000000000e+00
-1.660000000000218279e+01 2.462816676948222372e-01 0.000000000000000000e+00
-1.655000000000218563e+01 1.592912845196839677e-01 0.000000000000000000e+00
-1.650000000000218847e+01 6.143287407348309304e-02 0.000000000000000000e+00
-1.645000000000219131e+01 -4.121352601562254525e-02 0.000000000000000000e+00
-1.640000000000219416e+01 -1.422078725685244904e-01 0.000000000000000000e+00
-1.635000000000219700e+01 -2.351559435817656141e-01 0.000000000000000000e+00
-1.630000000000219984e+01 -3.141119317119044352e-01 0.000000000000000000e+00
-1.625000000000220268e+01 -3.739604782862279153e-01 0.000000000000000000e+00
-1.620000000000220552e+01 -4.107456226440038827e-01 0.000000000000000000e+00
-1.615000000000220837e+01 -4.219335314080601695e-01 0.000000000000000000e+00
-1.610000000000221121e+01 -4.065836247786237534e-01 0.000000000000000000e+00
-1.605000000000221405e+01 -3.654245883647427307e-01 0.000000000000000000e+00
-1.600000000000221689e+01 -3.008214508198291393e-01 0.000000000000000000e+00
-1.595000000000221974e+01 -2.166429594652292678e-01 0.000000000000000000e+00
-1.590000000000222258e+01 -1.180286061354953175e-01 0.000000000000000000e+00
-1.585000000000222542e+01 -1.107726160600081347e-02 0.000000000000000000e+00
-1.580000000000222826e+01 9.753171500158630547e-02 0.000000000000000000e+00
-1.575000000000223110e+01 2.009534149568227013e-01 0.000000000000000000e+00
-1.570000000000223395e+01 2.926105549602242561e-01 0.000000000000000000e+00
-1.565000000000223679e+01 3.666095454181344526e-01 0.000000000000000000e+00
-1.560000000000223963e+01 4.181210826706223127e-01 0.000000000000000000e+00
-1.555000000000224247e+01 4.436927811910358899e-01 0.000000000000000000e+00
-1.550000000000224532e+01 4.414815588855135475e-01 0.000000000000000000e+00
-1.545000000000224816e+01 4.113822832520549477e-01 0.000000000000000000e+00
-1.540000000000225100e+01 3.550517066704609315e-01 0.000000000000000000e+00
-1.535000000000225384e+01 2.758171832509356269e-01 0.000000000000000000e+00
-1.530000000000225668e+01 1.784830001452213377e-01 0.000000000000000000e+00
-1.525000000000225953e+01 6.903761511987072108e-02 0.000000000000000000e+00
-1.520000000000226237e+01 -4.571248815989848585e-02 0.000000000000000000e+00
-1.515000000000226521e+01 -1.585678597565620129e-01 0.000000000000000000e+00
-1.510000000000226805e+01 -2.623856377316997612e-01 0.000000000000000000e+00
-1.505000000000227089e+01 -3.505334193604712212e-01 0.000000000000000000e+00
-1.500000000000227374e+01 -4.173107456197808762e-01 0.000000000000000000e+00
-1.495000000000227658e+01 -4.583192980501314961e-01 0.000000000000000000e+00
-1.490000000000227942e+01 -4.707499316191385841e-01 0.000000000000000000e+00
-1.485000000000228226e+01 -4.535757047364719630e-01 0.000000000000000000e+00
-1.480000000000228511e+01 -4.076298842432283243e-01 0.000000000000000000e+00
-1.475000000000228795e+01 -3.355710292863277600e-01 0.000000000000000000e+00
-1.470000000000229079e+01 -2.417284014622000377e-01 0.000000000000000000e+00
-1.465000000000229363e+01 -1.318444695830735258e-01 0.000000000000000000e+00
-1.460000000000229647e+01 -1.272193037891741763e-02 0.000000000000000000e+00
-1.455000000000229932e+01 1.081952438984881970e-01 0.000000000000000000e+00
-1.450000000000230216e+01 2.232887777033083498e-01 0.000000000000000000e+00
-1.445000000000230500e+01 3.252439762482433605e-01 0.000000000000000000e+00
-1.440000000000230784e+01 4.075163724081539707e-01 0.000000000000000000e+00
-1.435000000000231068e+01 4.647495667453309665e-01 0.000000000000000000e+00
-1.430000000000231353e+01 4.931254055570107875e-01 0.000000000000000000e+00
-1.425000000000231637e+01 4.906158377401729775e-01 0.000000000000000000e+00
-1.420000000000231921e+01 4.571276767295496257e-01 0.000000000000000000e+00
-1.415000000000232205e+01 3.945222866185976729e-01 0.000000000000000000e+00
-1.410000000000232490e+01 3.065158748821021906e-01 0.000000000000000000e+00
-1.405000000000232774e+01 1.984577821514593166e-01 0.000000000000000000e+00
-1.400000000000233058e+01 7.700773486384533684e-02 0.000000000000000000e+00
-1.395000000000233342e+01 -5.027628394858472266e-02 0.000000000000000000e+00
-1.390000000000233626e+01 -1.754062821909278536e-01 0.000000000000000000e+00
-1.385000000000233911e+01 -2.904673958659403921e-01 0.000000000000000000e+00
-1.380000000000234195e+01 -3.881164681253482240e-01 0.000000000000000000e+00
-1.375000000000234479e+01 -4.620524284065604670e-01 0.000000000000000000e+00
-1.370000000000234763e+01 -5.074206015022522109e-01 0.000000000000000000e+00
-1.365000000000235048e+01 -5.211327685140988430e-01 0.000000000000000000e+00
-1.360000000000235332e+01 -5.020741808730049272e-01 0.000000000000000000e+00
-1.355000000000235616e+01 -4.511914464960348758e-01 0.000000000000000000e+00
-1.350000000000235900e+01 -3.714469063977829943e-01 0.000000000000000000e+00
-1.345000000000236184e+01 -2.676492278424396076e-01 0.000000000000000000e+00
-1.340000000000236469e+01 -1.461620754170243064e-01 0.000000000000000000e+00
-1.335000000000236753e+01 -1.451620505527621494e-02 0.000000000000000000e+00
-1.330000000000237037e+01 1.190591207048456723e-01 0.000000000000000000e+00
-1.325000000000237321e+01 2.461485321718503982e-01 0.000000000000000000e+00
-1.320000000000237605e+01 3.586825805251306343e-01 0.000000000000000000e+00
-1.315000000000237890e+01 4.494480579513494556e-01 0.000000000000000000e+00
-1.310000000000238174e+01 5.125520442948151567e-01 0.000000000000000000e+00
-1.305000000000238458e+01 5.438021471821912201e-01 0.000000000000000000e+00
-1.300000000000238742e+01 5.409861130825333042e-01 0.000000000000000000e+00
-1.295000000000239027e+01 5.040245333034736319e-01 0.000000000000000000e+00
-1.290000000000239311e+01 4.349938736126741645e-01 0.000000000000000000e+00
-1.285000000000239595e+01 3.380095630076399571e-01 0.000000000000000000e+00
-1.280000000000239879e+01 2.189833099977607778e-01 0.000000000000000000e+00
-1.275000000000240163e+01 8.526121868376190793e-02 0.000000000000000000e+00
-1.270000000000240448e+01 -5.482749272784070982e-02 0.000000000000000000e+00
-1.265000000000240732e+01 -1.924911316273567596e-01 0.000000000000000000e+00
-1.260000000000241016e+01 -3.190253278805051385e-01 0.000000000000000000e+00
-1.255000000000241300e+01 -4.263652663584113212e-01 0.000000000000000000e+00
-1.250000000000241585e+01 -5.075976713867589307e-01 0.000000000000000000e+00
-1.245000000000241869e+01 -5.574076936488298051e-01 0.000000000000000000e+00
-1.240000000000242153e+01 -5.724241888972569914e-01 0.000000000000000000e+00
-1.235000000000242437e+01 -5.514486215934815139e-01 0.000000000000000000e+00
-1.230000000000242721e+01 -4.955444979575887587e-01 0.000000000000000000e+00
-1.225000000000243006e+01 -4.079884525229531267e-01 0.000000000000000000e+00
-1.220000000000243290e+01 -2.940773041650988073e-01 0.000000000000000000e+00
-1.215000000000243574e+01 -1.608100151876717676e-01 0.000000000000000000e+00
-1.210000000000243858e+01 -1.645598483513993626e-02 0.000000000000000000e+00
-1.205000000000244142e+01 1.299560873038280717e-01 0.000000000000000000e+00
-1.200000000000244427e+01 2.692047978005750464e-01 0.000000000000000000e+00
-1.195000000000244711e+01 3.924549288066656594e-01 0.000000000000000000e+00
-1.190000000000244995e+01 4.918198953524450801e-01 0.000000000000000000e+00
-1.185000000000245279e+01 5.608643472797136820e-01 0.000000000000000000e+00
-1.180000000000245564e+01 5.950224989642586282e-01 0.000000000000000000e+00
-1.175000000000245848e+01 5.918974262841734113e-01 0.000000000000000000e+00
-1.170000000000246132e+01 5.514293340955621625e-01 0.000000000000000000e+00
-1.165000000000246416e+01 4.759135217207964841e-01 0.000000000000000000e+00
-1.160000000000246700e+01 3.698736068675816391e-01 0.000000000000000000e+00
-1.155000000000246985e+01 2.397892957086683596e-01 0.000000000000000000e+00
-1.150000000000247269e+01 9.370262574718485338e-02 0.000000000000000000e+00
-1.145000000000247553e+01 -5.928099164852004832e-02 0.000000000000000000e+00
-1.140000000000247837e+01 -2.095584068081508544e-01 0.000000000000000000e+00
-1.135000000000248122e+01 -3.476334765610416544e-01 0.000000000000000000e+00
-1.130000000000248406e+01 -4.647152709127101433e-01 0.000000000000000000e+00
-1.125000000000248690e+01 -5.532796135273352345e-01 0.000000000000000000e+00
-1.120000000000248974e+01 -6.075505371817108147e-01 0.000000000000000000e+00
-1.115000000000249258e+01 -6.238784045227732111e-01 0.000000000000000000e+00
-1.110000000000249543e+01 -6.009824286276713723e-01 0.000000000000000000e+00
-1.105000000000249827e+01 -5.400490663464854180e-01 0.000000000000000000e+00
-1.100000000000250111e+01 -4.446714322262096397e-01 0.000000000000000000e+00
-1.095000000000250395e+01 -3.206401980541060404e-01 0.000000000000000000e+00
-1.090000000000250679e+01 -1.755905344122746514e-01 0.000000000000000000e+00
-1.085000000000250964e+01 -1.853413153962420179e-02 0.000000000000000000e+00
-1.080000000000251248e+01 1.407025600243395069e-01 0.000000000000000000e+00
-1.075000000000251532e+01 2.920913254974336071e-01 0.000000000000000000e+00
-1.070000000000251816e+01 4.260356960508295820e-01 0.000000000000000000e+00
-1.065000000000252101e+01 5.339774307187109548e-01 0.000000000000000000e+00
-1.060000000000252385e+01 6.089451498294015108e-01 0.000000000000000000e+00
-1.055000000000252669e+01 6.460024462569555759e-01 0.000000000000000000e+00
-1.050000000000252953e+01 6.425741859541261869e-01 0.000000000000000000e+00
-1.045000000000253237e+01 5.986219727596382434e-01 0.000000000000000000e+00
-1.040000000000253522e+01 5.166643906811907438e-01 0.000000000000000000e+00
-1.035000000000253806e+01 4.016321321096472663e-01 0.000000000000000000e+00
-1.030000000000254090e+01 2.605737677700409316e-01 0.000000000000000000e+00
-1.025000000000254374e+01 1.022221779255166607e-01 0.000000000000000000e+00
-1.020000000000254659e+01 -6.354420673603550229e-02 0.000000000000000000e+00
-1.015000000000254943e+01 -2.263196068028278385e-01 0.000000000000000000e+00
-1.010000000000255227e+01 -3.758223633078066062e-01 0.000000000000000000e+00
-1.005000000000255511e+01 -5.025463585098574049e-01 0.000000000000000000e+00
-1.000000000000255795e+01 -5.983636353519501405e-01 0.000000000000000000e+00
-9.950000000002560796e+00 -6.570474798004952710e-01 0.000000000000000000e+00
-9.900000000002563638e+00 -6.746748449840993533e-01 0.000000000000000000e+00
-9.850000000002566480e+00 -6.498895874931882588e-01 0.000000000000000000e+00
-9.800000000002569323e+00 -5.840014565882072350e-01 0.000000000000000000e+00
-9.750000000002572165e+00 -4.809212066435957222e-01 0.000000000000000000e+00
-9.700000000002575007e+00 -3.469273590776409399e-01 0.000000000000000000e+00
-9.650000000002577849e+00 -1.902859388315136790e-01 0.000000000000000000e+00
-9.600000000002580691e+00 -2.073873813224648421e-02 0.000000000000000000e+00
-9.550000000002583533e+00 1.511007653626826597e-01 0.000000000000000000e+00
-9.500000000002586376e+00 3.144138194307990464e-01 0.000000000000000000e+00
-9.450000000002589218e+00 4.588558427414013430e-01 0.000000000000000000e+00
-9.400000000002592060e+00 5.752136608815576757e-01 0.000000000000000000e+00
-9.350000000002594902e+00 6.559913344798542489e-01 0.000000000000000000e+00
-9.300000000002597744e+00 6.958947553251318974e-01 0.000000000000000000e+00
-9.250000000002600586e+00 6.921762680701453174e-01 0.000000000000000000e+00
-9.200000000002603429e+00 6.448243297265356944e-01 0.000000000000000000e+00
-9.150000000002606271e+00 5.565777921666420491e-01 0.000000000000000000e+00
-9.100000000002609113e+00 4.327704765510341223e-01 0.000000000000000000e+00
-9.050000000002611955e+00 2.810073417872710477e-01 0.000000000000000000e+00
-9.000000000002614797e+00 1.106993029225373376e-01 0.000000000000000000e+00
-8.950000000002617639e+00 -6.752227168983171435e-02 0.000000000000000000e+00
-8.900000000002620482e+00 -2.424675413399460522e-01 0.000000000000000000e+00
-8.850000000002623324e+00 -4.030928298306092339e-01 0.000000000000000000e+00
-8.800000000002626166e+00 -5.391961292605333966e-01 0.000000000000000000e+00
-8.750000000002629008e+00 -6.420670561797691134e-01 0.000000000000000000e+00
-8.700000000002631850e+00 -7.050424481744306249e-01 0.000000000000000000e+00
-8.650000000002634692e+00 -7.239395524667605608e-01 0.000000000000000000e+00
-8.600000000002637535e+00 -6.973312727348646156e-01 0.000000000000000000e+00
-8.550000000002640377e+00 -6.266527809618712697e-01 0.000000000000000000e+00
-8.500000000002643219e+00 -5.161243401493033067e-01 0.000000000000000000e+00
-8.450000000002646061e+00 -3.725017549467390388e-01 0.000000000000000000e+00
-8.400000000002648903e+00 -2.046617708473825459e-01 0.000000000000000000e+00
-8.350000000002651745e+00 -2.305523824234206876e-02 0.000000000000000000e+00
-8.300000000002654588e+00 1.609456505161198647e-01 0.000000000000000000e+00
-8.250000000002657430e+00 3.357578930754646085e-01 0.000000000000000000e+00
-8.200000000002660272e+00 4.903189410221503453e-01 0.000000000000000000e+00
-8.150000000002663114e+00 6.147851450287832309e-01 0.000000000000000000e+00
-8.100000000002665956e+00 7.011606345456363742e-01 0.000000000000000000e+00
-8.050000000002668799e+00 7.438090869547654416e-01 0.000000000000000000e+00
-8.000000000002671641e+00 7.398229893165917392e-01 0.000000000000000000e+00
-7.950000000002674483e+00 6.892188726675567700e-01 0.000000000000000000e+00
-7.900000000002677325e+00 5.949528127036269876e-01 0.000000000000000000e+00
-7.850000000002680167e+00 4.627468283928411474e-01 0.000000000000000000e+00
-7.800000000002683009e+00 3.007436769980300628e-01 0.000000000000000000e+00
-7.750000000002685852e+00 1.190034945197693261e-01 0.000000000000000000e+00
-7.700000000002688694e+00 -7.111925367661631192e-02 0.000000000000000000e+00
-7.650000000002691536e+00 -2.576872613881402430e-01 0.000000000000000000e+00
-7.600000000002694378e+00 -4.289283680909766749e-01 0.000000000000000000e+00
-7.550000000002697220e+00 -5.739804940825478097e-01 0.000000000000000000e+00
-7.500000000002700062e+00 -6.835790318484642469e-01 0.000000000000000000e+00
-7.450000000002702905e+00 -7.506505095411845074e-01 0.000000000000000000e+00
-7.400000000002705747e+00 -7.707671519917592695e-01 0.000000000000000000e+00
-7.350000000002708589e+00 -7.424404571280820431e-01 0.000000000000000000e+00
-7.300000000002711431e+00 -6.672270407055446162e-01 0.000000000000000000e+00
-7.250000000002714273e+00 -5.496466439004086268e-01 0.000000000000000000e+00
-7.200000000002717115e+00 -3.969091419426677425e-01 0.000000000000000000e+00
-7.150000000002719958e+00 -2.184743403855621269e-01 0.000000000000000000e+00
-7.100000000002722800e+00 -2.546410886116444450e-02 0.000000000000000000e+00
-7.050000000002725642e+00 1.700292912179025562e-01 0.000000000000000000e+00
-7.000000000002728484e+00 3.557029648760619001e-01 0.000000000000000000e+00
-6.950000000002731326e+00 5.198161644298903150e-01 0.000000000000000000e+00
-6.900000000002734168e+00 6.519348304861447563e-01 0.000000000000000000e+00
-6.850000000002737011e+00 7.435933628207989088e-01 0.000000000000000000e+00
-6.800000000002739853e+00 7.888389323744298132e-01 0.000000000000000000e+00
-6.750000000002742695e+00 7.846160309838308144e-01 0.000000000000000000e+00
-6.700000000002745537e+00 7.309737330878650630e-01 0.000000000000000000e+00
-6.650000000002748379e+00 6.310743730204305679e-01 0.000000000000000000e+00
-6.600000000002751221e+00 4.910096536164512693e-01 0.000000000000000000e+00
-6.550000000002754064e+00 3.194275168406529031e-01 0.000000000000000000e+00
-6.500000000002756906e+00 1.269999212752699891e-01 0.000000000000000000e+00
-6.450000000002759748e+00 -7.424301005092137640e-02 0.000000000000000000e+00
-6.400000000002762590e+00 -2.716636195124756958e-01 0.000000000000000000e+00
-6.350000000002765432e+00 -4.528125530405114341e-01 0.000000000000000000e+00
-6.300000000002768274e+00 -6.062123799044587535e-01 0.000000000000000000e+00
-6.250000000002771117e+00 -7.220869276465006203e-01 0.000000000000000000e+00
-6.200000000002773959e+00 -7.929826875660017649e-01 0.000000000000000000e+00
-6.150000000002776801e+00 -8.142500553684859366e-01 0.000000000000000000e+00
-6.100000000002779643e+00 -7.843460643858988224e-01 0.000000000000000000e+00
-6.050000000002782485e+00 -7.049461881984085965e-01 0.000000000000000000e+00
-6.000000000002785328e+00 -5.808499769241208810e-01 0.000000000000000000e+00
-5.950000000002788170e+00 -4.196930431728319033e-01 0.000000000000000000e+00
-5.900000000002791012e+00 -2.314753825386401398e-01 0.000000000000000000e+00
-5.850000000002793854e+00 -2.794243885890287243e-02 0.000000000000000000e+00
-5.800000000002796696e+00 1.781500310522489139e-01 0.000000000000000000e+00
-5.750000000002799538e+00 3.738339953500627866e-01 0.000000000000000000e+00
-5.700000000002802381e+00 5.467473948281308394e-01 0.000000000000000000e+00
-5.650000000002805223e+00 6.859136849656266577e-01 0.000000000000000000e+00
-5.600000000002808065e+00 7.824407454226214309e-01 0.000000000000000000e+00
-5.550000000002810907e+00 8.300873831888884169e-01 0.000000000000000000e+00
-5.500000000002813749e+00 8.256685779960745153e-01 0.000000000000000000e+00
-5.450000000002816591e+00 7.692659181759109455e-01 0.000000000000000000e+00
-5.400000000002819434e+00 6.642365980867959152e-01 0.000000000000000000e+00
-5.350000000002822276e+00 5.170122753908068525e-01 0.000000000000000000e+00
-5.300000000002825118e+00 3.367070631317115592e-01 0.000000000000000000e+00
-5.250000000002827960e+00 1.345512956420955308e-01 0.000000000000000000e+00
-5.200000000002830802e+00 -7.680649565096818454e-02 0.000000000000000000e+00
-5.150000000002833644e+00 -2.840932318451222516e-01 0.000000000000000000e+00
-5.100000000002836487e+00 -4.742434957473647961e-01 0.000000000000000000e+00
-5.050000000002839329e+00 -6.352253292550740227e-01 0.000000000000000000e+00
-5.000000000002842171e+00 -7.568001606561093331e-01 0.000000000000000000e+00
-4.950000000002845013e+00 -8.311760724744859941e-01 0.000000000000000000e+00
-4.900000000002847855e+00 -8.535054813794586970e-01 0.000000000000000000e+00
-4.850000000002850697e+00 -8.222026624588903987e-01 0.000000000000000000e+00
-4.800000000002853540e+00 -7.390531126465865741e-01 0.000000000000000000e+00
-4.750000000002856382e+00 -6.091144926340792409e-01 0.000000000000000000e+00
-4.700000000002859224e+00 -4.404073236721662288e-01 0.000000000000000000e+00
-4.650000000002862066e+00 -2.434215752877194605e-01 0.000000000000000000e+00
-4.600000000002864908e+00 -3.046227979012106069e-02 0.000000000000000000e+00
-4.550000000002867750e+00 1.851177616424496131e-01 0.000000000000000000e+00
-4.500000000002870593e+00 3.897575288223464884e-01 0.000000000000000000e+00
-4.450000000002873435e+00 5.705395524729837131e-01 0.000000000000000000e+00
-4.400000000002876277e+00 7.160075875002485102e-01 0.000000000000000000e+00
-4.350000000002879119e+00 8.168911873804611812e-01 0.000000000000000000e+00
-4.300000000002881961e+00 8.666985387034905619e-01 0.000000000000000000e+00
-4.250000000002884804e+00 8.621324210601869487e-01 0.000000000000000000e+00
-4.200000000002887646e+00 8.033098428315232908e-01 0.000000000000000000e+00
-4.150000000002890488e+00 6.937635516494207177e-01 0.000000000000000000e+00
-4.100000000002893330e+00 5.402319740906296186e-01 0.000000000000000000e+00
-4.050000000002896172e+00 3.522428369702896300e-01 0.000000000000000000e+00
-4.000000000002899014e+00 1.415234119345131492e-01 0.000000000000000000e+00
-3.950000000002901857e+00 -7.873329926872388307e-02 0.000000000000000000e+00
-3.900000000002904699e+00 -2.946932918457011996e-01 0.000000000000000000e+00
-3.850000000002907541e+00 -4.927528097750791813e-01 0.000000000000000000e+00
-3.800000000002910383e+00 -6.603940183704259947e-01 0.000000000000000000e+00
-3.750000000002913225e+00 -7.869784384232501040e-01 0.000000000000000000e+00
-3.700000000002916067e+00 -8.644206262019777931e-01 0.000000000000000000e+00
-3.650000000002918910e+00 -8.877066078803663718e-01 0.000000000000000000e+00
-3.600000000002921752e+00 -8.552166253644716276e-01 0.000000000000000000e+00
-3.550000000002924594e+00 -7.688386085899554523e-01 0.000000000000000000e+00
-3.500000000002927436e+00 -6.338573138943006668e-01 0.000000000000000000e+00
-3.450000000002930278e+00 -4.586327998208163947e-01 0.000000000000000000e+00
-3.400000000002933120e+00 -2.540806058839588655e-01 0.000000000000000000e+00
-3.350000000002935963e+00 -3.299316063177525071e-02 0.000000000000000000e+00
-3.300000000002938805e+00 1.907625568342362632e-01 0.000000000000000000e+00
-3.250000000002941647e+00 4.031135620522280361e-01 0.000000000000000000e+00
-3.200000000002944489e+00 5.906683636911740365e-01 0.000000000000000000e+00
-3.150000000002947331e+00 7.415602278214619147e-01 0.000000000000000000e+00
-3.100000000002950173e+00 8.462002524463825281e-01 0.000000000000000000e+00
-3.050000000002953016e+00 8.978852546653586231e-01 0.000000000000000000e+00
-3.000000000002955858e+00 8.932290884811442400e-01 0.000000000000000000e+00
-2.950000000002958700e+00 8.323824595863698050e-01 0.000000000000000000e+00
-2.900000000002961542e+00 7.190341482862012690e-01 0.000000000000000000e+00
-2.850000000002964384e+00 5.601857167690307282e-01 0.000000000000000000e+00
-2.800000000002967226e+00 3.657206319541081996e-01 0.000000000000000000e+00
-2.750000000002970069e+00 1.477871543612928051e-01 0.000000000000000000e+00
-2.700000000002972911e+00 -7.995927906800270879e-02 0.000000000000000000e+00
-2.650000000002975753e+00 -3.032140700432242042e-01 0.000000000000000000e+00
-2.600000000002978595e+00 -5.079207535348614355e-01 0.000000000000000000e+00
-2.550000000002981437e+00 -6.811584156551289126e-01 0.000000000000000000e+00
-2.500000000002984279e+00 -8.119560052646841442e-01 0.000000000000000000e+00
-2.450000000002987122e+00 -8.919893496754398576e-01 0.000000000000000000e+00
-2.400000000002989964e+00 -9.161094010274435373e-01 0.000000000000000000e+00
-2.350000000002992806e+00 -8.826753349295000106e-01 0.000000000000000000e+00
-2.300000000002995648e+00 -7.936637927624510258e-01 0.000000000000000000e+00
-2.250000000002998490e+00 -6.545541745757947893e-01 0.000000000000000000e+00
-2.200000000003001333e+00 -4.739894376733990722e-01 0.000000000000000000e+00
-2.150000000003004175e+00 -2.632405694704185728e-01 0.000000000000000000e+00
-2.100000000003007017e+00 -3.550077472652818367e-02 0.000000000000000000e+00
-2.050000000003009859e+00 1.949392341875921253e-01 0.000000000000000000e+00
-2.000000000003012701e+00 4.135904128458762763e-01 0.000000000000000000e+00
-1.950000000003015543e+00 6.066752532151784560e-01 0.000000000000000000e+00
-1.900000000003018386e+00 7.619983224614867989e-01 0.000000000000000000e+00
-1.850000000003021228e+00 8.697152746430859560e-01 0.000000000000000000e+00
-1.800000000003024070e+00 9.229589629453572863e-01 0.000000000000000000e+00
-1.750000000003026912e+00 9.182756556595637054e-01 0.000000000000000000e+00
-1.700000000003029754e+00 8.558507818951728296e-01 0.000000000000000000e+00
-1.650000000003032596e+00 7.395023123873611937e-01 0.000000000000000000e+00
-1.600000000003035439e+00 5.764490256608756358e-01 0.000000000000000000e+00
-1.550000000003038281e+00 3.768605684355738061e-01 0.000000000000000000e+00
-1.500000000003041123e+00 1.532245219528136082e-01 0.000000000000000000e+00
-1.450000000003043965e+00 -8.043725599176096419e-02 0.000000000000000000e+00
-1.400000000003046807e+00 -3.094466518479465078e-01 0.000000000000000000e+00
-1.350000000003049649e+00 -5.193938065370998780e-01 0.000000000000000000e+00
-1.300000000003052492e+00 -6.970426963325297987e-01 0.000000000000000000e+00
-1.250000000003055334e+00 -8.311679765078672233e-01 0.000000000000000000e+00
-1.200000000003058176e+00 -9.132629977041225589e-01 0.000000000000000000e+00
-1.150000000003061018e+00 -9.380814494596221298e-01 0.000000000000000000e+00
-1.100000000003063860e+00 -9.039709810270513124e-01 0.000000000000000000e+00
-1.050000000003066702e+00 -8.129847135879253450e-01 0.000000000000000000e+00
-1.000000000003069545e+00 -6.707560076408829453e-01 0.000000000000000000e+00
-9.500000000030723868e-01 -4.861512640464381585e-01 0.000000000000000000e+00
-9.000000000030752290e-01 -2.707150258666994880e-01 0.000000000000000000e+00
-8.500000000030780711e-01 -3.794927401981566112e-02 0.000000000000000000e+00
-8.000000000030809133e-01 1.975351975976591401e-01 0.000000000000000000e+00
-7.500000000030837555e-01 4.209348116490242431e-01 0.000000000000000000e+00
-7.000000000030865976e-01 6.181863052780768308e-01 0.000000000000000000e+00
-6.500000000030894398e-01 7.768509010833096751e-01 0.000000000000000000e+00
-6.000000000030922820e-01 8.869010571637732099e-01 0.000000000000000000e+00
-5.500000000030951242e-01 9.413528638020947081e-01 0.000000000000000000e+00
-5.000000000030979663e-01 9.367113101816064713e-01 0.000000000000000000e+00
-4.500000000031008085e-01 8.731928831497262067e-01 0.000000000000000000e+00
-4.000000000031036507e-01 7.547184471703018982e-01 0.000000000000000000e+00
-3.500000000031064928e-01 5.886693125964066464e-01 0.000000000000000000e+00
-3.000000000031093350e-01 3.854288118080589909e-01 0.000000000000000000e+00
-2.500000000031121772e-01 1.577307397052957194e-01 0.000000000000000000e+00
-2.000000000031150194e-01 -8.013729228728905252e-02 0.000000000000000000e+00
-1.500000000031178615e-01 -3.132328437250078701e-01 0.000000000000000000e+00
-1.000000000031207037e-01 -5.268962349447625648e-01 0.000000000000000000e+00
-5.000000000312354587e-02 -7.076749944975948559e-01 0.000000000000000000e+00
-3.126388037344440818e-12 -8.441696942143726012e-01 0.000000000000000000e+00
4.999999999687076979e-02 -9.277550789452929658e-01 0.000000000000000000e+00
9.999999999686792762e-02 -9.531237103233477503e-01 0.000000000000000000e+00
1.499999999968650854e-01 -9.186249627691863706e-01 0.000000000000000000e+00
1.999999999968622433e-01 -8.263705804272338806e-01 0.000000000000000000e+00
2.499999999968594011e-01 -6.821071705244372563e-01 0.000000000000000000e+00
2.999999999968565589e-01 -4.948561977826556602e-01 0.000000000000000000e+00
3.499999999968537168e-01 -2.763511783674441613e-01 0.000000000000000000e+00
3.999999999968508746e-01 -4.030008255387343419e-02 0.000000000000000000e+00
4.499999999968480324e-01 1.984735236333479425e-01 0.000000000000000000e+00
4.999999999968451903e-01 4.249638723023154707e-01 0.000000000000000000e+00
5.499999999968423481e-01 6.249249785930843792e-01 0.000000000000000000e+00
5.999999999968395059e-01 7.857691641614503730e-01 0.000000000000000000e+00
6.499999999968366637e-01 8.973582789381038261e-01 0.000000000000000000e+00
6.999999999968338216e-01 9.526449749728277405e-01 0.000000000000000000e+00
7.499999999968309794e-01 9.481163151589031557e-01 0.000000000000000000e+00
7.999999999968281372e-01 8.840188972859044370e-01 0.000000000000000000e+00
8.499999999968252951e-01 7.643439367377089511e-01 0.000000000000000000e+00
8.999999999968224529e-01 5.965803350358568347e-01 0.000000000000000000e+00
9.499999999968196107e-01 3.912438960343722627e-01 0.000000000000000000e+00
9.999999999968167685e-01 1.612194331670265268e-01 0.000000000000000000e+00
1.049999999996813926e+00 -7.905016529924938085e-02 0.000000000000000000e+00
1.099999999996811084e+00 -3.144697111335067463e-01 0.000000000000000000e+00
1.149999999996808242e+00 -5.302426057711038254e-01 0.000000000000000000e+00
1.199999999996805400e+00 -7.127997755739776675e-01 0.000000000000000000e+00
1.249999999996802558e+00 -8.506554122876262003e-01 0.000000000000000000e+00
1.299999999996799716e+00 -9.351283867366384506e-01 0.000000000000000000e+00
1.349999999996796873e+00 -9.608911130281031499e-01 0.000000000000000000e+00
1.399999999996794031e+00 -9.263040131459585602e-01 0.000000000000000000e+00
1.449999999996791189e+00 -8.335216919427889115e-01 0.000000000000000000e+00
1.499999999996788347e+00 -6.883568253771933376e-01 0.000000000000000000e+00
1.549999999996785505e+00 -4.999174908257546512e-01 0.000000000000000000e+00
1.599999999996782662e+00 -2.800334617627814326e-01 0.000000000000000000e+00
1.649999999996779820e+00 -4.251475529486334337e-02 0.000000000000000000e+00
1.699999999996776978e+00 1.977181820571928261e-01 0.000000000000000000e+00
1.749999999996774136e+00 4.255706999882345465e-01 0.000000000000000000e+00
1.799999999996771294e+00 6.267249124038702934e-01 0.000000000000000000e+00
1.849999999996768452e+00 7.885383272322943338e-01 0.000000000000000000e+00
1.899999999996765609e+00 9.008408168975221564e-01 0.000000000000000000e+00
1.949999999996762767e+00 9.565725279276946491e-01 0.000000000000000000e+00
1.999999999996759925e+00 9.522298101688159155e-01 0.000000000000000000e+00
2.049999999996757083e+00 8.880838552658287810e-01 0.000000000000000000e+00
2.099999999996754241e+00 7.681655148254196153e-01 0.000000000000000000e+00
2.149999999996751399e+00 6.000100136615680313e-01 0.000000000000000000e+00
2.199999999996748556e+00 3.941848622395806023e-01 0.000000000000000000e+00
2.249999999996745714e+00 1.636234450780975902e-01 0.000000000000000000e+00
2.299999999996742872e+00 -7.718653275159030602e-02 0.000000000000000000e+00
2.349999999996740030e+00 -3.131159007096838143e-01 0.000000000000000000e+00
2.399999999996737188e+00 -5.293434926343154601e-01 0.000000000000000000e+00
2.449999999996734346e+00 -7.122897226040642016e-01 0.000000000000000000e+00
2.499999999996731503e+00 -8.504682917697861111e-01 0.000000000000000000e+00
2.549999999996728661e+00 -9.352096908685025856e-01 0.000000000000000000e+00
2.599999999996725819e+00 -9.612037668693459436e-01 0.000000000000000000e+00
2.649999999996722977e+00 -9.268344979894422853e-01 0.000000000000000000e+00
2.699999999996720135e+00 -8.342787309889188041e-01 0.000000000000000000e+00
2.749999999996717293e+00 -6.893699746136561224e-01 0.000000000000000000e+00
2.799999999996714450e+00 -5.012286535586019109e-01 0.000000000000000000e+00
2.849999999996711608e+00 -2.816894019904934154e-01 0.000000000000000000e+00
2.899999999996708766e+00 -4.455426166480939976e-02 0.000000000000000000e+00
2.949999999996705924e+00 1.952739269201763106e-01 0.000000000000000000e+00
2.999999999996703082e+00 4.227306113922927322e-01 0.000000000000000000e+00
3.049999999996700240e+00 6.235347440315279766e-01 0.000000000000000000e+00
3.099999999996697397e+00 7.850879024535081241e-01 0.000000000000000000e+00
3.149999999996694555e+00 8.972635355316347372e-01 0.000000000000000000e+00
3.199999999996691713e+00 9.530439818796568874e-01 0.000000000000000000e+00
3.249999999996688871e+00 9.489580300046367434e-01 0.000000000000000000e+00
3.299999999996686029e+00 8.852988479318765203e-01 0.000000000000000000e+00
3.349999999996683187e+00 7.661014614174175286e-01 0.000000000000000000e+00
3.399999999996680344e+00 5.988885855183303519e-01 0.000000000000000000e+00
3.449999999996677502e+00 3.941937029923907043e-01 0.000000000000000000e+00
3.499999999996674660e+00 1.648987775654331966e-01 0.000000000000000000e+00
3.549999999996671818e+00 -7.457885497081745418e-02 0.000000000000000000e+00
3.599999999996668976e+00 -3.091919239146869725e-01 0.000000000000000000e+00
3.649999999996666133e+00 -5.242112133834702092e-01 0.000000000000000000e+00
3.699999999996663291e+00 -7.061492025121982596e-01 0.000000000000000000e+00
3.749999999996660449e+00 -8.436085249770797212e-01 0.000000000000000000e+00
3.799999999996657607e+00 -9.279946999621957460e-01 0.000000000000000000e+00
3.849999999996654765e+00 -9.540556653124729891e-01 0.000000000000000000e+00
3.899999999996651923e+00 -9.202070833735146449e-01 0.000000000000000000e+00
3.949999999996649080e+00 -8.286303950862099477e-01 0.000000000000000000e+00
3.999999999996646238e+00 -6.851304163472771158e-01 0.000000000000000000e+00
4.049999999996643396e+00 -4.987689038082990245e-01 0.000000000000000000e+00
4.099999999996640554e+00 -2.812901034359187591e-01 0.000000000000000000e+00
4.149999999996637712e+00 -4.638186102953702206e-02 0.000000000000000000e+00
4.199999999996634870e+00 1.911883194946726316e-01 0.000000000000000000e+00
4.249999999996632027e+00 4.165005609879461890e-01 0.000000000000000000e+00
4.299999999996629185e+00 6.154221090784084414e-01 0.000000000000000000e+00
4.349999999996626343e+00 7.754926955803259636e-01 0.000000000000000000e+00
4.399999999996623501e+00 8.867074034517543613e-01 0.000000000000000000e+00
4.449999999996620659e+00 9.421406692234659541e-01 0.000000000000000000e+00
4.499999999996617817e+00 9.383796190751289013e-01 0.000000000000000000e+00
4.549999999996614974e+00 8.757324633183908302e-01 0.000000000000000000e+00
4.599999999996612132e+00 7.582063695571874540e-01 0.000000000000000000e+00
4.649999999996609290e+00 5.932492369238397956e-01 0.000000000000000000e+00
4.699999999996606448e+00 3.912791598066780452e-01 0.000000000000000000e+00
4.749999999996603606e+00 1.650241851114804814e-01 0.000000000000000000e+00
4.799999999996600764e+00 -7.127861883956851385e-02 0.000000000000000000e+00
4.849999999996597921e+00 -3.027814901700272010e-01 0.000000000000000000e+00
4.899999999996595079e+00 -5.149578263886531726e-01 0.000000000000000000e+00
4.949999999996592237e+00 -6.945161829538359921e-01 0.000000000000000000e+00
4.999999999996589395e+00 -8.302317181113210154e-01 0.000000000000000000e+00
5.049999999996586553e+00 -9.136501852642392452e-01 0.000000000000000000e+00
5.099999999996583711e+00 -9.396131378773544540e-01 0.000000000000000000e+00
5.149999999996580868e+00 -9.065788516157592403e-01 0.000000000000000000e+00
5.199999999996578026e+00 -8.167118343912590506e-01 0.000000000000000000e+00
5.249999999996575184e+00 -6.757429129276690816e-01 0.000000000000000000e+00
5.299999999996572342e+00 -4.926017869153213047e-01 0.000000000000000000e+00
5.349999999996569500e+00 -2.788527742293974709e-01 0.000000000000000000e+00
5.399999999996566658e+00 -4.796227237934867077e-02 0.000000000000000000e+00
5.449999999996563815e+00 1.855484728789910109e-01 0.000000000000000000e+00
5.499999999996560973e+00 4.070191062413301974e-01 0.000000000000000000e+00
5.549999999996558131e+00 6.025694603020896878e-01 0.000000000000000000e+00
5.599999999996555289e+00 7.599718831289745680e-01 0.000000000000000000e+00
5.649999999996552447e+00 8.694145727844893035e-01 0.000000000000000000e+00
5.699999999996549604e+00 9.241153951251289689e-01 0.000000000000000000e+00
5.749999999996546762e+00 9.207405964947337207e-01 0.000000000000000000e+00
5.799999999996543920e+00 8.596097145002605799e-01 0.000000000000000000e+00
5.849999999996541078e+00 7.446669261677247853e-01 0.000000000000000000e+00
5.899999999996538236e+00 5.832283405884630678e-01 0.000000000000000000e+00
5.949999999996535394e+00 3.855142680748093742e-01 0.000000000000000000e+00
5.999999999996532551e+00 1.640035496884563182e-01 0.000000000000000000e+00
6.049999999996529709e+00 -6.735640151646329898e-02 0.000000000000000000e+00
6.099999999996526867e+00 -2.940266369140666081e-01 0.000000000000000000e+00
6.149999999996524025e+00 -5.017927672528856853e-01 0.000000000000000000e+00
6.199999999996521183e+00 -6.776551808217791129e-01 0.000000000000000000e+00
6.249999999996518341e+00 -8.106447657844448873e-01 0.000000000000000000e+00
6.299999999996515498e+00 -8.925057407827881040e-01 0.000000000000000000e+00
6.349999999996512656e+00 -9.182102364391613314e-01 0.000000000000000000e+00
6.399999999996509814e+00 -8.862653584198492140e-01 0.000000000000000000e+00
6.449999999996506972e+00 -7.988011595979238599e-01 0.000000000000000000e+00
6.499999999996504130e+00 -6.614271795446252655e-01 0.000000000000000000e+00
6.549999999996501288e+00 -4.828743574950474793e-01 0.000000000000000000e+00
6.599999999996498445e+00 -2.744380084795682295e-01 0.000000000000000000e+00
6.649999999996495603e+00 -4.926459973076038196e-02 0.000000000000000000e+00
6.699999999996492761e+00 1.784797890420358746e-01 0.000000000000000000e+00
6.749999999996489919e+00 3.944995057885660183e-01 0.000000000000000000e+00
6.799999999996487077e+00 5.852690926015546857e-01 0.000000000000000000e+00
6.849999999996484235e+00 7.388789215385713760e-01 0.000000000000000000e+00
6.899999999996481392e+00 8.457809821505544168e-01 0.000000000000000000e+00
6.949999999996478550e+00 8.993808987969524882e-01 0.000000000000000000e+00
6.999999999996475708e+00 8.964466429040243156e-01 0.000000000000000000e+00
7.049999999996472866e+00 8.373014053474248097e-01 0.000000000000000000e+00
7.099999999996470024e+00 7.257963380337513204e-01 0.000000000000000000e+00
7.149999999996467182e+00 5.690581225134476728e-01 0.000000000000000000e+00
7.199999999996464339e+00 3.770350917511718913e-01 0.000000000000000000e+00
7.249999999996461497e+00 1.618636297284174463e-01 0.000000000000000000e+00
7.299999999996458655e+00 -6.289757811253546271e-02 0.000000000000000000e+00
7.349999999996455813e+00 -2.831242957207253941e-01 0.000000000000000000e+00
7.399999999996452971e+00 -4.850131154431781555e-01 0.000000000000000000e+00
7.449999999996450128e+00 -6.559490050375916814e-01 0.000000000000000000e+00
7.499999999996447286e+00 -7.852922568123610336e-01 0.000000000000000000e+00
7.549999999996444444e+00 -8.650429234854362104e-01 0.000000000000000000e+00
7.599999999996441602e+00 -8.903340154432920484e-01 0.000000000000000000e+00
7.649999999996438760e+00 -8.597302543451085244e-01 0.000000000000000000e+00
7.699999999996435918e+00 -7.753068339279663990e-01 0.000000000000000000e+00
7.749999999996433075e+00 -6.425111668723473279e-01 0.000000000000000000e+00
7.799999999996430233e+00 -4.698095930813015464e-01 0.000000000000000000e+00
7.849999999996427391e+00 -2.681491704623859551e-01 0.000000000000000000e+00
7.899999999996424549e+00 -5.026156530149386570e-02 0.000000000000000000e+00
7.949999999996421707e+00 1.701394522030024170e-01 0.000000000000000000e+00
7.999999999996418865e+00 3.792235098216219513e-01 0.000000000000000000e+00
8.049999999996416022e+00 5.639102541287874804e-01 0.000000000000000000e+00
8.099999999996413180e+00 7.126899749245205751e-01 0.000000000000000000e+00
8.149999999996410338e+00 8.163394934096201982e-01 0.000000000000000000e+00
8.199999999996407496e+00 8.684959890996427623e-01 0.000000000000000000e+00
8.249999999996404654e+00 8.660458192770401631e-01 0.000000000000000000e+00
8.299999999996401812e+00 8.093118046217289141e-01 0.000000000000000000e+00
8.349999999996398969e+00 7.020205022359153890e-01 0.000000000000000000e+00
8.399999999996396127e+00 5.510595392348642818e-01 0.000000000000000000e+00
8.449999999996393285e+00 3.660335671396935942e-01 0.000000000000000000e+00
8.499999999996390443e+00 1.586547004936422200e-01 0.000000000000000000e+00
8.549999999996387601e+00 -5.800109000651156033e-02 0.000000000000000000e+00
8.599999999996384759e+00 -2.703171544864390596e-01 0.000000000000000000e+00
8.649999999996381916e+00 -4.649942972769311456e-01 0.000000000000000000e+00
8.699999999996379074e+00 -6.298825115411277320e-01 0.000000000000000000e+00
8.749999999996376232e+00 -7.547415116328893836e-01 0.000000000000000000e+00
8.799999999996373390e+00 -8.318751842672977848e-01 0.000000000000000000e+00
8.849999999996370548e+00 -8.566078824068432684e-01 0.000000000000000000e+00
8.899999999996367706e+00 -8.275658263234335621e-01 0.000000000000000000e+00
8.949999999996364863e+00 -7.467539506716611708e-01 0.000000000000000000e+00
8.999999999996362021e+00 -6.194167103390506579e-01 0.000000000000000000e+00
9.049999999996359179e+00 -4.536996831660028429e-01 0.000000000000000000e+00
9.099999999996356337e+00 -2.601265474294630620e-01 0.000000000000000000e+00
9.149999999996353495e+00 -5.093228072715796917e-02 0.000000000000000000e+00
9.199999999996350653e+00 1.607124071788568753e-01 0.000000000000000000e+00
9.249999999996347810e+00 3.615289573976721016e-01 0.000000000000000000e+00
9.299999999996344968e+00 5.389663551083083703e-01 0.000000000000000000e+00
9.349999999996342126e+00 6.819841798931614019e-01 0.000000000000000000e+00
9.399999999996339284e+00 7.817417015242221767e-01 0.000000000000000000e+00
9.449999999996336442e+00 8.321427192282543350e-01 0.000000000000000000e+00
9.499999999996333599e+00 8.302098330890476108e-01 0.000000000000000000e+00
9.549999999996330757e+00 7.762578968286097947e-01 0.000000000000000000e+00
9.599999999996327915e+00 6.738638806816129589e-01 0.000000000000000000e+00
9.649999999996325073e+00 5.296284139502923649e-01 0.000000000000000000e+00
9.699999999996322231e+00 3.527521410247133060e-01 0.000000000000000000e+00
9.749999999996319389e+00 1.544468042476696834e-01 0.000000000000000000e+00
9.799999999996316546e+00 -5.277395821439059831e-02 0.000000000000000000e+00
9.849999999996313704e+00 -2.558865007408623882e-01 0.000000000000000000e+00
9.899999999996310862e+00 -4.421743196947601762e-01 0.000000000000000000e+00
9.949999999996308020e+00 -6.000264547970497464e-01 0.000000000000000000e+00
9.999999999996305178e+00 -7.196596965583155203e-01 0.000000000000000000e+00
1.004999999999630234e+01 -7.937269529477007923e-01 0.000000000000000000e+00
1.009999999999629949e+01 -8.177666330407775686e-01 0.000000000000000000e+00
1.014999999999629665e+01 -7.904728661361237751e-01 0.000000000000000000e+00
1.019999999999629381e+01 -7.137629058117618275e-01 0.000000000000000000e+00
1.024999999999629097e+01 -5.926457060100461804e-01 0.000000000000000000e+00
1.029999999999628812e+01 -4.348933170023920880e-01 0.000000000000000000e+00
1.034999999999628528e+01 -2.505439394050040236e-01 0.000000000000000000e+00
1.039999999999628244e+01 -5.126111023737821293e-02 0.000000000000000000e+00
1.044999999999627960e+01 1.504027482447421460e-01 0.000000000000000000e+00
1.049999999999627676e+01 3.417992064784030060e-01 0.000000000000000000e+00
1.054999999999627391e+01 5.109757101856859940e-01 0.000000000000000000e+00
1.059999999999627107e+01 6.474241835749480201e-01 0.000000000000000000e+00
1.064999999999626823e+01 7.427321247232490098e-01 0.000000000000000000e+00
1.069999999999626539e+01 7.911031612734700236e-01 0.000000000000000000e+00
1.074999999999626255e+01 7.897075233376982251e-01 0.000000000000000000e+00
1.079999999999625970e+01 7.388485927553607446e-01 0.000000000000000000e+00
1.084999999999625686e+01 6.419284384815524547e-01 0.000000000000000000e+00
1.089999999999625402e+01 5.052228057706651398e-01 0.000000000000000000e+00
1.094999999999625118e+01 3.374730787098687568e-01 0.000000000000000000e+00
1.099999999999624833e+01 1.493290660119644953e-01 0.000000000000000000e+00
1.104999999999624549e+01 -4.732919863424592255e-02 0.000000000000000000e+00
1.109999999999624265e+01 -2.401400983517000265e-01 0.000000000000000000e+00
1.114999999999623981e+01 -4.170396612920735935e-01 0.000000000000000000e+00
1.119999999999623697e+01 -5.670148877194383097e-01 0.000000000000000000e+00
1.124999999999623412e+01 -6.807914635916614277e-01 0.000000000000000000e+00
1.129999999999623128e+01 -7.514055480114951724e-01 0.000000000000000000e+00
1.134999999999622844e+01 -7.746317332133781930e-01 0.000000000000000000e+00
1.139999999999622560e+01 -7.492335240197192103e-01 0.000000000000000000e+00
1.144999999999622275e+01 -6.770288946312512657e-01 0.000000000000000000e+00
1.149999999999621991e+01 -5.627602055421601079e-01 0.000000000000000000e+00
1.154999999999621707e+01 -4.137850187240370015e-01 0.000000000000000000e+00
1.159999999999621423e+01 -2.396005867877579742e-01 0.000000000000000000e+00
1.164999999999621139e+01 -5.124010658422313569e-02 0.000000000000000000e+00
1.169999999999620854e+01 1.394282408077660018e-01 0.000000000000000000e+00
1.174999999999620570e+01 3.204475431040188504e-01 0.000000000000000000e+00
1.179999999999620286e+01 4.805241355579823459e-01 0.000000000000000000e+00
1.184999999999620002e+01 6.097306150018022564e-01 0.000000000000000000e+00
1.189999999999619718e+01 7.001234949540051655e-01 0.000000000000000000e+00
1.194999999999619433e+01 7.462296781950671365e-01 0.000000000000000000e+00
1.199999999999619149e+01 7.453793498624304847e-01 0.000000000000000000e+00
1.204999999999618865e+01 6.978576695661429241e-01 0.000000000000000000e+00
1.209999999999618581e+01 6.068741300262601168e-01 0.000000000000000000e+00
1.214999999999618296e+01 4.783449150951342710e-01 0.000000000000000000e+00
1.219999999999618012e+01 3.205103404478042428e-01 0.000000000000000000e+00
1.224999999999617728e+01 1.434047055541260718e-01 0.000000000000000000e+00
1.229999999999617444e+01 -4.177993762386136845e-02 0.000000000000000000e+00
1.234999999999617160e+01 -2.234031511813681092e-01 0.000000000000000000e+00
1.239999999999616875e+01 -3.901062306473026542e-01 0.000000000000000000e+00
1.244999999999616591e+01 -5.315246761396890118e-01 0.000000000000000000e+00
1.249999999999616307e+01 -6.389308962482516119e-01 0.000000000000000000e+00
1.254999999999616023e+01 -7.057747001618193128e-01 0.000000000000000000e+00
1.259999999999615738e+01 -7.280806826644727892e-01 0.000000000000000000e+00
1.264999999999615454e+01 -7.046858390070616096e-01 0.000000000000000000e+00
1.269999999999615170e+01 -6.372958158032632214e-01 0.000000000000000000e+00
1.274999999999614886e+01 -5.303647490014419263e-01 0.000000000000000000e+00
1.279999999999614602e+01 -3.907996288806077634e-01 0.000000000000000000e+00
1.284999999999614317e+01 -2.275161999535979529e-01 0.000000000000000000e+00
1.289999999999614033e+01 -5.086750945090080106e-02 0.000000000000000000e+00
1.294999999999613749e+01 1.280108304836034827e-01 0.000000000000000000e+00
1.299999999999613465e+01 2.979046906930259420e-01 0.000000000000000000e+00
1.304999999999613181e+01 4.482228115373503297e-01 0.000000000000000000e+00
1.309999999999612896e+01 5.696590954448388366e-01 0.000000000000000000e+00
1.314999999999612612e+01 6.547669282226160625e-01 0.000000000000000000e+00
1.319999999999612328e+01 6.984175410378301585e-01 0.000000000000000000e+00
1.324999999999612044e+01 6.981067468328321368e-01 0.000000000000000000e+00
1.329999999999611759e+01 6.540992093133992658e-01 0.000000000000000000e+00
1.334999999999611475e+01 5.693945367845495431e-01 0.000000000000000000e+00
1.339999999999611191e+01 4.495258856296401873e-01 0.000000000000000000e+00
1.344999999999610907e+01 3.021970752880439592e-01 0.000000000000000000e+00
1.349999999999610623e+01 1.367894527805869898e-01 0.000000000000000000e+00
1.354999999999610338e+01 -3.623740354024262977e-02 0.000000000000000000e+00
1.359999999999610054e+01 -2.060053772134715078e-01 0.000000000000000000e+00
1.364999999999609770e+01 -3.619037676976991635e-01 0.000000000000000000e+00
1.369999999999609486e+01 -4.942507540621298157e-01 0.000000000000000000e+00
1.374999999999609201e+01 -5.948966138009073035e-01 0.000000000000000000e+00
1.379999999999608917e+01 -6.577236157909187586e-01 0.000000000000000000e+00
1.384999999999608633e+01 -6.790194309184194310e-01 0.000000000000000000e+00
1.389999999999608349e+01 -6.576937855365840857e-01 0.000000000000000000e+00
1.394999999999608065e+01 -5.953332875694182791e-01 0.000000000000000000e+00
1.399999999999607780e+01 -4.960843360442430683e-01 0.000000000000000000e+00
1.404999999999607496e+01 -3.663800755910197049e-01 0.000000000000000000e+00
1.409999999999607212e+01 -2.145218327152496607e-01 0.000000000000000000e+00
1.414999999999606928e+01 -5.014975669092811006e-02 0.000000000000000000e+00
1.419999999999606644e+01 1.163710955722295770e-01 0.000000000000000000e+00
1.424999999999606359e+01 2.746026116119419935e-01 0.000000000000000000e+00
1.429999999999606075e+01 4.146899335926111929e-01 0.000000000000000000e+00
1.434999999999605791e+01 5.279734241106120995e-01 0.000000000000000000e+00
1.439999999999605507e+01 6.075258152892648589e-01 0.000000000000000000e+00
1.444999999999605222e+01 6.485736875907536225e-01 0.000000000000000000e+00
1.449999999999604938e+01 6.487851957672452485e-01 0.000000000000000000e+00
1.454999999999604654e+01 6.083991865285542922e-01 0.000000000000000000e+00
1.459999999999604370e+01 5.301962333328611443e-01 0.000000000000000000e+00
1.464999999999604086e+01 4.193067387256893541e-01 0.000000000000000000e+00
1.469999999999603801e+01 2.828767970129025811e-01 0.000000000000000000e+00
1.474999999999603517e+01 1.296060015888638728e-01 0.000000000000000000e+00
1.479999999999603233e+01 -3.080536920106900431e-02 0.000000000000000000e+00
1.484999999999602949e+01 -1.882722198992767548e-01 0.000000000000000000e+00
1.489999999999602665e+01 -3.329568901497901301e-01 0.000000000000000000e+00
1.494999999999602380e+01 -4.558857182702289457e-01 0.000000000000000000e+00
1.499999999999602096e+01 -5.495036957830772284e-01 0.000000000000000000e+00
1.504999999999601812e+01 -6.081405123181937711e-01 0.000000000000000000e+00
1.509999999999601528e+01 -6.283516687365602316e-01 0.000000000000000000e+00
1.514999999999601243e+01 -6.091217610162721341e-01 0.000000000000000000e+00
1.519999999999600959e+01 -5.519104000265071530e-01 0.000000000000000000e+00
1.524999999999600675e+01 -4.605465978926902570e-01 0.000000000000000000e+00
1.529999999999600391e+01 -3.409715375965960971e-01 0.000000000000000000e+00
1.534999999999600107e+01 -2.008545357881768578e-01 0.000000000000000000e+00
1.539999999999599822e+01 -4.909940460466416523e-02 0.000000000000000000e+00
1.544999999999599538e+01 1.047194223167101368e-01 0.000000000000000000e+00
1.549999999999599254e+01 2.509628981724725261e-01 0.000000000000000000e+00
1.554999999999598970e+01 3.805295335970785842e-01 0.000000000000000000e+00
1.559999999999598685e+01 4.854237266186554045e-01 0.000000000000000000e+00
1.564999999999598401e+01 5.592471412728625690e-01 0.000000000000000000e+00
1.569999999999598117e+01 5.975905756029430416e-01 0.000000000000000000e+00
1.574999999999597833e+01 5.982947055973086847e-01 0.000000000000000000e+00
1.579999999999597549e+01 5.615719790011257651e-01 0.000000000000000000e+00
1.584999999999597264e+01 4.899752303092280159e-01 0.000000000000000000e+00
1.589999999999596980e+01 3.882237643139860306e-01 0.000000000000000000e+00
1.594999999999596696e+01 2.628910423126681328e-01 0.000000000000000000e+00
1.599999999999596412e+01 1.219822368127019274e-01 0.000000000000000000e+00
1.604999999999596128e+01 -2.557886076944673737e-02 0.000000000000000000e+00
1.609999999999595843e+01 -1.705130475643488464e-01 0.000000000000000000e+00
1.614999999999595559e+01 -3.037711460692453236e-01 0.000000000000000000e+00
1.619999999999595275e+01 -4.170970700431418376e-01 0.000000000000000000e+00
1.624999999999594991e+01 -5.035411555700264330e-01 0.000000000000000000e+00
1.629999999999594706e+01 -5.578841720477851762e-01 0.000000000000000000e+00
1.634999999999594422e+01 -5.769538438517756163e-01 0.000000000000000000e+00
1.639999999999594138e+01 -5.598070328527642303e-01 0.000000000000000000e+00
1.644999999999593854e+01 -5.077748977080798198e-01 0.000000000000000000e+00
1.649999999999593570e+01 -4.243613910845118742e-01 0.000000000000000000e+00
1.654999999999593285e+01 -3.150102888114373889e-01 0.000000000000000000e+00
1.659999999999593001e+01 -1.867484976969178700e-01 0.000000000000000000e+00
1.664999999999592717e+01 -4.773667548155775819e-02 0.000000000000000000e+00
1.669999999999592433e+01 9.325181309552768583e-02 0.000000000000000000e+00
1.674999999999592148e+01 2.273826362865802031e-01 0.000000000000000000e+00
1.679999999999591864e+01 3.463159488760577664e-01 0.000000000000000000e+00
1.684999999999591580e+01 4.427229196290057844e-01 0.000000000000000000e+00
1.689999999999591296e+01 5.107390729763852111e-01 0.000000000000000000e+00
1.694999999999591012e+01 5.463186855777402151e-01 0.000000000000000000e+00
1.699999999999590727e+01 5.474765883650380971e-01 0.000000000000000000e+00
1.704999999999590443e+01 5.143952274276908376e-01 0.000000000000000000e+00
1.709999999999590159e+01 4.493991083954330668e-01 0.000000000000000000e+00
1.714999999999589875e+01 3.567913727734286500e-01 0.000000000000000000e+00
1.719999999999589591e+01 2.425716141703251894e-01 0.000000000000000000e+00
1.724999999999589306e+01 1.140456532586697908e-01 0.000000000000000000e+00
1.729999999999589022e+01 -2.063962175284415543e-02 0.000000000000000000e+00
1.734999999999588738e+01 -1.530145017667955409e-01 0.000000000000000000e+00
1.739999999999588454e+01 -2.748170662082574101e-01 0.000000000000000000e+00
1.744999999999588169e+01 -3.785106883454856241e-01 0.000000000000000000e+00
1.749999999999587885e+01 -4.577482514887500908e-01 0.000000000000000000e+00
1.754999999999587601e+01 -5.077622781442681088e-01 0.000000000000000000e+00
1.759999999999587317e+01 -5.256492250517801335e-01 0.000000000000000000e+00
1.764999999999587033e+01 -5.105388317188217506e-01 0.000000000000000000e+00
1.769999999999586748e+01 -4.636309141590375105e-01 0.000000000000000000e+00
1.774999999999586464e+01 -3.881062147837328058e-01 0.000000000000000000e+00
1.779999999999586180e+01 -2.889099728923954502e-01 0.000000000000000000e+00
1.784999999999585896e+01 -1.724306613076769523e-01 0.000000000000000000e+00
1.789999999999585611e+01 -4.608692326653628102e-02 0.000000000000000000e+00
1.794999999999585327e+01 8.214279235459481798e-02 0.000000000000000000e+00
1.799999999999585043e+01 2.042259031907547040e-01 0.000000000000000000e+00
1.804999999999584759e+01 3.125768068555014323e-01 0.000000000000000000e+00
1.809999999999584475e+01 4.005300118926788944e-01 0.000000000000000000e+00
1.814999999999584190e+01 4.627479495589593705e-01 0.000000000000000000e+00
1.819999999999583906e+01 4.955463792742764162e-01 0.000000000000000000e+00
1.824999999999583622e+01 4.971097291212271396e-01 0.000000000000000000e+00
1.829999999999583338e+01 4.675917087953798124e-01 0.000000000000000000e+00
1.834999999999583054e+01 4.090878678706971194e-01 0.000000000000000000e+00
1.839999999999582769e+01 3.254908002644145704e-01 0.000000000000000000e+00
1.844999999999582485e+01 2.222300527200726239e-01 0.000000000000000000e+00
1.849999999999582201e+01 1.059219191064625226e-01 0.000000000000000000e+00
1.854999999999581917e+01 -1.605618467362111834e-02 0.000000000000000000e+00
1.859999999999581632e+01 -1.360315280908760971e-01 0.000000000000000000e+00
1.864999999999581348e+01 -2.465205364084436246e-01 0.000000000000000000e+00
1.869999999999581064e+01 -3.406934549171295457e-01 0.000000000000000000e+00
1.874999999999580780e+01 -4.127982611980680616e-01 0.000000000000000000e+00
1.879999999999580496e+01 -4.585096280074590913e-01 0.000000000000000000e+00
1.884999999999580211e+01 -4.751897031857011955e-01 0.000000000000000000e+00
1.889999999999579927e+01 -4.620371094142461388e-01 0.000000000000000000e+00
1.894999999999579643e+01 -4.201237707852852887e-01 0.000000000000000000e+00
1.899999999999579359e+01 -3.523101855486203693e-01 0.000000000000000000e+00
1.904999999999579074e+01 -2.630534829439775679e-01 0.000000000000000000e+00
1.909999999999578790e+01 -1.581131599759094675e-01 0.000000000000000000e+00
1.914999999999578506e+01 -4.418180838537544286e-02 0.000000000000000000e+00
1.919999999999578222e+01 7.154344780024937678e-02 0.000000000000000000e+00
1.924999999999577938e+01 1.818134358444748466e-01 0.000000000000000000e+00
1.929999999999577653e+01 2.797828506115400127e-01 0.000000000000000000e+00
1.934999999999577369e+01 3.594329862309464940e-01 0.000000000000000000e+00
1.939999999999577085e+01 4.159431551449318532e-01 0.000000000000000000e+00
1.944999999999576801e+01 4.459799259780410918e-01 0.000000000000000000e+00
1.949999999999576517e+01 4.478948427481439509e-01 0.000000000000000000e+00
1.954999999999576232e+01 4.218109692735374505e-01 0.000000000000000000e+00
1.959999999999575948e+01 3.696018750129954067e-01 0.000000000000000000e+00
1.964999999999575664e+01 2.947572312915912596e-01 0.000000000000000000e+00
1.969999999999575380e+01 2.021524999420636348e-01 0.000000000000000000e+00
1.974999999999575095e+01 9.772987706817347353e-02 0.000000000000000000e+00
1.979999999999574811e+01 -1.188066740524851631e-02 0.000000000000000000e+00
1.984999999999574527e+01 -1.197841094993148114e-01 0.000000000000000000e+00
1.989999999999574243e+01 -2.192519019629445842e-01 0.000000000000000000e+00
1.994999999999573959e+01 -3.041433397450974407e-01 0.000000000000000000e+00
