4.999999999999715783e-02 nan 0.000000000000000000e+00
1.499999999999914735e-01 -7.185195027851835725e+00 0.000000000000000000e+00
2.499999999999857891e-01 -6.582514765465158568e+00 0.000000000000000000e+00
3.499999999999801048e-01 -6.224102099630654195e+00 0.000000000000000000e+00
4.499999999999744205e-01 -5.965125419212690794e+00 0.000000000000000000e+00
5.499999999999687361e-01 -5.760050661569609431e+00 0.000000000000000000e+00
6.499999999999630518e-01 -5.588991476778644163e+00 0.000000000000000000e+00
7.499999999999573674e-01 -5.441954301213546508e+00 0.000000000000000000e+00
8.499999999999516831e-01 -5.313812275406237795e+00 0.000000000000000000e+00
9.499999999999459988e-01 -5.202333311439416796e+00 0.000000000000000000e+00
1.049999999999940314e+00 -5.107257467884095625e+00 0.000000000000000000e+00
1.149999999999934630e+00 -5.029683600217113693e+00 0.000000000000000000e+00
1.249999999999928946e+00 -4.971399603384484500e+00 0.000000000000000000e+00
1.349999999999923261e+00 -4.934013027789129424e+00 0.000000000000000000e+00
1.449999999999917577e+00 -4.918014194877242673e+00 0.000000000000000000e+00
1.549999999999911893e+00 -4.922141683477859075e+00 0.000000000000000000e+00
1.649999999999906208e+00 -4.943367158555420637e+00 0.000000000000000000e+00
1.749999999999900524e+00 -4.977445729945857877e+00 0.000000000000000000e+00
1.849999999999894840e+00 -5.019655201330905037e+00 0.000000000000000000e+00
1.949999999999889155e+00 -5.065370132881504617e+00 0.000000000000000000e+00
2.049999999999883471e+00 -5.110364303878913717e+00 0.000000000000000000e+00
2.149999999999877787e+00 -5.150935786794637927e+00 0.000000000000000000e+00
2.249999999999872102e+00 -5.183998724566160732e+00 0.000000000000000000e+00
2.349999999999866418e+00 -5.207228778315035278e+00 0.000000000000000000e+00
2.449999999999860734e+00 -5.219253918231162359e+00 0.000000000000000000e+00
2.549999999999855049e+00 -5.219805201236887626e+00 0.000000000000000000e+00
2.649999999999849365e+00 -5.209729369942604826e+00 0.000000000000000000e+00
2.749999999999843681e+00 -5.190826372843022618e+00 0.000000000000000000e+00
2.849999999999837996e+00 -5.165561432208582104e+00 0.000000000000000000e+00
2.949999999999832312e+00 -5.136745061002402579e+00 0.000000000000000000e+00
3.049999999999826628e+00 -5.107252865471463288e+00 0.000000000000000000e+00
3.149999999999820943e+00 -5.079804302552739514e+00 0.000000000000000000e+00
3.249999999999815259e+00 -5.056780925331562315e+00 0.000000000000000000e+00
3.349999999999809575e+00 -5.040060654421297137e+00 0.000000000000000000e+00
3.449999999999803890e+00 -5.030867482527929369e+00 0.000000000000000000e+00
3.549999999999798206e+00 -5.029663825928341048e+00 0.000000000000000000e+00
3.649999999999792522e+00 -5.036122205665957807e+00 0.000000000000000000e+00
3.749999999999786837e+00 -5.049195201271341027e+00 0.000000000000000000e+00
3.849999999999781153e+00 -5.067269679043808317e+00 0.000000000000000000e+00
3.949999999999775468e+00 -5.088367259626579653e+00 0.000000000000000000e+00
4.049999999999769784e+00 -5.110351983416586030e+00 0.000000000000000000e+00
4.149999999999764100e+00 -5.131122813413305117e+00 0.000000000000000000e+00
4.249999999999758415e+00 -5.148786237067687566e+00 0.000000000000000000e+00
4.349999999999752731e+00 -5.161810256189646395e+00 0.000000000000000000e+00
4.449999999999747047e+00 -5.169154369297909390e+00 0.000000000000000000e+00
4.549999999999741362e+00 -5.170359437739920239e+00 0.000000000000000000e+00
4.649999999999735678e+00 -5.165577910603818879e+00 0.000000000000000000e+00
4.749999999999729994e+00 -5.155534188995993361e+00 0.000000000000000000e+00
4.849999999999724309e+00 -5.141422291223251229e+00 0.000000000000000000e+00
4.949999999999718625e+00 -5.124762242792107791e+00 0.000000000000000000e+00
5.049999999999712941e+00 -5.107239930003593109e+00 0.000000000000000000e+00
5.149999999999707256e+00 -5.090548407835980171e+00 0.000000000000000000e+00
5.249999999999701572e+00 -5.076239619837461525e+00 0.000000000000000000e+00
5.349999999999695888e+00 -5.065591129692013972e+00 0.000000000000000000e+00
5.449999999999690203e+00 -5.059494712893485513e+00 0.000000000000000000e+00
5.549999999999684519e+00 -5.058378388018668126e+00 0.000000000000000000e+00
5.649999999999678835e+00 -5.062174803934721190e+00 0.000000000000000000e+00
5.749999999999673150e+00 -5.070343206107894574e+00 0.000000000000000000e+00
5.849999999999667466e+00 -5.081941646850312466e+00 0.000000000000000000e+00
5.949999999999661782e+00 -5.095736375354793957e+00 0.000000000000000000e+00
6.049999999999656097e+00 -5.110331490357415518e+00 0.000000000000000000e+00
6.149999999999650413e+00 -5.124304148651694035e+00 0.000000000000000000e+00
6.249999999999644729e+00 -5.136335213612203354e+00 0.000000000000000000e+00
6.349999999999639044e+00 -5.145327918387216037e+00 0.000000000000000000e+00
6.449999999999633360e+00 -5.150506504784272188e+00 0.000000000000000000e+00
6.549999999999627676e+00 -5.151484902313988812e+00 0.000000000000000000e+00
6.649999999999621991e+00 -5.148295840829616665e+00 0.000000000000000000e+00
6.749999999999616307e+00 -5.141375437998756404e+00 0.000000000000000000e+00
6.849999999999610623e+00 -5.131505944158423205e+00 0.000000000000000000e+00
6.949999999999604938e+00 -5.119726389593677318e+00 0.000000000000000000e+00
7.049999999999599254e+00 -5.107224093039429036e+00 0.000000000000000000e+00
7.149999999999593570e+00 -5.095219115754836103e+00 0.000000000000000000e+00
7.249999999999587885e+00 -5.084850930146821213e+00 0.000000000000000000e+00
7.349999999999582201e+00 -5.077074701742279927e+00 0.000000000000000000e+00
7.449999999999576517e+00 -5.072574607535132785e+00 0.000000000000000000e+00
7.549999999999570832e+00 -5.071702518688209871e+00 0.000000000000000000e+00
7.649999999999565148e+00 -5.074449764140622321e+00 0.000000000000000000e+00
7.749999999999559464e+00 -5.080456271894381537e+00 0.000000000000000000e+00
7.849999999999553779e+00 -5.089055704635079280e+00 0.000000000000000000e+00
7.949999999999548095e+00 -5.099349720158833144e+00 0.000000000000000000e+00
8.049999999999542410e+00 -5.110301321237309402e+00 0.000000000000000000e+00
8.149999999999536726e+00 -5.120837006015785953e+00 0.000000000000000000e+00
8.249999999999531042e+00 -5.129948747907093320e+00 0.000000000000000000e+00
8.349999999999525357e+00 -5.136787997571046205e+00 0.000000000000000000e+00
8.449999999999519673e+00 -5.140744107746427538e+00 0.000000000000000000e+00
8.549999999999513989e+00 -5.141499536523910230e+00 0.000000000000000000e+00
8.649999999999508304e+00 -5.139055353828365647e+00 0.000000000000000000e+00
8.749999999999502620e+00 -5.133723785343021540e+00 0.000000000000000000e+00
8.849999999999496936e+00 -5.126089237680090172e+00 0.000000000000000000e+00
8.949999999999491251e+00 -5.116943669505582548e+00 0.000000000000000000e+00
9.049999999999485567e+00 -5.107204789780705134e+00 0.000000000000000000e+00
9.149999999999479883e+00 -5.097825922899485107e+00 0.000000000000000000e+00
9.249999999999474198e+00 -5.089705504629705501e+00 0.000000000000000000e+00
9.349999999999468514e+00 -5.083603252600264355e+00 0.000000000000000000e+00
9.449999999999462830e+00 -5.080069808024360256e+00 0.000000000000000000e+00
9.549999999999457145e+00 -5.079396498379185942e+00 0.000000000000000000e+00
9.649999999999451461e+00 -5.081590887581118210e+00 0.000000000000000000e+00
9.749999999999445777e+00 -5.086381183938740058e+00 0.000000000000000000e+00
9.849999999999440092e+00 -5.093248819186958265e+00 0.000000000000000000e+00
9.949999999999434408e+00 -5.101484728722996742e+00 0.000000000000000000e+00
1.004999999999942872e+01 -5.110262355966134429e+00 0.000000000000000000e+00
1.014999999999942304e+01 -5.118719520975246517e+00 0.000000000000000000e+00
1.024999999999941735e+01 -5.126041552579243543e+00 0.000000000000000000e+00
1.034999999999941167e+01 -5.131538590500119845e+00 0.000000000000000000e+00
1.044999999999940599e+01 -5.134710303419213417e+00 0.000000000000000000e+00
1.054999999999940030e+01 -5.135291748709558846e+00 0.000000000000000000e+00
1.064999999999939462e+01 -5.133275400570212810e+00 0.000000000000000000e+00
1.074999999999938893e+01 -5.128906913140762747e+00 0.000000000000000000e+00
1.084999999999938325e+01 -5.122655536737042326e+00 0.000000000000000000e+00
1.094999999999937756e+01 -5.115163327640665614e+00 0.000000000000000000e+00
1.104999999999937188e+01 -5.107179379109980211e+00 0.000000000000000000e+00
1.114999999999936620e+01 -5.099486046457302635e+00 0.000000000000000000e+00
1.124999999999936051e+01 -5.092823910397214604e+00 0.000000000000000000e+00
1.134999999999935483e+01 -5.087821803605272031e+00 0.000000000000000000e+00
1.144999999999934914e+01 -5.084937886287050901e+00 0.000000000000000000e+00
1.154999999999934346e+01 -5.084417359637762424e+00 0.000000000000000000e+00
1.164999999999933777e+01 -5.086271311330968992e+00 0.000000000000000000e+00
1.174999999999933209e+01 -5.090279131527659651e+00 0.000000000000000000e+00
1.184999999999932641e+01 -5.096014085400217830e+00 0.000000000000000000e+00
1.194999999999932072e+01 -5.102888796595254739e+00 0.000000000000000000e+00
1.204999999999931504e+01 -5.110215297849546978e+00 0.000000000000000000e+00
1.214999999999930935e+01 -5.117273307091636525e+00 0.000000000000000000e+00
1.224999999999930367e+01 -5.123380216117736197e+00 0.000000000000000000e+00
1.234999999999929798e+01 -5.127956495893259969e+00 0.000000000000000000e+00
1.244999999999929230e+01 -5.130580565131539927e+00 0.000000000000000000e+00
1.254999999999928662e+01 -5.131027791830535811e+00 0.000000000000000000e+00
1.264999999999928093e+01 -5.129289579337728000e+00 0.000000000000000000e+00
1.274999999999927525e+01 -5.125570577108978121e+00 0.000000000000000000e+00
1.284999999999926956e+01 -5.120264695568599755e+00 0.000000000000000000e+00
1.294999999999926388e+01 -5.113913095270381959e+00 0.000000000000000000e+00
1.304999999999925819e+01 -5.107149096972774416e+00 0.000000000000000000e+00
1.314999999999925251e+01 -5.100635745583509184e+00 0.000000000000000000e+00
1.324999999999924682e+01 -5.095001862914267932e+00 0.000000000000000000e+00
1.334999999999924114e+01 -5.090782184044003067e+00 0.000000000000000000e+00
1.344999999999923546e+01 -5.088366885971213449e+00 0.000000000000000000e+00
1.354999999999922977e+01 -5.087965287500608724e+00 0.000000000000000000e+00
1.364999999999922409e+01 -5.089587479472705844e+00 0.000000000000000000e+00
1.374999999999921840e+01 -5.093045880099709599e+00 0.000000000000000000e+00
1.384999999999921272e+01 -5.097976452161970151e+00 0.000000000000000000e+00
1.394999999999920703e+01 -5.103877017562290952e+00 0.000000000000000000e+00
1.404999999999920135e+01 -5.110158343711156625e+00 0.000000000000000000e+00
1.414999999999919567e+01 -5.116202666498369744e+00 0.000000000000000000e+00
1.424999999999918998e+01 -5.121423986461738131e+00 0.000000000000000000e+00
1.434999999999918430e+01 -5.125324544253816228e+00 0.000000000000000000e+00
1.444999999999917861e+01 -5.127542207190368018e+00 0.000000000000000000e+00
1.454999999999917293e+01 -5.127884163747848945e+00 0.000000000000000000e+00
1.464999999999916724e+01 -5.126343514331695772e+00 0.000000000000000000e+00
1.474999999999916156e+01 -5.123097147712383226e+00 0.000000000000000000e+00
1.484999999999915588e+01 -5.118485435724478450e+00 0.000000000000000000e+00
1.494999999999915019e+01 -5.112976336493006535e+00 0.000000000000000000e+00
1.504999999999914451e+01 -5.107117986363162387e+00 0.000000000000000000e+00
1.514999999999913882e+01 -5.101484666463800721e+00 0.000000000000000000e+00
1.524999999999913314e+01 -5.096621229562745548e+00 0.000000000000000000e+00
1.534999999999912745e+01 -5.092990984302813828e+00 0.000000000000000000e+00
1.544999999999912177e+01 -5.090931738968007991e+00 0.000000000000000000e+00
1.554999999999911608e+01 -5.090624194079433451e+00 0.000000000000000000e+00
1.564999999999911040e+01 -5.092075886896967774e+00 0.000000000000000000e+00
1.574999999999910472e+01 -5.095122392743006046e+00 0.000000000000000000e+00
1.584999999999909903e+01 -5.099445576494045618e+00 0.000000000000000000e+00
1.594999999999909335e+01 -5.104606784194856139e+00 0.000000000000000000e+00
1.604999999999908766e+01 -5.110091318706452057e+00 0.000000000000000000e+00
1.614999999999908198e+01 -5.115359597459796070e+00 0.000000000000000000e+00
1.624999999999907629e+01 -5.119899985871628090e+00 0.000000000000000000e+00
1.634999999999907061e+01 -5.123278303341050055e+00 0.000000000000000000e+00
1.644999999999906493e+01 -5.125179307443665344e+00 0.000000000000000000e+00
1.654999999999905924e+01 -5.125436119381399536e+00 0.000000000000000000e+00
1.664999999999905356e+01 -5.124044673123157700e+00 0.000000000000000000e+00
1.674999999999904787e+01 -5.121161834578624727e+00 0.000000000000000000e+00
1.684999999999904219e+01 -5.117087667765891190e+00 0.000000000000000000e+00
1.694999999999903650e+01 -5.112234036708562357e+00 0.000000000000000000e+00
1.704999999999903082e+01 -5.107083041244910859e+00 0.000000000000000000e+00
1.714999999999902514e+01 -5.102139514670722242e+00 0.000000000000000000e+00
1.724999999999901945e+01 -5.097882089803937866e+00 0.000000000000000000e+00
1.734999999999901377e+01 -5.094717283863329449e+00 0.000000000000000000e+00
1.744999999999900808e+01 -5.092940811133665591e+00 0.000000000000000000e+00
1.754999999999900240e+01 -5.092709803863265883e+00 0.000000000000000000e+00
1.764999999999899671e+01 -5.094028737561532516e+00 0.000000000000000000e+00
1.774999999999899103e+01 -5.096750517360973731e+00 0.000000000000000000e+00
1.784999999999898534e+01 -5.100592566074531042e+00 0.000000000000000000e+00
1.794999999999897966e+01 -5.105166104754963463e+00 0.000000000000000000e+00
1.804999999999897398e+01 -5.110015472256380420e+00 0.000000000000000000e+00
1.814999999999896829e+01 -5.114663435830802740e+00 0.000000000000000000e+00
1.824999999999896261e+01 -5.118658029032642887e+00 0.000000000000000000e+00
1.834999999999895692e+01 -5.121616415482335150e+00 0.000000000000000000e+00
1.844999999999895124e+01 -5.123261566616403861e+00 0.000000000000000000e+00
1.854999999999894555e+01 -5.123448181259321110e+00 0.000000000000000000e+00
1.864999999999893987e+01 -5.122175304776369842e+00 0.000000000000000000e+00
1.874999999999893419e+01 -5.119584507681650187e+00 0.000000000000000000e+00
1.884999999999892850e+01 -5.115944055231740784e+00 0.000000000000000000e+00
1.894999999999892282e+01 -5.111620991042530981e+00 0.000000000000000000e+00
1.904999999999891713e+01 -5.107044184871414316e+00 0.000000000000000000e+00
1.914999999999891145e+01 -5.102662089176313920e+00 0.000000000000000000e+00
1.924999999999890576e+01 -5.098899215663288409e+00 0.000000000000000000e+00
1.934999999999890008e+01 -5.096115341408652633e+00 0.000000000000000000e+00
1.944999999999889440e+01 -5.094571203571105045e+00 0.000000000000000000e+00
1.954999999999888871e+01 -5.094403958990680437e+00 0.000000000000000000e+00
1.964999999999888303e+01 -5.095614846129094211e+00 0.000000000000000000e+00
1.974999999999887734e+01 -5.098070317847031241e+00 0.000000000000000000e+00
1.984999999999887166e+01 -5.101516486806962014e+00 0.000000000000000000e+00
1.994999999999886597e+01 -5.105605305402335148e+00 0.000000000000000000e+00
2.004999999999886029e+01 -5.109929697360336753e+00 0.000000000000000000e+00
2.014999999999885461e+01 -5.114064044988609226e+00 0.000000000000000000e+00
2.024999999999884892e+01 -5.117606020954002410e+00 0.000000000000000000e+00
2.034999999999884324e+01 -5.120215704594419215e+00 0.000000000000000000e+00
2.044999999999883755e+01 -5.121648197529702351e+00 0.000000000000000000e+00
2.054999999999883187e+01 -5.121776558803589730e+00 0.000000000000000000e+00
2.064999999999882618e+01 -5.120602838196251838e+00 0.000000000000000000e+00
2.074999999999882050e+01 -5.118256230274995211e+00 0.000000000000000000e+00
2.084999999999881481e+01 -5.114978762618539676e+00 0.000000000000000000e+00
2.094999999999880913e+01 -5.111100217227138920e+00 0.000000000000000000e+00
2.104999999999880345e+01 -5.107004997538113322e+00 0.000000000000000000e+00
2.114999999999879776e+01 -5.103094270308445424e+00 0.000000000000000000e+00
2.124999999999879208e+01 -5.099746997427430095e+00 0.000000000000000000e+00
2.134999999999878639e+01 -5.097283464665467001e+00 0.000000000000000000e+00
2.144999999999878071e+01 -5.095934701059478655e+00 0.000000000000000000e+00
2.154999999999877502e+01 -5.095820702132201951e+00 0.000000000000000000e+00
2.164999999999876934e+01 -5.096939616202987189e+00 0.000000000000000000e+00
2.174999999999876366e+01 -5.099168985777297713e+00 0.000000000000000000e+00
2.184999999999875797e+01 -5.102278893279745375e+00 0.000000000000000000e+00
2.194999999999875229e+01 -5.105955594297090450e+00 0.000000000000000000e+00
2.204999999999874660e+01 -5.109833157879958065e+00 0.000000000000000000e+00
2.214999999999874092e+01 -5.113529879220701346e+00 0.000000000000000000e+00
2.224999999999873523e+01 -5.116685841979389693e+00 0.000000000000000000e+00
2.234999999999872955e+01 -5.118997954072201040e+00 0.000000000000000000e+00
2.244999999999872387e+01 -5.120249045000410781e+00 0.000000000000000000e+00
2.254999999999871818e+01 -5.120328192989429539e+00 0.000000000000000000e+00
2.264999999999871250e+01 -5.119240331160781032e+00 0.000000000000000000e+00
2.274999999999870681e+01 -5.117104311618015267e+00 0.000000000000000000e+00
2.284999999999870113e+01 -5.114139824124334766e+00 0.000000000000000000e+00
2.294999999999869544e+01 -5.110644708291563809e+00 0.000000000000000000e+00
2.304999999999868976e+01 -5.106965078470027564e+00 0.000000000000000000e+00
2.314999999999868407e+01 -5.103461256143238423e+00 0.000000000000000000e+00
2.324999999999867839e+01 -5.100472756625573645e+00 0.000000000000000000e+00
2.334999999999867271e+01 -5.098285595225776845e+00 0.000000000000000000e+00
2.344999999999866702e+01 -5.097104958398844587e+00 0.000000000000000000e+00
2.354999999999866134e+01 -5.097035852733970529e+00 0.000000000000000000e+00
2.364999999999865565e+01 -5.098073633305292951e+00 0.000000000000000000e+00
2.374999999999864997e+01 -5.100105369511957143e+00 0.000000000000000000e+00
2.384999999999864428e+01 -5.102921887604171758e+00 0.000000000000000000e+00
2.394999999999863860e+01 -5.106239218457940154e+00 0.000000000000000000e+00
2.404999999999863292e+01 -5.109727215214785012e+00 0.000000000000000000e+00
2.414999999999862723e+01 -5.113042424192861368e+00 0.000000000000000000e+00
2.424999999999862155e+01 -5.115861923519532617e+00 0.000000000000000000e+00
2.434999999999861586e+01 -5.117914794988549509e+00 0.000000000000000000e+00
2.444999999999861018e+01 -5.119008147767120320e+00 0.000000000000000000e+00
2.454999999999860449e+01 -5.119045158412298235e+00 0.000000000000000000e+00
2.464999999999859881e+01 -5.118033413596177361e+00 0.000000000000000000e+00
2.474999999999859313e+01 -5.116082857625015912e+00 0.000000000000000000e+00
2.484999999999858744e+01 -5.113393743682234316e+00 0.000000000000000000e+00
2.494999999999858176e+01 -5.110235986979533074e+00 0.000000000000000000e+00
2.504999999999857607e+01 -5.106922113787045525e+00 0.000000000000000000e+00
2.514999999999857039e+01 -5.103776502532696213e+00 0.000000000000000000e+00
2.524999999999856470e+01 -5.101103860294445624e+00 0.000000000000000000e+00
2.534999999999855902e+01 -5.099159875874600623e+00 0.000000000000000000e+00
2.544999999999855333e+01 -5.098126797528179210e+00 0.000000000000000000e+00
2.554999999999854765e+01 -5.098096258632109468e+00 0.000000000000000000e+00
2.564999999999854197e+01 -5.099061036274190606e+00 0.000000000000000000e+00
2.574999999999853628e+01 -5.100916562222901796e+00 0.000000000000000000e+00
2.584999999999853060e+01 -5.103472022161621879e+00 0.000000000000000000e+00
2.594999999999852491e+01 -5.106469880359084001e+00 0.000000000000000000e+00
2.604999999999851923e+01 -5.109611814165202048e+00 0.000000000000000000e+00
2.614999999999851354e+01 -5.112588418326832418e+00 0.000000000000000000e+00
2.624999999999850786e+01 -5.115109705235806103e+00 0.000000000000000000e+00
2.634999999999850218e+01 -5.116933381839926298e+00 0.000000000000000000e+00
2.644999999999849649e+01 -5.117888124277321538e+00 0.000000000000000000e+00
2.654999999999849081e+01 -5.117889585363315064e+00 0.000000000000000000e+00
2.664999999999848512e+01 -5.116947621137407864e+00 0.000000000000000000e+00
2.674999999999847944e+01 -5.115164149224287193e+00 0.000000000000000000e+00
2.684999999999847375e+01 -5.112722023042182151e+00 0.000000000000000000e+00
2.694999999999846807e+01 -5.109866206309732206e+00 0.000000000000000000e+00
2.704999999999846239e+01 -5.106879230125406011e+00 0.000000000000000000e+00
2.714999999999845670e+01 -5.104053381898120634e+00 0.000000000000000000e+00
2.724999999999845102e+01 -5.101662285706883182e+00 0.000000000000000000e+00
2.734999999999844533e+01 -5.099934543559441202e+00 0.000000000000000000e+00
2.744999999999843965e+01 -5.099031905041456092e+00 0.000000000000000000e+00
2.754999999999843396e+01 -5.099034047466941111e+00 0.000000000000000000e+00
2.764999999999842828e+01 -5.099931444886262710e+00 0.000000000000000000e+00
2.774999999999842260e+01 -5.101627033797734967e+00 0.000000000000000000e+00
2.784999999999841691e+01 -5.103946490886118958e+00 0.000000000000000000e+00
2.794999999999841123e+01 -5.106656057917987823e+00 0.000000000000000000e+00
2.804999999999840554e+01 -5.109486077808556459e+00 0.000000000000000000e+00
2.814999999999839986e+01 -5.112157850515658630e+00 0.000000000000000000e+00
2.824999999999839417e+01 -5.114411112712758722e+00 0.000000000000000000e+00
2.834999999999838849e+01 -5.116029412728854808e+00 0.000000000000000000e+00
2.844999999999838280e+01 -5.116860883801318316e+00 0.000000000000000000e+00
2.854999999999837712e+01 -5.116832397402463428e+00 0.000000000000000000e+00
2.864999999999837144e+01 -5.115955772899379639e+00 0.000000000000000000e+00
2.874999999999836575e+01 -5.114325549715352359e+00 0.000000000000000000e+00
2.884999999999836007e+01 -5.112108703489016470e+00 0.000000000000000000e+00
2.894999999999835438e+01 -5.109527476898072962e+00 0.000000000000000000e+00
2.904999999999834870e+01 -5.106837127931227016e+00 0.000000000000000000e+00
2.914999999999834301e+01 -5.104300804314927831e+00 0.000000000000000000e+00
2.924999999999833733e+01 -5.102163955702643250e+00 0.000000000000000000e+00
2.934999999999833165e+01 -5.100630686759965116e+00 0.000000000000000000e+00
2.944999999999832596e+01 -5.099844276232476048e+00 0.000000000000000000e+00
2.954999999999832028e+01 -5.099873712685178084e+00 0.000000000000000000e+00
2.964999999999831459e+01 -5.100707555869342436e+00 0.000000000000000000e+00
2.974999999999830891e+01 -5.102255723116477348e+00 0.000000000000000000e+00
2.984999999999830322e+01 -5.104359011163743354e+00 0.000000000000000000e+00
2.994999999999829754e+01 -5.106805368381832189e+00 0.000000000000000000e+00
3.004999999999829186e+01 -5.109351250183248538e+00 0.000000000000000000e+00
3.014999999999828617e+01 -5.111745885765146546e+00 0.000000000000000000e+00
3.024999999999828049e+01 -5.113756015482086248e+00 0.000000000000000000e+00
3.034999999999827480e+01 -5.115188634034636195e+00 0.000000000000000000e+00
3.044999999999826912e+01 -5.115909496380806942e+00 0.000000000000000000e+00
3.054999999999826343e+01 -5.115855593133318280e+00 0.000000000000000000e+00
3.064999999999825775e+01 -5.115040435760812798e+00 0.000000000000000000e+00
3.074999999999825206e+01 -5.113551749025346815e+00 0.000000000000000000e+00
3.084999999999824638e+01 -5.111541943306479041e+00 0.000000000000000000e+00
3.094999999999824070e+01 -5.109212450042047493e+00 0.000000000000000000e+00
3.104999999999823501e+01 -5.106793553887018611e+00 0.000000000000000000e+00
3.114999999999822933e+01 -5.104521726862052411e+00 0.000000000000000000e+00
3.124999999999822364e+01 -5.102616635830075076e+00 0.000000000000000000e+00
3.134999999999821796e+01 -5.101259992392453313e+00 0.000000000000000000e+00
3.144999999999821227e+01 -5.100578230226870069e+00 0.000000000000000000e+00
3.154999999999820659e+01 -5.100630657747365682e+00 0.000000000000000000e+00
3.164999999999820091e+01 -5.101404225615302046e+00 0.000000000000000000e+00
3.174999999999819522e+01 -5.102815419332477731e+00 0.000000000000000000e+00
3.184999999999818954e+01 -5.104719072400988544e+00 0.000000000000000000e+00
3.194999999999818385e+01 -5.106923196551256261e+00 0.000000000000000000e+00
3.204999999999817817e+01 -5.109208311874070318e+00 0.000000000000000000e+00
3.214999999999817248e+01 -5.111349315609673205e+00 0.000000000000000000e+00
3.224999999999816680e+01 -5.113137687175488999e+00 0.000000000000000000e+00
3.234999999999816112e+01 -5.114401813576521683e+00 0.000000000000000000e+00
3.244999999999815543e+01 -5.115023429226621232e+00 0.000000000000000000e+00
3.254999999999814975e+01 -5.114948577668985585e+00 0.000000000000000000e+00
3.264999999999814406e+01 -5.114192084181101272e+00 0.000000000000000000e+00
3.274999999999813838e+01 -5.112835205050222598e+00 0.000000000000000000e+00
3.284999999999813269e+01 -5.111016819657660193e+00 0.000000000000000000e+00
3.294999999999812701e+01 -5.108919155882984064e+00 0.000000000000000000e+00
3.304999999999812133e+01 -5.106749538745601669e+00 0.000000000000000000e+00
3.314999999999811564e+01 -5.104719972376186021e+00 0.000000000000000000e+00
3.324999999999810996e+01 -5.103026521578651220e+00 0.000000000000000000e+00
3.334999999999810427e+01 -5.101830438057931794e+00 0.000000000000000000e+00
3.344999999999809859e+01 -5.101242810678787265e+00 0.000000000000000000e+00
3.354999999999809290e+01 -5.101314191775043305e+00 0.000000000000000000e+00
3.364999999999808722e+01 -5.102030195616794828e+00 0.000000000000000000e+00
3.374999999999808153e+01 -5.103313486358482365e+00 0.000000000000000000e+00
3.384999999999807585e+01 -5.105031943037713127e+00 0.000000000000000000e+00
3.394999999999807017e+01 -5.107012160998202432e+00 0.000000000000000000e+00
3.404999999999806448e+01 -5.109056912670559392e+00 0.000000000000000000e+00
3.414999999999805880e+01 -5.110964794969979685e+00 0.000000000000000000e+00
3.424999999999805311e+01 -5.112550085357924878e+00 0.000000000000000000e+00
3.434999999999804743e+01 -5.113660824879597833e+00 0.000000000000000000e+00
3.444999999999804174e+01 -5.114193345427833215e+00 0.000000000000000000e+00
3.454999999999803606e+01 -5.114101840951811084e+00 0.000000000000000000e+00
3.464999999999803038e+01 -5.113402105076493953e+00 0.000000000000000000e+00
3.474999999999802469e+01 -5.112169168338771108e+00 0.000000000000000000e+00
3.484999999999801901e+01 -5.110529183583648383e+00 0.000000000000000000e+00
3.494999999999801332e+01 -5.108646468340817925e+00 0.000000000000000000e+00
3.504999999999800764e+01 -5.106707046454632248e+00 0.000000000000000000e+00
3.514999999999800195e+01 -5.104900324579970672e+00 0.000000000000000000e+00
3.524999999999799627e+01 -5.103400665889891386e+00 0.000000000000000000e+00
3.534999999999799059e+01 -5.102350609175783980e+00 0.000000000000000000e+00
3.544999999999798490e+01 -5.101847313554203289e+00 0.000000000000000000e+00
3.554999999999797922e+01 -5.101933515529609053e+00 0.000000000000000000e+00
3.564999999999797353e+01 -5.102593858401442084e+00 0.000000000000000000e+00
3.574999999999796785e+01 -5.103756940902797190e+00 0.000000000000000000e+00
3.584999999999796216e+01 -5.105302861147326787e+00 0.000000000000000000e+00
3.594999999999795648e+01 -5.107075481446834431e+00 0.000000000000000000e+00
3.604999999999795079e+01 -5.108898159939552208e+00 0.000000000000000000e+00
3.614999999999794511e+01 -5.110591352180165359e+00 0.000000000000000000e+00
3.624999999999793943e+01 -5.111990307582535031e+00 0.000000000000000000e+00
3.634999999999793374e+01 -5.112961093637576226e+00 0.000000000000000000e+00
3.644999999999792806e+01 -5.113413370416479253e+00 0.000000000000000000e+00
3.654999999999792237e+01 -5.113308688064370777e+00 0.000000000000000000e+00
3.664999999999791669e+01 -5.112663556492875294e+00 0.000000000000000000e+00
3.674999999999791100e+01 -5.111547077572113906e+00 0.000000000000000000e+00
3.684999999999790532e+01 -5.110073481066502943e+00 0.000000000000000000e+00
3.694999999999789964e+01 -5.108390391834959132e+00 0.000000000000000000e+00
3.704999999999789395e+01 -5.106664044230623922e+00 0.000000000000000000e+00
3.714999999999788827e+01 -5.105062907203080869e+00 0.000000000000000000e+00
3.724999999999788258e+01 -5.103741300578145790e+00 0.000000000000000000e+00
3.734999999999787690e+01 -5.102824553967594490e+00 0.000000000000000000e+00
3.744999999999787121e+01 -5.102397110937713087e+00 0.000000000000000000e+00
3.754999999999786553e+01 -5.102494701076711436e+00 0.000000000000000000e+00
3.764999999999785985e+01 -5.103101324444586417e+00 0.000000000000000000e+00
3.774999999999785416e+01 -5.104151324708889881e+00 0.000000000000000000e+00
3.784999999999784848e+01 -5.105536327944367514e+00 0.000000000000000000e+00
3.794999999999784279e+01 -5.107116332036015116e+00 0.000000000000000000e+00
3.804999999999783711e+01 -5.108733815862740890e+00 0.000000000000000000e+00
3.814999999999783142e+01 -5.110229434843873264e+00 0.000000000000000000e+00
3.824999999999782574e+01 -5.111457720533775451e+00 0.000000000000000000e+00
3.834999999999782005e+01 -5.112301216188550157e+00 0.000000000000000000e+00
3.844999999999781437e+01 -5.112681657366402455e+00 0.000000000000000000e+00
3.854999999999780869e+01 -5.112567127583487192e+00 0.000000000000000000e+00
3.864999999999780300e+01 -5.111974544533797626e+00 0.000000000000000000e+00
3.874999999999779732e+01 -5.110967318838299356e+00 0.000000000000000000e+00
3.884999999999779163e+01 -5.109648509299828056e+00 0.000000000000000000e+00
3.894999999999778595e+01 -5.108150233491445036e+00 0.000000000000000000e+00
3.904999999999778026e+01 -5.106620426070643148e+00 0.000000000000000000e+00
3.914999999999777458e+01 -5.105208260748513638e+00 0.000000000000000000e+00
3.924999999999776890e+01 -5.104049641619799793e+00 0.000000000000000000e+00
3.934999999999776321e+01 -5.103254144795378089e+00 0.000000000000000000e+00
3.944999999999775753e+01 -5.102894640776314716e+00 0.000000000000000000e+00
3.954999999999775184e+01 -5.103000578368129148e+00 0.000000000000000000e+00
3.964999999999774616e+01 -5.103555559760486915e+00 0.000000000000000000e+00
3.974999999999774047e+01 -5.104499425433878024e+00 0.000000000000000000e+00
3.984999999999773479e+01 -5.105734619226176996e+00 0.000000000000000000e+00
3.994999999999772911e+01 -5.107136178482450717e+00 0.000000000000000000e+00
4.004999999999772342e+01 -5.108564328062498383e+00 0.000000000000000000e+00
4.014999999999771774e+01 -5.109878400756757699e+00 0.000000000000000000e+00
4.024999999999771205e+01 -5.110950681366746906e+00 0.000000000000000000e+00
4.034999999999770637e+01 -5.111678794426137706e+00 0.000000000000000000e+00
4.044999999999770068e+01 -5.111995420921473965e+00 0.000000000000000000e+00
4.054999999999769500e+01 -5.111874417788671465e+00 0.000000000000000000e+00
4.064999999999768932e+01 -5.111332795742508317e+00 0.000000000000000000e+00
4.074999999999768363e+01 -5.110428436162154142e+00 0.000000000000000000e+00
4.084999999999767795e+01 -5.109253855590288218e+00 0.000000000000000000e+00
4.094999999999767226e+01 -5.107926700786669549e+00 0.000000000000000000e+00
4.104999999999766658e+01 -5.106577955376894629e+00 0.000000000000000000e+00
4.114999999999766089e+01 -5.105339026286854320e+00 0.000000000000000000e+00
4.124999999999765521e+01 -5.104328961501711781e+00 0.000000000000000000e+00
4.134999999999764952e+01 -5.103643015181114073e+00 0.000000000000000000e+00
4.144999999999764384e+01 -5.103343643616396363e+00 0.000000000000000000e+00
4.154999999999763816e+01 -5.103454778809117798e+00 0.000000000000000000e+00
4.164999999999763247e+01 -5.103959916766371840e+00 0.000000000000000000e+00
4.174999999999762679e+01 -5.104804183812693630e+00 0.000000000000000000e+00
4.184999999999762110e+01 -5.105900154508375977e+00 0.000000000000000000e+00
4.194999999999761542e+01 -5.107136817180693455e+00 0.000000000000000000e+00
4.204999999999760973e+01 -5.108390770279508608e+00 0.000000000000000000e+00
4.214999999999760405e+01 -5.109538511216699774e+00 0.000000000000000000e+00
4.224999999999759837e+01 -5.110468579976113368e+00 0.000000000000000000e+00
4.234999999999759268e+01 -5.111092348462394241e+00 0.000000000000000000e+00
4.244999999999758700e+01 -5.111352400768581106e+00 0.000000000000000000e+00
4.254999999999758131e+01 -5.111227712001753076e+00 0.000000000000000000e+00
4.264999999999757563e+01 -5.110735169892719476e+00 0.000000000000000000e+00
4.274999999999756994e+01 -5.109927360915650141e+00 0.000000000000000000e+00
4.284999999999756426e+01 -5.108886910512052459e+00 0.000000000000000000e+00
4.294999999999755858e+01 -5.107717996936454341e+00 0.000000000000000000e+00
4.304999999999755289e+01 -5.106535908659527223e+00 0.000000000000000000e+00
4.314999999999754721e+01 -5.105455681869328188e+00 0.000000000000000000e+00
4.324999999999754152e+01 -5.104580915567918709e+00 0.000000000000000000e+00
4.334999999999753584e+01 -5.103993832650436602e+00 0.000000000000000000e+00
4.344999999999753015e+01 -5.103747525194265222e+00 0.000000000000000000e+00
4.354999999999752447e+01 -5.103861115729008802e+00 0.000000000000000000e+00
4.364999999999751878e+01 -5.104318282552211983e+00 0.000000000000000000e+00
4.374999999999751310e+01 -5.105069273304982502e+00 0.000000000000000000e+00
4.384999999999750742e+01 -5.106036183483201540e+00 0.000000000000000000e+00
4.394999999999750173e+01 -5.107120953321311774e+00 0.000000000000000000e+00
4.404999999999749605e+01 -5.108215262633679643e+00 0.000000000000000000e+00
4.414999999999749036e+01 -5.109211318211937858e+00 0.000000000000000000e+00
4.424999999999748468e+01 -5.110012446201808167e+00 0.000000000000000000e+00
4.434999999999747899e+01 -5.110542435605704092e+00 0.000000000000000000e+00
4.444999999999747331e+01 -5.110752721632163542e+00 0.000000000000000000e+00
4.454999999999746763e+01 -5.110626731932343958e+00 0.000000000000000000e+00
4.464999999999746194e+01 -5.110181019274492975e+00 0.000000000000000000e+00
4.474999999999745626e+01 -5.109463131865198626e+00 0.000000000000000000e+00
4.484999999999745057e+01 -5.108546497042781631e+00 0.000000000000000000e+00
4.494999999999744489e+01 -5.107522874219548648e+00 0.000000000000000000e+00
4.504999999999743920e+01 -5.106493153426304943e+00 0.000000000000000000e+00
4.514999999999743352e+01 -5.105557410213916292e+00 0.000000000000000000e+00
4.524999999999742784e+01 -5.104805181749319409e+00 0.000000000000000000e+00
4.534999999999742215e+01 -5.104306890048376566e+00 0.000000000000000000e+00
4.544999999999741647e+01 -5.104107224375759699e+00 0.000000000000000000e+00
4.554999999999741078e+01 -5.104221101507981473e+00 0.000000000000000000e+00
4.564999999999740510e+01 -5.104632576748852735e+00 0.000000000000000000e+00
4.574999999999739941e+01 -5.105296788405043529e+00 0.000000000000000000e+00
4.584999999999739373e+01 -5.106144721856709090e+00 0.000000000000000000e+00
4.594999999999738804e+01 -5.107090296909111871e+00 0.000000000000000000e+00
4.604999999999738236e+01 -5.108039052832956450e+00 0.000000000000000000e+00
4.614999999999737668e+01 -5.108897548347228756e+00 0.000000000000000000e+00
4.624999999999737099e+01 -5.109582531054395638e+00 0.000000000000000000e+00
4.634999999999736531e+01 -5.110028966183573829e+00 0.000000000000000000e+00
4.644999999999735962e+01 -5.110196143900171073e+00 0.000000000000000000e+00
4.654999999999735394e+01 -5.110071293473686715e+00 0.000000000000000000e+00
4.664999999999734825e+01 -5.109670393377458986e+00 0.000000000000000000e+00
4.674999999999734257e+01 -5.109036154166854971e+00 0.000000000000000000e+00
4.684999999999733689e+01 -5.108233427292645068e+00 0.000000000000000000e+00
4.694999999999733120e+01 -5.107342538678712351e+00 0.000000000000000000e+00
4.704999999999732552e+01 -5.106451229227451094e+00 0.000000000000000000e+00
4.714999999999731983e+01 -5.105646003580094572e+00 0.000000000000000000e+00
4.724999999999731415e+01 -5.105003725083841815e+00 0.000000000000000000e+00
4.734999999999730846e+01 -5.104584262069446154e+00 0.000000000000000000e+00
4.744999999999730278e+01 -5.104424879198920628e+00 0.000000000000000000e+00
4.754999999999729710e+01 -5.104536899883165724e+00 0.000000000000000000e+00
4.764999999999729141e+01 -5.104904941797337337e+00 0.000000000000000000e+00
4.774999999999728573e+01 -5.105488778688754614e+00 0.000000000000000000e+00
4.784999999999728004e+01 -5.106227619956169583e+00 0.000000000000000000e+00
4.794999999999727436e+01 -5.107046361871255158e+00 0.000000000000000000e+00
4.804999999999726867e+01 -5.107863167562183726e+00 0.000000000000000000e+00
4.814999999999726299e+01 -5.108597606083338682e+00 0.000000000000000000e+00
4.824999999999725731e+01 -5.109178532383793048e+00 0.000000000000000000e+00
4.834999999999725162e+01 -5.109550928425375282e+00 0.000000000000000000e+00
4.844999999999724594e+01 -5.109681043884141793e+00 0.000000000000000000e+00
4.854999999999724025e+01 -5.109559358429179632e+00 0.000000000000000000e+00
4.864999999999723457e+01 -5.109201116657930974e+00 0.000000000000000000e+00
4.874999999999722888e+01 -5.108644431767020322e+00 0.000000000000000000e+00
4.884999999999722320e+01 -5.107946193847224592e+00 0.000000000000000000e+00
4.894999999999721751e+01 -5.107176222950586819e+00 0.000000000000000000e+00
4.904999999999721183e+01 -5.106410266222777494e+00 0.000000000000000000e+00
4.914999999999720615e+01 -5.105722531837684208e+00 0.000000000000000000e+00
4.924999999999720046e+01 -5.105178485409614275e+00 0.000000000000000000e+00
4.934999999999719478e+01 -5.104828596115879691e+00 0.000000000000000000e+00
4.944999999999718909e+01 -5.104703625081349116e+00 0.000000000000000000e+00
4.954999999999718341e+01 -5.104811894377554893e+00 0.000000000000000000e+00
4.964999999999717772e+01 -5.105138784282050146e+00 0.000000000000000000e+00
4.974999999999717204e+01 -5.105648485632036326e+00 0.000000000000000000e+00
4.984999999999716636e+01 -5.106287813366943595e+00 0.000000000000000000e+00
4.994999999999716067e+01 -5.106991681098268288e+00 0.000000000000000000e+00
5.004999999999715499e+01 -5.107689673983082379e+00 0.000000000000000000e+00
5.014999999999714930e+01 -5.108313050848887649e+00 0.000000000000000000e+00
5.024999999999714362e+01 -5.108801472078711825e+00 0.000000000000000000e+00
5.034999999999713793e+01 -5.109108788256309985e+00 0.000000000000000000e+00
5.044999999999713225e+01 -5.109207331243914574e+00 0.000000000000000000e+00
5.054999999999712657e+01 -5.109090312254370048e+00 0.000000000000000000e+00
5.064999999999712088e+01 -5.108772128442724991e+00 0.000000000000000000e+00
5.074999999999711520e+01 -5.108286592831711381e+00 0.000000000000000000e+00
5.084999999999710951e+01 -5.107683303291940646e+00 0.000000000000000000e+00
5.094999999999710383e+01 -5.107022542755412786e+00 0.000000000000000000e+00
5.104999999999709814e+01 -5.106369231079209037e+00 0.000000000000000000e+00
5.114999999999709246e+01 -5.105786529528559825e+00 0.000000000000000000e+00
5.124999999999708677e+01 -5.105329716932185846e+00 0.000000000000000000e+00
5.134999999999708109e+01 -5.105040923683646703e+00 0.000000000000000000e+00
5.144999999999707541e+01 -5.104945218432764165e+00 0.000000000000000000e+00
5.154999999999706972e+01 -5.105048411484403914e+00 0.000000000000000000e+00
5.164999999999706404e+01 -5.105336768452635177e+00 0.000000000000000000e+00
5.174999999999705835e+01 -5.105778643015832508e+00 0.000000000000000000e+00
5.184999999999705267e+01 -5.106327846443528884e+00 0.000000000000000000e+00
5.194999999999704698e+01 -5.106928401997769207e+00 0.000000000000000000e+00
5.204999999999704130e+01 -5.107520194889755061e+00 0.000000000000000000e+00
5.214999999999703562e+01 -5.108044944523836506e+00 0.000000000000000000e+00
5.224999999999702993e+01 -5.108451899751772274e+00 0.000000000000000000e+00
5.234999999999702425e+01 -5.108702695551269990e+00 0.000000000000000000e+00
5.244999999999701856e+01 -5.108774904327562538e+00 0.000000000000000000e+00
5.254999999999701288e+01 -5.108663955438069060e+00 0.000000000000000000e+00
5.264999999999700719e+01 -5.108383267598813227e+00 0.000000000000000000e+00
5.274999999999700151e+01 -5.107962618349541906e+00 0.000000000000000000e+00
5.284999999999699583e+01 -5.107444948208965663e+00 0.000000000000000000e+00
5.294999999999699014e+01 -5.106881942079986025e+00 0.000000000000000000e+00
5.304999999999698446e+01 -5.106328841231643878e+00 0.000000000000000000e+00
5.314999999999697877e+01 -5.105838999978100645e+00 0.000000000000000000e+00
5.324999999999697309e+01 -5.105458717188541051e+00 0.000000000000000000e+00
5.334999999999696740e+01 -5.105222835386975966e+00 0.000000000000000000e+00
5.344999999999696172e+01 -5.105151522664400865e+00 0.000000000000000000e+00
5.354999999999695603e+01 -5.105248532618301027e+00 0.000000000000000000e+00
5.364999999999695035e+01 -5.105501094297232534e+00 0.000000000000000000e+00
5.374999999999694467e+01 -5.105881422111279377e+00 0.000000000000000000e+00
5.384999999999693898e+01 -5.106349678039952877e+00 0.000000000000000000e+00
5.394999999999693330e+01 -5.106858074346663834e+00 0.000000000000000000e+00
5.404999999999692761e+01 -5.107355695334329759e+00 0.000000000000000000e+00
5.414999999999692193e+01 -5.107793548787050497e+00 0.000000000000000000e+00
5.424999999999691624e+01 -5.108129342095255154e+00 0.000000000000000000e+00
5.434999999999691056e+01 -5.108331514162841813e+00 0.000000000000000000e+00
5.444999999999690488e+01 -5.108382137643443066e+00 0.000000000000000000e+00
5.454999999999689919e+01 -5.108278427927984922e+00 0.000000000000000000e+00
5.464999999999689351e+01 -5.108032738925637695e+00 0.000000000000000000e+00
5.474999999999688782e+01 -5.107671079152381388e+00 0.000000000000000000e+00
5.484999999999688214e+01 -5.107230323787869786e+00 0.000000000000000000e+00
5.494999999999687645e+01 -5.106754422026836160e+00 0.000000000000000000e+00
5.504999999999687077e+01 -5.106289986196781427e+00 0.000000000000000000e+00
5.514999999999686509e+01 -5.105881701630846869e+00 0.000000000000000000e+00
5.524999999999685940e+01 -5.105568002238187297e+00 0.000000000000000000e+00
5.534999999999685372e+01 -5.105377426234414706e+00 0.000000000000000000e+00
5.544999999999684803e+01 -5.105325993353323710e+00 0.000000000000000000e+00
5.554999999999684235e+01 -5.105415845156866084e+00 0.000000000000000000e+00
5.564999999999683666e+01 -5.105635263216091957e+00 0.000000000000000000e+00
5.574999999999683098e+01 -5.105960046373320793e+00 0.000000000000000000e+00
5.584999999999682530e+01 -5.106356092619162013e+00 0.000000000000000000e+00
5.594999999999681961e+01 -5.106782914473938284e+00 0.000000000000000000e+00
5.604999999999681393e+01 -5.107197725086709994e+00 0.000000000000000000e+00
5.614999999999680824e+01 -5.107559680749012898e+00 0.000000000000000000e+00
5.624999999999680256e+01 -5.107833855585096394e+00 0.000000000000000000e+00
5.634999999999679687e+01 -5.107994559211351593e+00 0.000000000000000000e+00
5.644999999999679119e+01 -5.108027682125507063e+00 0.000000000000000000e+00
5.654999999999678550e+01 -5.107931857575215950e+00 0.000000000000000000e+00
5.664999999999677982e+01 -5.107718351891828767e+00 0.000000000000000000e+00
5.674999999999677414e+01 -5.107409721765726829e+00 0.000000000000000000e+00
5.684999999999676845e+01 -5.107037397444671001e+00 0.000000000000000000e+00
5.694999999999676277e+01 -5.106638449262768553e+00 0.000000000000000000e+00
5.704999999999675708e+01 -5.106251868611991540e+00 0.000000000000000000e+00
5.714999999999675140e+01 -5.105914731525277972e+00 0.000000000000000000e+00
5.724999999999674571e+01 -5.105658618459505860e+00 0.000000000000000000e+00
5.734999999999674003e+01 -5.105506630768861243e+00 0.000000000000000000e+00
5.744999999999673435e+01 -5.105471283906413582e+00 0.000000000000000000e+00
5.754999999999672866e+01 -5.105553467594283745e+00 0.000000000000000000e+00
5.764999999999672298e+01 -5.105742559574931505e+00 0.000000000000000000e+00
5.774999999999671729e+01 -5.106017664679657564e+00 0.000000000000000000e+00
5.784999999999671161e+01 -5.106349842175362141e+00 0.000000000000000000e+00
5.794999999999670592e+01 -5.106705086888421619e+00 0.000000000000000000e+00
5.804999999999670024e+01 -5.107047758205056631e+00 0.000000000000000000e+00
5.814999999999669456e+01 -5.107344109615316263e+00 0.000000000000000000e+00
5.824999999999668887e+01 -5.107565566956374425e+00 0.000000000000000000e+00
5.834999999999668319e+01 -5.107691434857138724e+00 0.000000000000000000e+00
5.844999999999667750e+01 -5.107710774370543660e+00 0.000000000000000000e+00
5.854999999999667182e+01 -5.107623284004937148e+00 0.000000000000000000e+00
5.864999999999666613e+01 -5.107439118770468411e+00 0.000000000000000000e+00
5.874999999999666045e+01 -5.107177689642086627e+00 0.000000000000000000e+00
5.884999999999665476e+01 -5.106865583297242495e+00 0.000000000000000000e+00
5.894999999999664908e+01 -5.106533825378146929e+00 0.000000000000000000e+00
5.904999999999664340e+01 -5.106214766372212388e+00 0.000000000000000000e+00
5.914999999999663771e+01 -5.105938900563031346e+00 0.000000000000000000e+00
5.924999999999663203e+01 -5.105731926111764629e+00 0.000000000000000000e+00
5.934999999999662634e+01 -5.105612327287638585e+00 0.000000000000000000e+00
5.944999999999662066e+01 -5.105589703006957691e+00 0.000000000000000000e+00
5.954999999999661497e+01 -5.105663992592211819e+00 0.000000000000000000e+00
5.964999999999660929e+01 -5.105825658843802906e+00 0.000000000000000000e+00
5.974999999999660361e+01 -5.106056796140187259e+00 0.000000000000000000e+00
5.984999999999659792e+01 -5.106333039321278022e+00 0.000000000000000000e+00
5.994999999999659224e+01 -5.106626073010927414e+00 0.000000000000000000e+00
6.004999999999658655e+01 -5.106906483162496180e+00 0.000000000000000000e+00
6.014999999999658087e+01 -5.107146663391100461e+00 0.000000000000000000e+00
6.024999999999657518e+01 -5.107323487526340244e+00 0.000000000000000000e+00
6.034999999999656950e+01 -5.107420488890333843e+00 0.000000000000000000e+00
6.044999999999656382e+01 -5.107429341294346337e+00 0.000000000000000000e+00
6.054999999999655813e+01 -5.107350510449231606e+00 0.000000000000000000e+00
6.064999999999655245e+01 -5.107193030224989272e+00 0.000000000000000000e+00
6.074999999999654676e+01 -5.106973444745825041e+00 0.000000000000000000e+00
6.084999999999654108e+01 -5.106714038956239321e+00 0.000000000000000000e+00
6.094999999999653539e+01 -5.106440545331684788e+00 0.000000000000000000e+00
6.104999999999652971e+01 -5.106179561902646213e+00 0.000000000000000000e+00
6.114999999999652402e+01 -5.105955937696712077e+00 0.000000000000000000e+00
6.124999999999651834e+01 -5.105790380821051855e+00 0.000000000000000000e+00
6.134999999999651266e+01 -5.105697516345245823e+00 0.000000000000000000e+00
6.144999999999650697e+01 -5.105684575250117874e+00 0.000000000000000000e+00
6.154999999999650129e+01 -5.105750830164207166e+00 0.000000000000000000e+00
6.164999999999649560e+01 -5.105887820687764922e+00 0.000000000000000000e+00
6.174999999999648992e+01 -5.106080332003508637e+00 0.000000000000000000e+00
6.184999999999648423e+01 -5.106308018096335388e+00 0.000000000000000000e+00
6.194999999999647855e+01 -5.106547497881362752e+00 0.000000000000000000e+00
6.204999999999647287e+01 -5.106774709062053219e+00 0.000000000000000000e+00
6.214999999999646718e+01 -5.106967282083632931e+00 0.000000000000000000e+00
6.224999999999646150e+01 -5.107106699241144021e+00 0.000000000000000000e+00
6.234999999999645581e+01 -5.107180030236182056e+00 0.000000000000000000e+00
6.244999999999645013e+01 -5.107181081977433479e+00 0.000000000000000000e+00
6.254999999999644444e+01 -5.107110862893935455e+00 0.000000000000000000e+00
6.264999999999643876e+01 -5.106977331455341051e+00 0.000000000000000000e+00
6.274999999999643308e+01 -5.106794470691482069e+00 0.000000000000000000e+00
6.284999999999642739e+01 -5.106580794087571817e+00 0.000000000000000000e+00
6.294999999999642171e+01 -5.106357442154149773e+00 0.000000000000000000e+00
6.304999999999641602e+01 -5.106146063109727073e+00 0.000000000000000000e+00
6.314999999999641034e+01 -5.105966688985960289e+00 0.000000000000000000e+00
6.324999999999640465e+01 -5.105835812558946252e+00 0.000000000000000000e+00
6.334999999999639897e+01 -5.105764848696448865e+00 0.000000000000000000e+00
6.344999999999639329e+01 -5.105759121438680381e+00 0.000000000000000000e+00
6.354999999999638760e+01 -5.105817466430546681e+00 0.000000000000000000e+00
6.364999999999638192e+01 -5.105932475436071094e+00 0.000000000000000000e+00
6.374999999999637623e+01 -5.106091348016570386e+00 0.000000000000000000e+00
6.384999999999637055e+01 -5.106277255125603709e+00 0.000000000000000000e+00
6.394999999999636486e+01 -5.106471071604977041e+00 0.000000000000000000e+00
6.404999999999635918e+01 -5.106653299493464360e+00 0.000000000000000000e+00
6.414999999999635349e+01 -5.106805988920619654e+00 0.000000000000000000e+00
6.424999999999634781e+01 -5.106914466654834506e+00 0.000000000000000000e+00
6.434999999999634213e+01 -5.106968705519069118e+00 0.000000000000000000e+00
6.444999999999633644e+01 -5.106964207218771534e+00 0.000000000000000000e+00
6.454999999999633076e+01 -5.106902322255158388e+00 0.000000000000000000e+00
6.464999999999632507e+01 -5.106789988846196060e+00 0.000000000000000000e+00
6.474999999999631939e+01 -5.106638930032382007e+00 0.000000000000000000e+00
6.484999999999631370e+01 -5.106464401277094112e+00 0.000000000000000000e+00
6.494999999999630802e+01 -5.106283621211764157e+00 0.000000000000000000e+00
6.504999999999630234e+01 -5.106114046626405667e+00 0.000000000000000000e+00
6.514999999999629665e+01 -5.105971662192558824e+00 0.000000000000000000e+00
6.524999999999629097e+01 -5.105869451364741352e+00 0.000000000000000000e+00
6.534999999999628528e+01 -5.105816192234657436e+00 0.000000000000000000e+00
6.544999999999627960e+01 -5.105815689499263677e+00 0.000000000000000000e+00
6.554999999999627391e+01 -5.105866507879163407e+00 0.000000000000000000e+00
6.564999999999626823e+01 -5.105962223963087077e+00 0.000000000000000000e+00
6.574999999999626255e+01 -5.106092161081654091e+00 0.000000000000000000e+00
6.584999999999625686e+01 -5.106242526189512354e+00 0.000000000000000000e+00
6.594999999999625118e+01 -5.106397828255774485e+00 0.000000000000000000e+00
6.604999999999624549e+01 -5.106542433136374903e+00 0.000000000000000000e+00
6.614999999999623981e+01 -5.106662098601988831e+00 0.000000000000000000e+00
6.624999999999623412e+01 -5.106745339263768280e+00 0.000000000000000000e+00
6.634999999999622844e+01 -5.106784490945768695e+00 0.000000000000000000e+00
6.644999999999622275e+01 -5.106776376820906016e+00 0.000000000000000000e+00
6.654999999999621707e+01 -5.106722518900721930e+00 0.000000000000000000e+00
6.664999999999621139e+01 -5.106628884105668398e+00 0.000000000000000000e+00
6.674999999999620570e+01 -5.106505200396803446e+00 0.000000000000000000e+00
6.684999999999620002e+01 -5.106363919419000474e+00 0.000000000000000000e+00
6.694999999999619433e+01 -5.106218935876868592e+00 0.000000000000000000e+00
6.704999999999618865e+01 -5.106084194544000532e+00 0.000000000000000000e+00
6.714999999999618296e+01 -5.105972324578423205e+00 0.000000000000000000e+00
6.724999999999617728e+01 -5.105893433752228816e+00 0.000000000000000000e+00
6.734999999999617160e+01 -5.105854177118036574e+00 0.000000000000000000e+00
6.744999999999616591e+01 -5.105857184112459812e+00 0.000000000000000000e+00
6.754999999999616023e+01 -5.105900892170634364e+00 0.000000000000000000e+00
6.764999999999615454e+01 -5.105979793663729005e+00 0.000000000000000000e+00
6.774999999999614886e+01 -5.106085063487037168e+00 0.000000000000000000e+00
6.784999999999614317e+01 -5.106205497635980528e+00 0.000000000000000000e+00
6.794999999999613749e+01 -5.106328664416043495e+00 0.000000000000000000e+00
6.804999999999613181e+01 -5.106442150507362499e+00 0.000000000000000000e+00
6.814999999999612612e+01 -5.106534777093576949e+00 0.000000000000000000e+00
6.824999999999612044e+01 -5.106597666912938926e+00 0.000000000000000000e+00
6.834999999999611475e+01 -5.106625060392941506e+00 0.000000000000000000e+00
6.844999999999610907e+01 -5.106614806907702864e+00 0.000000000000000000e+00
6.854999999999610338e+01 -5.106568490607087618e+00 0.000000000000000000e+00
6.864999999999609770e+01 -5.106491188032456385e+00 0.000000000000000000e+00
6.874999999999609201e+01 -5.106390889763123830e+00 0.000000000000000000e+00
6.884999999999608633e+01 -5.106277651217545177e+00 0.000000000000000000e+00
6.894999999999608065e+01 -5.106162561122147281e+00 0.000000000000000000e+00
6.904999999999607496e+01 -5.106056633102293851e+00 0.000000000000000000e+00
6.914999999999606928e+01 -5.105969729598021978e+00 0.000000000000000000e+00
6.924999999999606359e+01 -5.105909623319210944e+00 0.000000000000000000e+00
6.934999999999605791e+01 -5.105881284347731253e+00 0.000000000000000000e+00
6.944999999999605222e+01 -5.105886458489859336e+00 0.000000000000000000e+00
6.954999999999604654e+01 -5.105923571027661367e+00 0.000000000000000000e+00
6.964999999999604086e+01 -5.105987958631421186e+00 0.000000000000000000e+00
6.974999999999603517e+01 -5.106072398566620762e+00 0.000000000000000000e+00
6.984999999999602949e+01 -5.106167876941898776e+00 0.000000000000000000e+00
6.994999999999602380e+01 -5.106264514498501050e+00 0.000000000000000000e+00
7.004999999999601812e+01 -5.106352555671352711e+00 0.000000000000000000e+00
7.014999999999601243e+01 -5.106423321842701313e+00 0.000000000000000000e+00
7.024999999999600675e+01 -5.106470036123073264e+00 0.000000000000000000e+00
7.034999999999600107e+01 -5.106488441504958509e+00 0.000000000000000000e+00
7.044999999999599538e+01 -5.106477156787054383e+00 0.000000000000000000e+00
7.054999999999598970e+01 -5.106437741872839275e+00 0.000000000000000000e+00
7.064999999999598401e+01 -5.106374473269415404e+00 0.000000000000000000e+00
7.074999999999597833e+01 -5.106293859255988110e+00 0.000000000000000000e+00
7.084999999999597264e+01 -5.106203948497640255e+00 0.000000000000000000e+00
7.094999999999596696e+01 -5.106113505117740203e+00 0.000000000000000000e+00
7.104999999999596128e+01 -5.106031133808104805e+00 0.000000000000000000e+00
7.114999999999595559e+01 -5.105964441974794710e+00 0.000000000000000000e+00
7.124999999999594991e+01 -5.105919319498432252e+00 0.000000000000000000e+00
7.134999999999594422e+01 -5.105899404004479614e+00 0.000000000000000000e+00
7.144999999999593854e+01 -5.105905779163835589e+00 0.000000000000000000e+00
7.154999999999593285e+01 -5.105936930370694959e+00 0.000000000000000000e+00
7.164999999999592717e+01 -5.105988955844130039e+00 0.000000000000000000e+00
7.174999999999592148e+01 -5.106056006765008703e+00 0.000000000000000000e+00
7.184999999999591580e+01 -5.106130907742243430e+00 0.000000000000000000e+00
7.194999999999591012e+01 -5.106205892527486689e+00 0.000000000000000000e+00
7.204999999999590443e+01 -5.106273379805029933e+00 0.000000000000000000e+00
7.214999999999589875e+01 -5.106326711696487664e+00 0.000000000000000000e+00
7.224999999999589306e+01 -5.106360783335036402e+00 0.000000000000000000e+00
7.234999999999588738e+01 -5.106372504222008502e+00 0.000000000000000000e+00
7.244999999999588169e+01 -5.106361050698859039e+00 0.000000000000000000e+00
7.254999999999587601e+01 -5.106327889899041850e+00 0.000000000000000000e+00
7.264999999999587033e+01 -5.106276579089746193e+00 0.000000000000000000e+00
7.274999999999586464e+01 -5.106212365166530986e+00 0.000000000000000000e+00
7.284999999999585896e+01 -5.106141628804590660e+00 0.000000000000000000e+00
7.294999999999585327e+01 -5.106071230795181215e+00 0.000000000000000000e+00
7.304999999999584759e+01 -5.106007827602794258e+00 0.000000000000000000e+00
7.314999999999584190e+01 -5.105957223623277308e+00 0.000000000000000000e+00
7.324999999999583622e+01 -5.105923823780612381e+00 0.000000000000000000e+00
7.334999999999583054e+01 -5.105910237324154721e+00 0.000000000000000000e+00
7.344999999999582485e+01 -5.105917068493631916e+00 0.000000000000000000e+00
7.354999999999581917e+01 -5.105942908887515230e+00 0.000000000000000000e+00
7.364999999999581348e+01 -5.105984527218547342e+00 0.000000000000000000e+00
7.374999999999580780e+01 -5.106037231994649872e+00 0.000000000000000000e+00
7.384999999999580211e+01 -5.106095367769890814e+00 0.000000000000000000e+00
7.394999999999579643e+01 -5.106152892999236137e+00 0.000000000000000000e+00
7.404999999999579074e+01 -5.106203981661902702e+00 0.000000000000000000e+00
7.414999999999578506e+01 -5.106243588943232048e+00 0.000000000000000000e+00
7.424999999999577938e+01 -5.106267926282605174e+00 0.000000000000000000e+00
7.434999999999577369e+01 -5.106274800686380289e+00 0.000000000000000000e+00
7.444999999999576801e+01 -5.106263788068043930e+00 0.000000000000000000e+00
7.454999999999576232e+01 -5.106236227923242943e+00 0.000000000000000000e+00
7.464999999999575664e+01 -5.106195045108549380e+00 0.000000000000000000e+00
7.474999999999575095e+01 -5.106144421683908696e+00 0.000000000000000000e+00
7.484999999999574527e+01 -5.106089355258696116e+00 0.000000000000000000e+00
7.494999999999573959e+01 -5.106035150005366674e+00 0.000000000000000000e+00
7.504999999999573390e+01 -5.105986890783658083e+00 0.000000000000000000e+00
7.514999999999572822e+01 -5.105948951486916521e+00 0.000000000000000000e+00
7.524999999999572253e+01 -5.105924584116894316e+00 0.000000000000000000e+00
7.534999999999571685e+01 -5.105915627439202353e+00 0.000000000000000000e+00
7.544999999999571116e+01 -5.105922361594921632e+00 0.000000000000000000e+00
7.554999999999570548e+01 -5.105943520581836204e+00 0.000000000000000000e+00
7.564999999999569980e+01 -5.105976457628843335e+00 0.000000000000000000e+00
7.574999999999569411e+01 -5.106017442968695974e+00 0.000000000000000000e+00
7.584999999999568843e+01 -5.106062060072836140e+00 0.000000000000000000e+00
7.594999999999568274e+01 -5.106105657809727916e+00 0.000000000000000000e+00
7.604999999999567706e+01 -5.106143812217812439e+00 0.000000000000000000e+00
7.614999999999567137e+01 -5.106172752693308503e+00 0.000000000000000000e+00
7.624999999999566569e+01 -5.106189712782589041e+00 0.000000000000000000e+00
7.634999999999566000e+01 -5.106193173809330688e+00 0.000000000000000000e+00
7.644999999999565432e+01 -5.106182980724303988e+00 0.000000000000000000e+00
7.654999999999564864e+01 -5.106160321450813555e+00 0.000000000000000000e+00
7.664999999999564295e+01 -5.106127575030320997e+00 0.000000000000000000e+00
7.674999999999563727e+01 -5.106088046145145221e+00 0.000000000000000000e+00
7.684999999999563158e+01 -5.106045615717920150e+00 0.000000000000000000e+00
7.694999999999562590e+01 -5.106004344239350345e+00 0.000000000000000000e+00
7.704999999999562021e+01 -5.105968069100059736e+00 0.000000000000000000e+00
7.714999999999561453e+01 -5.105940035177420455e+00 0.000000000000000000e+00
7.724999999999560885e+01 -5.105922594106631074e+00 0.000000000000000000e+00
7.734999999999560316e+01 -5.105916998620142699e+00 0.000000000000000000e+00
7.744999999999559748e+01 -5.105923309577748981e+00 0.000000000000000000e+00
7.754999999999559179e+01 -5.105940421284972608e+00 0.000000000000000000e+00
7.764999999999558611e+01 -5.105966200460201776e+00 0.000000000000000000e+00
7.774999999999558042e+01 -5.105997722413379236e+00 0.000000000000000000e+00
7.784999999999557474e+01 -5.106031579487968486e+00 0.000000000000000000e+00
7.794999999999556906e+01 -5.106064229104786634e+00 0.000000000000000000e+00
7.804999999999556337e+01 -5.106092345989803327e+00 0.000000000000000000e+00
7.814999999999555769e+01 -5.106113143043692126e+00 0.000000000000000000e+00
7.824999999999555200e+01 -5.106124630060819847e+00 0.000000000000000000e+00
7.834999999999554632e+01 -5.106125786484278173e+00 0.000000000000000000e+00
7.844999999999554063e+01 -5.106116634008570188e+00 0.000000000000000000e+00
7.854999999999553495e+01 -5.106098204988135159e+00 0.000000000000000000e+00
7.864999999999552927e+01 -5.106072412839310459e+00 0.000000000000000000e+00
7.874999999999552358e+01 -5.106041839933779691e+00 0.000000000000000000e+00
7.884999999999551790e+01 -5.106009465882710430e+00 0.000000000000000000e+00
7.894999999999551221e+01 -5.105978364531670977e+00 0.000000000000000000e+00
7.904999999999550653e+01 -5.105951400058650336e+00 0.000000000000000000e+00
7.914999999999550084e+01 -5.105930952170530723e+00 0.000000000000000000e+00
7.924999999999549516e+01 -5.105918696376458676e+00 0.000000000000000000e+00
7.934999999999548947e+01 -5.105915459518070243e+00 0.000000000000000000e+00
7.944999999999548379e+01 -5.105921162457971896e+00 0.000000000000000000e+00
7.954999999999547811e+01 -5.105934853279013197e+00 0.000000000000000000e+00
7.964999999999547242e+01 -5.105954825126587160e+00 0.000000000000000000e+00
7.974999999999546674e+01 -5.105978804887188360e+00 0.000000000000000000e+00
7.984999999999546105e+01 -5.106004192139961262e+00 0.000000000000000000e+00
7.994999999999545537e+01 -5.106028323487460163e+00 0.000000000000000000e+00
8.004999999999544968e+01 -5.106048735596396604e+00 0.000000000000000000e+00
8.014999999999544400e+01 -5.106063401079560471e+00 0.000000000000000000e+00
8.024999999999543832e+01 -5.106070914986178266e+00 0.000000000000000000e+00
8.034999999999543263e+01 -5.106070614818925435e+00 0.000000000000000000e+00
8.044999999999542695e+01 -5.106062624361001667e+00 0.000000000000000000e+00
8.054999999999542126e+01 -5.106047818820153239e+00 0.000000000000000000e+00
8.064999999999541558e+01 -5.106027717250743336e+00 0.000000000000000000e+00
8.074999999999540989e+01 -5.106004314650506970e+00 0.000000000000000000e+00
8.084999999999540421e+01 -5.105979872571012379e+00 0.000000000000000000e+00
8.094999999999539853e+01 -5.105956689770238199e+00 0.000000000000000000e+00
8.104999999999539284e+01 -5.105936876413876391e+00 0.000000000000000000e+00
8.114999999999538716e+01 -5.105922153104074823e+00 0.000000000000000000e+00
8.124999999999538147e+01 -5.105913693726828129e+00 0.000000000000000000e+00
8.134999999999537579e+01 -5.105912025502510332e+00 0.000000000000000000e+00
8.144999999999537010e+01 -5.105916994999391001e+00 0.000000000000000000e+00
8.154999999999536442e+01 -5.105927801725249182e+00 0.000000000000000000e+00
8.164999999999535873e+01 -5.105943095230561113e+00 0.000000000000000000e+00
8.174999999999535305e+01 -5.105961124355880010e+00 0.000000000000000000e+00
8.184999999999534737e+01 -5.105979922488235623e+00 0.000000000000000000e+00
8.194999999999534168e+01 -5.105997508325017975e+00 0.000000000000000000e+00
8.204999999999533600e+01 -5.106012081249542867e+00 0.000000000000000000e+00
8.214999999999533031e+01 -5.106022191657546117e+00 0.000000000000000000e+00
8.224999999999532463e+01 -5.106026870979103016e+00 0.000000000000000000e+00
8.234999999999531894e+01 -5.106025710866386014e+00 0.000000000000000000e+00
8.244999999999531326e+01 -5.106018886453759897e+00 0.000000000000000000e+00
8.254999999999530758e+01 -5.106007123206270037e+00 0.000000000000000000e+00
8.264999999999530189e+01 -5.105991611429206323e+00 0.000000000000000000e+00
8.274999999999529621e+01 -5.105973876981738435e+00 0.000000000000000000e+00
8.284999999999529052e+01 -5.105955621145703560e+00 0.000000000000000000e+00
8.294999999999528484e+01 -5.105938546516389565e+00 0.000000000000000000e+00
8.304999999999527915e+01 -5.105924187628827937e+00 0.000000000000000000e+00
8.314999999999527347e+01 -5.105913764505688235e+00 0.000000000000000000e+00
8.324999999999526779e+01 -5.105908073513054646e+00 0.000000000000000000e+00
8.334999999999526210e+01 -5.105907424605673484e+00 0.000000000000000000e+00
8.344999999999525642e+01 -5.105911627914570872e+00 0.000000000000000000e+00
8.354999999999525073e+01 -5.105920027895452407e+00 0.000000000000000000e+00
8.364999999999524505e+01 -5.105931579682390975e+00 0.000000000000000000e+00
8.374999999999523936e+01 -5.105944960037305691e+00 0.000000000000000000e+00
8.384999999999523368e+01 -5.105958703041026503e+00 0.000000000000000000e+00
8.394999999999522799e+01 -5.105971348155978973e+00 0.000000000000000000e+00
8.404999999999522231e+01 -5.105981586005770012e+00 0.000000000000000000e+00
8.414999999999521663e+01 -5.105988386010183788e+00 0.000000000000000000e+00
8.424999999999521094e+01 -5.105991091738232512e+00 0.000000000000000000e+00
8.434999999999520526e+01 -5.105989473806291201e+00 0.000000000000000000e+00
8.444999999999519957e+01 -5.105983736740806300e+00 0.000000000000000000e+00
8.454999999999519389e+01 -5.105974482008792670e+00 0.000000000000000000e+00
8.464999999999518820e+01 -5.105962634702225778e+00 0.000000000000000000e+00
8.474999999999518252e+01 -5.105949343148008523e+00 0.000000000000000000e+00
8.484999999999517684e+01 -5.105935862041754092e+00 0.000000000000000000e+00
8.494999999999517115e+01 -5.105923428903749617e+00 0.000000000000000000e+00
8.504999999999516547e+01 -5.105913144641482049e+00 0.000000000000000000e+00
8.514999999999515978e+01 -5.105905868607857556e+00 0.000000000000000000e+00
8.524999999999515410e+01 -5.105902139213140956e+00 0.000000000000000000e+00
8.534999999999514841e+01 -5.105902128483961633e+00 0.000000000000000000e+00
8.544999999999514273e+01 -5.105905635949647525e+00 0.000000000000000000e+00
8.554999999999513705e+01 -5.105912121184613461e+00 0.000000000000000000e+00
8.564999999999513136e+01 -5.105920769937284831e+00 0.000000000000000000e+00
8.574999999999512568e+01 -5.105930584313413512e+00 0.000000000000000000e+00
8.584999999999511999e+01 -5.105940486586739269e+00 0.000000000000000000e+00
8.594999999999511431e+01 -5.105949425808134379e+00 0.000000000000000000e+00
8.604999999999510862e+01 -5.105956478059595405e+00 0.000000000000000000e+00
8.614999999999510294e+01 -5.105960931889261367e+00 0.000000000000000000e+00
8.624999999999509726e+01 -5.105962351900221741e+00 0.000000000000000000e+00
8.634999999999509157e+01 -5.105960614438538769e+00 0.000000000000000000e+00
8.644999999999508589e+01 -5.105955911745607700e+00 0.000000000000000000e+00
8.654999999999508020e+01 -5.105948724009473416e+00 0.000000000000000000e+00
8.664999999999507452e+01 -5.105939762705506091e+00 0.000000000000000000e+00
8.674999999999506883e+01 -5.105929892139872806e+00 0.000000000000000000e+00
8.684999999999506315e+01 -5.105920038441571052e+00 0.000000000000000000e+00
8.694999999999505746e+01 -5.105911096100709479e+00 0.000000000000000000e+00
8.704999999999505178e+01 -5.105903841384548336e+00 0.000000000000000000e+00
8.714999999999504610e+01 -5.105898860613523382e+00 0.000000000000000000e+00
8.724999999999504041e+01 -5.105896499225700325e+00 0.000000000000000000e+00
8.734999999999503473e+01 -5.105896835727471661e+00 0.000000000000000000e+00
8.744999999999502904e+01 -5.105899682251650695e+00 0.000000000000000000e+00
8.754999999999502336e+01 -5.105904611176997676e+00 0.000000000000000000e+00
8.764999999999501767e+01 -5.105911004581560775e+00 0.000000000000000000e+00
8.774999999999501199e+01 -5.105918121054752845e+00 0.000000000000000000e+00
8.784999999999500631e+01 -5.105925172659642186e+00 0.000000000000000000e+00
8.794999999999500062e+01 -5.105931403943464453e+00 0.000000000000000000e+00
8.804999999999499494e+01 -5.105936165192487941e+00 0.000000000000000000e+00
8.814999999999498925e+01 -5.105938972858620417e+00 0.000000000000000000e+00
8.824999999999498357e+01 -5.105939551720133807e+00 0.000000000000000000e+00
8.834999999999497788e+01 -5.105937855089073274e+00 0.000000000000000000e+00
8.844999999999497220e+01 -5.105934061948631530e+00 0.000000000000000000e+00
8.854999999999496652e+01 -5.105928552021200773e+00 0.000000000000000000e+00
8.864999999999496083e+01 -5.105921861963205188e+00 0.000000000000000000e+00
8.874999999999495515e+01 -5.105914627511869419e+00 0.000000000000000000e+00
8.884999999999494946e+01 -5.105907517816511643e+00 0.000000000000000000e+00
8.894999999999494378e+01 -5.105901168549069169e+00 0.000000000000000000e+00
8.904999999999493809e+01 -5.105896120529399340e+00 0.000000000000000000e+00
8.914999999999493241e+01 -5.105892769592877301e+00 0.000000000000000000e+00
8.924999999999492672e+01 -5.105891332406043759e+00 0.000000000000000000e+00
8.934999999999492104e+01 -5.105891830956887034e+00 0.000000000000000000e+00
8.944999999999491536e+01 -5.105894096775443813e+00 0.000000000000000000e+00
8.954999999999490967e+01 -5.105897793722610878e+00 0.000000000000000000e+00
8.964999999999490399e+01 -5.105902456600953876e+00 0.000000000000000000e+00
8.974999999999489830e+01 -5.105907541181006870e+00 0.000000000000000000e+00
8.984999999999489262e+01 -5.105912480394366071e+00 0.000000000000000000e+00
8.994999999999488693e+01 -5.105916740901840889e+00 0.000000000000000000e+00
9.004999999999488125e+01 -5.105919874457264918e+00 0.000000000000000000e+00
9.014999999999487557e+01 -5.105921559180961466e+00 0.000000000000000000e+00
9.024999999999486988e+01 -5.105921626979496253e+00 0.000000000000000000e+00
9.034999999999486420e+01 -5.105920074937909447e+00 0.000000000000000000e+00
9.044999999999485851e+01 -5.105917060025364940e+00 0.000000000000000000e+00
9.054999999999485283e+01 -5.105912878310592262e+00 0.000000000000000000e+00
9.064999999999484714e+01 -5.105907931132099620e+00 0.000000000000000000e+00
9.074999999999484146e+01 -5.105902682137720916e+00 0.000000000000000000e+00
9.084999999999483578e+01 -5.105897609561015571e+00 0.000000000000000000e+00
9.094999999999483009e+01 -5.105893158756388495e+00 0.000000000000000000e+00
9.104999999999482441e+01 -5.105889699461194198e+00 0.000000000000000000e+00
9.114999999999481872e+01 -5.105887492014535844e+00 0.000000000000000000e+00
9.124999999999481304e+01 -5.105886665363743582e+00 0.000000000000000000e+00
9.134999999999480735e+01 -5.105887208822184498e+00 0.000000000000000000e+00
9.144999999999480167e+01 -5.105888977753401115e+00 0.000000000000000000e+00
9.154999999999479599e+01 -5.105891712340922872e+00 0.000000000000000000e+00
9.164999999999479030e+01 -5.105895067001413601e+00 0.000000000000000000e+00
9.174999999999478462e+01 -5.105898647338833030e+00 0.000000000000000000e+00
9.184999999999477893e+01 -5.105902050611931919e+00 0.000000000000000000e+00
9.194999999999477325e+01 -5.105904905713878783e+00 0.000000000000000000e+00
9.204999999999476756e+01 -5.105906908639894937e+00 0.000000000000000000e+00
9.214999999999476188e+01 -5.105907850158565076e+00 0.000000000000000000e+00
9.224999999999475619e+01 -5.105907633172548366e+00 0.000000000000000000e+00
9.234999999999475051e+01 -5.105906278430831335e+00 0.000000000000000000e+00
9.244999999999474483e+01 -5.105903918428383648e+00 0.000000000000000000e+00
9.254999999999473914e+01 -5.105900780488003221e+00 0.000000000000000000e+00
9.264999999999473346e+01 -5.105897161106269344e+00 0.000000000000000000e+00
9.274999999999472777e+01 -5.105893394345713432e+00 0.000000000000000000e+00
9.284999999999472209e+01 -5.105889817660790087e+00 0.000000000000000000e+00
9.294999999999471640e+01 -5.105886738535502900e+00 0.000000000000000000e+00
9.304999999999471072e+01 -5.105884405272022697e+00 0.000000000000000000e+00
9.314999999999470504e+01 -5.105882984571357142e+00 0.000000000000000000e+00
9.324999999999469935e+01 -5.105882547966944962e+00 0.000000000000000000e+00
9.334999999999469367e+01 -5.105883068052600393e+00 0.000000000000000000e+00
9.344999999999468798e+01 -5.105884424623003959e+00 0.000000000000000000e+00
9.354999999999468230e+01 -5.105886419707474921e+00 0.000000000000000000e+00
9.364999999999467661e+01 -5.105888799776394649e+00 0.000000000000000000e+00
9.374999999999467093e+01 -5.105891282635064421e+00 0.000000000000000000e+00
9.384999999999466525e+01 -5.105893586227956860e+00 0.000000000000000000e+00
9.394999999999465956e+01 -5.105895456426566170e+00 0.000000000000000000e+00
9.404999999999465388e+01 -5.105896691093122719e+00 0.000000000000000000e+00
9.414999999999464819e+01 -5.105897158191029739e+00 0.000000000000000000e+00
9.424999999999464251e+01 -5.105896806322629544e+00 0.000000000000000000e+00
9.434999999999463682e+01 -5.105895666975102110e+00 0.000000000000000000e+00
9.444999999999463114e+01 -5.105893848468982199e+00 0.000000000000000000e+00
9.454999999999462545e+01 -5.105891522592315823e+00 0.000000000000000000e+00
9.464999999999461977e+01 -5.105888905390461474e+00 0.000000000000000000e+00
9.474999999999461409e+01 -5.105886234336535878e+00 0.000000000000000000e+00
9.484999999999460840e+01 -5.105883744128639101e+00 0.000000000000000000e+00
9.494999999999460272e+01 -5.105881643691691174e+00 0.000000000000000000e+00
9.504999999999459703e+01 -5.105880096458085937e+00 0.000000000000000000e+00
9.514999999999459135e+01 -5.105879205907720042e+00 0.000000000000000000e+00
9.524999999999458566e+01 -5.105879007452375440e+00 0.000000000000000000e+00
9.534999999999457998e+01 -5.105879467393621418e+00 0.000000000000000000e+00
9.544999999999457430e+01 -5.105880488660969441e+00 0.000000000000000000e+00
9.554999999999456861e+01 -5.105881922667419026e+00 0.000000000000000000e+00
9.564999999999456293e+01 -5.105883585767240440e+00 0.000000000000000000e+00
9.574999999999455724e+01 -5.105885278648675474e+00 0.000000000000000000e+00
9.584999999999455156e+01 -5.105886806536357625e+00 0.000000000000000000e+00
9.594999999999454587e+01 -5.105887998268022976e+00 0.000000000000000000e+00
9.604999999999454019e+01 -5.105888722323313367e+00 0.000000000000000000e+00
9.614999999999453451e+01 -5.105888898385225971e+00 0.000000000000000000e+00
9.624999999999452882e+01 -5.105888503408850809e+00 0.000000000000000000e+00
9.634999999999452314e+01 -5.105887571820120208e+00 0.000000000000000000e+00
9.644999999999451745e+01 -5.105886190029792715e+00 0.000000000000000000e+00
9.654999999999451177e+01 -5.105884486007252754e+00 0.000000000000000000e+00
9.664999999999450608e+01 -5.105882615146177805e+00 0.000000000000000000e+00
9.674999999999450040e+01 -5.105880743923150611e+00 0.000000000000000000e+00
9.684999999999449471e+01 -5.105879033084990581e+00 0.000000000000000000e+00
9.694999999999448903e+01 -5.105877621990404513e+00 0.000000000000000000e+00
9.704999999999448335e+01 -5.105876615661099294e+00 0.000000000000000000e+00
9.714999999999447766e+01 -5.105876075659947055e+00 0.000000000000000000e+00
9.724999999999447198e+01 -5.105876015613027619e+00 0.000000000000000000e+00
9.734999999999446629e+01 -5.105876401591200597e+00 0.000000000000000000e+00
9.744999999999446061e+01 -5.105877157191192950e+00 0.000000000000000000e+00
9.754999999999445492e+01 -5.105878172601744147e+00 0.000000000000000000e+00
9.764999999999444924e+01 -5.105879316657002676e+00 0.000000000000000000e+00
9.774999999999444356e+01 -5.105880450555176253e+00 0.000000000000000000e+00
9.784999999999443787e+01 -5.105881441843783897e+00 0.000000000000000000e+00
9.794999999999443219e+01 -5.105882177276900080e+00 0.000000000000000000e+00
9.804999999999442650e+01 -5.105882573299320271e+00 0.000000000000000000e+00
9.814999999999442082e+01 -5.105882583229035099e+00 0.000000000000000000e+00
9.824999999999441513e+01 -5.105882200502597001e+00 0.000000000000000000e+00
9.834999999999440945e+01 -5.105881457858717276e+00 0.000000000000000000e+00
9.844999999999440377e+01 -5.105880422620289849e+00 0.000000000000000000e+00
9.854999999999439808e+01 -5.105879188769643307e+00 0.000000000000000000e+00
9.864999999999439240e+01 -5.105877866629898953e+00 0.000000000000000000e+00
9.874999999999438671e+01 -5.105876571370834505e+00 0.000000000000000000e+00
9.884999999999438103e+01 -5.105875411411221698e+00 0.000000000000000000e+00
9.894999999999437534e+01 -5.105874477989420512e+00 0.000000000000000000e+00
9.904999999999436966e+01 -5.105873836765319140e+00 0.000000000000000000e+00
9.914999999999436398e+01 -5.105873522331030756e+00 0.000000000000000000e+00
9.924999999999435829e+01 -5.105873535933490359e+00 0.000000000000000000e+00
9.934999999999435261e+01 -5.105873846634555235e+00 0.000000000000000000e+00
9.944999999999434692e+01 -5.105874395542420174e+00 0.000000000000000000e+00
9.954999999999434124e+01 -5.105875102696248113e+00 0.000000000000000000e+00
9.964999999999433555e+01 -5.105875875719574353e+00 0.000000000000000000e+00
9.974999999999432987e+01 -5.105876619423019847e+00 0.000000000000000000e+00
9.984999999999432418e+01 -5.105877245287865129e+00 0.000000000000000000e+00
9.994999999999431850e+01 -5.105877679976173589e+00 0.000000000000000000e+00
1.000499999999943128e+02 -5.105877871998795392e+00 0.000000000000000000e+00
1.001499999999943071e+02 -5.105877796000207525e+00 0.000000000000000000e+00
1.002499999999943014e+02 -5.105877454283245243e+00 0.000000000000000000e+00
1.003499999999942958e+02 -5.105876875548449156e+00 0.000000000000000000e+00
1.004499999999942901e+02 -5.105876111059728828e+00 0.000000000000000000e+00
1.005499999999942844e+02 -5.105875228714308989e+00 0.000000000000000000e+00
1.006499999999942787e+02 -5.105874305690564441e+00 0.000000000000000000e+00
1.007499999999942730e+02 -5.105873420442347488e+00 0.000000000000000000e+00
1.008499999999942673e+02 -5.105872644883623579e+00 0.000000000000000000e+00
1.009499999999942617e+02 -5.105872037505109873e+00 0.000000000000000000e+00
1.010499999999942560e+02 -5.105871638103430143e+00 0.000000000000000000e+00
1.011499999999942503e+02 -5.105871464549671224e+00 0.000000000000000000e+00
1.012499999999942446e+02 -5.105871511872340562e+00 0.000000000000000000e+00
1.013499999999942389e+02 -5.105871753622409415e+00 0.000000000000000000e+00
1.014499999999942332e+02 -5.105872145324156008e+00 0.000000000000000000e+00
1.015499999999942276e+02 -5.105872629564905729e+00 0.000000000000000000e+00
1.016499999999942219e+02 -5.105873142173098067e+00 0.000000000000000000e+00
1.017499999999942162e+02 -5.105873618823308036e+00 0.000000000000000000e+00
1.018499999999942105e+02 -5.105874001399060447e+00 0.000000000000000000e+00
1.019499999999942048e+02 -5.105874243505072130e+00 0.000000000000000000e+00
1.020499999999941991e+02 -5.105874314595980401e+00 0.000000000000000000e+00
1.021499999999941934e+02 -5.105874202398261730e+00 0.000000000000000000e+00
1.022499999999941878e+02 -5.105873913407243059e+00 0.000000000000000000e+00
1.023499999999941821e+02 -5.105873471536390262e+00 0.000000000000000000e+00
1.024499999999941764e+02 -5.105872915057962480e+00 0.000000000000000000e+00
1.025499999999941707e+02 -5.105872292276479207e+00 0.000000000000000000e+00
1.026499999999941650e+02 -5.105871656329894037e+00 0.000000000000000000e+00
1.027499999999941593e+02 -5.105871059757745023e+00 0.000000000000000000e+00
1.028499999999941537e+02 -5.105870549289043936e+00 0.000000000000000000e+00
1.029499999999941480e+02 -5.105870161460035916e+00 0.000000000000000000e+00
1.030499999999941423e+02 -5.105869919361587961e+00 0.000000000000000000e+00
1.031499999999941366e+02 -5.105869830900359396e+00 0.000000000000000000e+00
1.032499999999941309e+02 -5.105869888582023286e+00 0.000000000000000000e+00
1.033499999999941252e+02 -5.105870070881202594e+00 0.000000000000000000e+00
1.034499999999941195e+02 -5.105870344899530622e+00 0.000000000000000000e+00
1.035499999999941139e+02 -5.105870670092679475e+00 0.000000000000000000e+00
1.036499999999941082e+02 -5.105871002565700145e+00 0.000000000000000000e+00
1.037499999999941025e+02 -5.105871299571208333e+00 0.000000000000000000e+00
1.038499999999940968e+02 -5.105871523683084945e+00 0.000000000000000000e+00
1.039499999999940911e+02 -5.105871646310527368e+00 0.000000000000000000e+00
1.040499999999940854e+02 -5.105871650173860132e+00 0.000000000000000000e+00
1.041499999999940798e+02 -5.105871530583305784e+00 0.000000000000000000e+00
1.042499999999940741e+02 -5.105871295402703680e+00 0.000000000000000000e+00
1.043499999999940684e+02 -5.105870963779773675e+00 0.000000000000000000e+00
1.044499999999940627e+02 -5.105870563797460626e+00 0.000000000000000000e+00
1.045499999999940570e+02 -5.105870129332099161e+00 0.000000000000000000e+00
1.046499999999940513e+02 -5.105869696458666063e+00 0.000000000000000000e+00
1.047499999999940457e+02 -5.105869299776077952e+00 0.000000000000000000e+00
1.048499999999940400e+02 -5.105868969030369797e+00 0.000000000000000000e+00
1.049499999999940343e+02 -5.105868726348706588e+00 0.000000000000000000e+00
1.050499999999940286e+02 -5.105868584350129247e+00 0.000000000000000000e+00
1.051499999999940229e+02 -5.105868545269988346e+00 0.000000000000000000e+00
1.052499999999940172e+02 -5.105868601159083475e+00 0.000000000000000000e+00
1.053499999999940115e+02 -5.105868735079564402e+00 0.000000000000000000e+00
1.054499999999940059e+02 -5.105868923148243255e+00 0.000000000000000000e+00
1.055499999999940002e+02 -5.105869137183019824e+00 0.000000000000000000e+00
1.056499999999939945e+02 -5.105869347666748048e+00 0.000000000000000000e+00
1.057499999999939888e+02 -5.105869526727507157e+00 0.000000000000000000e+00
1.058499999999939831e+02 -5.105869650828264383e+00 0.000000000000000000e+00
1.059499999999939774e+02 -5.105869702931952858e+00 0.000000000000000000e+00
1.060499999999939718e+02 -5.105869673921316299e+00 0.000000000000000000e+00
1.061499999999939661e+02 -5.105869563198648819e+00 0.000000000000000000e+00
1.062499999999939604e+02 -5.105869378393385283e+00 0.000000000000000000e+00
1.063499999999939547e+02 -5.105869134292939648e+00 0.000000000000000000e+00
1.064499999999939490e+02 -5.105868851072020931e+00 0.000000000000000000e+00
1.065499999999939433e+02 -5.105868552089908086e+00 0.000000000000000000e+00
1.066499999999939376e+02 -5.105868261417916720e+00 0.000000000000000000e+00
1.067499999999939320e+02 -5.105868001432967596e+00 0.000000000000000000e+00
1.068499999999939263e+02 -5.105867790632444780e+00 0.000000000000000000e+00
1.069499999999939206e+02 -5.105867641967270387e+00 0.000000000000000000e+00
1.070499999999939149e+02 -5.105867561751844974e+00 0.000000000000000000e+00
1.071499999999939092e+02 -5.105867549326462473e+00 0.000000000000000000e+00
1.072499999999939035e+02 -5.105867597386706258e+00 0.000000000000000000e+00
1.073499999999938979e+02 -5.105867693006088892e+00 0.000000000000000000e+00
1.074499999999938922e+02 -5.105867819135731622e+00 0.000000000000000000e+00
1.075499999999938865e+02 -5.105867956491033866e+00 0.000000000000000000e+00
1.076499999999938808e+02 -5.105868085544360113e+00 0.000000000000000000e+00
1.077499999999938751e+02 -5.105868188490955362e+00 0.000000000000000000e+00
1.078499999999938694e+02 -5.105868250929948893e+00 0.000000000000000000e+00
1.079499999999938638e+02 -5.105868263163758414e+00 0.000000000000000000e+00
1.080499999999938581e+02 -5.105868220953577286e+00 0.000000000000000000e+00
1.081499999999938524e+02 -5.105868125722813566e+00 0.000000000000000000e+00
1.082499999999938467e+02 -5.105867984175472607e+00 0.000000000000000000e+00
1.083499999999938410e+02 -5.105867807420250593e+00 0.000000000000000000e+00
1.084499999999938353e+02 -5.105867609683963693e+00 0.000000000000000000e+00
1.085499999999938296e+02 -5.105867406774014405e+00 0.000000000000000000e+00
1.086499999999938240e+02 -5.105867214440437785e+00 0.000000000000000000e+00
1.087499999999938183e+02 -5.105867035522005715e+00 0.000000000000000000e+00
1.088499999999938126e+02 -5.105866855703150797e+00 0.000000000000000000e+00
