4.999999999999715783e-02 nan 0.000000000000000000e+00
1.499999999999914735e-01 -6.214212226809847195e+00 0.000000000000000000e+00
2.499999999999857891e-01 -5.612808985151085395e+00 0.000000000000000000e+00
3.499999999999801048e-01 -5.249246695741407009e+00 0.000000000000000000e+00
4.499999999999744205e-01 -4.983178302022567507e+00 0.000000000000000000e+00
5.499999999999687361e-01 -4.771213364617773678e+00 0.000000000000000000e+00
6.499999999999630518e-01 -4.596574041573584957e+00 0.000000000000000000e+00
7.499999999999573674e-01 -4.454113774762627820e+00 0.000000000000000000e+00
8.499999999999516831e-01 -4.345315565932113877e+00 0.000000000000000000e+00
9.499999999999459988e-01 -4.274774923665370707e+00 0.000000000000000000e+00
1.049999999999940314e+00 -4.245720282887467611e+00 0.000000000000000000e+00
1.149999999999934630e+00 -4.255788545359139974e+00 0.000000000000000000e+00
1.249999999999928946e+00 -4.296196358132272408e+00 0.000000000000000000e+00
1.349999999999923261e+00 -4.354597090493265377e+00 0.000000000000000000e+00
1.449999999999917577e+00 -4.418444785508408579e+00 0.000000000000000000e+00
1.549999999999911893e+00 -4.476746644995409419e+00 0.000000000000000000e+00
1.649999999999906208e+00 -4.520721699005526339e+00 0.000000000000000000e+00
1.749999999999900524e+00 -4.544500919492643121e+00 0.000000000000000000e+00
1.849999999999894840e+00 -4.546036660336332247e+00 0.000000000000000000e+00
1.949999999999889155e+00 -4.527461376862438769e+00 0.000000000000000000e+00
2.049999999999883471e+00 -4.494311025425627548e+00 0.000000000000000000e+00
2.149999999999877787e+00 -4.453978780728063747e+00 0.000000000000000000e+00
2.249999999999872102e+00 -4.414188261895645837e+00 0.000000000000000000e+00
2.349999999999866418e+00 -4.381832332108759331e+00 0.000000000000000000e+00
2.449999999999860734e+00 -4.362048216334854622e+00 0.000000000000000000e+00
2.549999999999855049e+00 -4.357441682330610355e+00 0.000000000000000000e+00
2.649999999999849365e+00 -4.367680408261017888e+00 0.000000000000000000e+00
2.749999999999843681e+00 -4.389728823579725159e+00 0.000000000000000000e+00
2.849999999999837996e+00 -4.418674482336917286e+00 0.000000000000000000e+00
2.949999999999832312e+00 -4.448801361689379341e+00 0.000000000000000000e+00
3.049999999999826628e+00 -4.474611786755881226e+00 0.000000000000000000e+00
3.149999999999820943e+00 -4.491706146666550659e+00 0.000000000000000000e+00
3.249999999999815259e+00 -4.497491964296102651e+00 0.000000000000000000e+00
3.349999999999809575e+00 -4.491598215157368124e+00 0.000000000000000000e+00
3.449999999999803890e+00 -4.475837929418132966e+00 0.000000000000000000e+00
3.549999999999798206e+00 -4.453712259157707187e+00 0.000000000000000000e+00
3.649999999999792522e+00 -4.429636869633910123e+00 0.000000000000000000e+00
3.749999999999786837e+00 -4.408107154725800392e+00 0.000000000000000000e+00
3.849999999999781153e+00 -4.392927948233665170e+00 0.000000000000000000e+00
3.949999999999775468e+00 -4.386574957255833240e+00 0.000000000000000000e+00
4.049999999999769784e+00 -4.389782826730415088e+00 0.000000000000000000e+00
4.149999999999764100e+00 -4.401472716444399857e+00 0.000000000000000000e+00
4.249999999999758415e+00 -4.419051447111302267e+00 0.000000000000000000e+00
4.349999999999752731e+00 -4.438985466084583997e+00 0.000000000000000000e+00
4.449999999999747047e+00 -4.457492279521749090e+00 0.000000000000000000e+00
4.549999999999741362e+00 -4.471221687199871120e+00 0.000000000000000000e+00
4.649999999999735678e+00 -4.477839413264649515e+00 0.000000000000000000e+00
4.749999999999729994e+00 -4.476425154833566289e+00 0.000000000000000000e+00
4.849999999999724309e+00 -4.467595572010377936e+00 0.000000000000000000e+00
4.949999999999718625e+00 -4.453317670262618932e+00 0.000000000000000000e+00
5.049999999999712941e+00 -4.436471379552386907e+00 0.000000000000000000e+00
5.149999999999707256e+00 -4.420278794295505520e+00 0.000000000000000000e+00
5.249999999999701572e+00 -4.407712625778782645e+00 0.000000000000000000e+00
5.349999999999695888e+00 -4.400969703742416250e+00 0.000000000000000000e+00
5.449999999999690203e+00 -4.401088599329023410e+00 0.000000000000000000e+00
5.549999999999684519e+00 -4.407788445817732992e+00 0.000000000000000000e+00
5.649999999999678835e+00 -4.419569598594991433e+00 0.000000000000000000e+00
5.749999999999673150e+00 -4.434046782020789834e+00 0.000000000000000000e+00
5.849999999999667466e+00 -4.448428224890001559e+00 0.000000000000000000e+00
5.949999999999661782e+00 -4.460040952550497373e+00 0.000000000000000000e+00
6.049999999999656097e+00 -4.466815404836840031e+00 0.000000000000000000e+00
6.149999999999650413e+00 -4.467651839989502882e+00 0.000000000000000000e+00
6.249999999999644729e+00 -4.462598824646987872e+00 0.000000000000000000e+00
6.349999999999639044e+00 -4.452804795647213432e+00 0.000000000000000000e+00
6.449999999999633360e+00 -4.440259441554629483e+00 0.000000000000000000e+00
6.549999999999627676e+00 -4.427391851225920050e+00 0.000000000000000000e+00
6.649999999999621991e+00 -4.416610473060048392e+00 0.000000000000000000e+00
6.749999999999616307e+00 -4.409863662404458040e+00 0.000000000000000000e+00
6.849999999999610623e+00 -4.408291276203711639e+00 0.000000000000000000e+00
6.949999999999604938e+00 -4.412030810082862686e+00 0.000000000000000000e+00
7.049999999999599254e+00 -4.420219205151480146e+00 0.000000000000000000e+00
7.149999999999593570e+00 -4.431187707338427373e+00 0.000000000000000000e+00
7.249999999999587885e+00 -4.442801233928961757e+00 0.000000000000000000e+00
7.349999999999582201e+00 -4.452869056716377116e+00 0.000000000000000000e+00
7.449999999999576517e+00 -4.459551495358296869e+00 0.000000000000000000e+00
7.549999999999570832e+00 -4.461693376002090261e+00 0.000000000000000000e+00
7.649999999999565148e+00 -4.459023816638761240e+00 0.000000000000000000e+00
7.749999999999559464e+00 -4.452182691577188045e+00 0.000000000000000000e+00
7.849999999999553779e+00 -4.442571549407296594e+00 0.000000000000000000e+00
7.949999999999548095e+00 -4.432067002485993612e+00 0.000000000000000000e+00
8.049999999999542410e+00 -4.422658905315180355e+00 0.000000000000000000e+00
8.149999999999536726e+00 -4.416080308892479600e+00 0.000000000000000000e+00
8.249999999999531042e+00 -4.413491995789967426e+00 0.000000000000000000e+00
8.349999999999525357e+00 -4.415277403128962774e+00 0.000000000000000000e+00
8.449999999999519673e+00 -4.420988106498271009e+00 0.000000000000000000e+00
8.549999999999513989e+00 -4.429450039226789038e+00 0.000000000000000000e+00
8.649999999999508304e+00 -4.439004524580691502e+00 0.000000000000000000e+00
8.749999999999502620e+00 -4.447831629864714920e+00 0.000000000000000000e+00
8.849999999999496936e+00 -4.454293369374770606e+00 0.000000000000000000e+00
8.949999999999491251e+00 -4.457235475074884157e+00 0.000000000000000000e+00
9.049999999999485567e+00 -4.456193382547854576e+00 0.000000000000000000e+00
9.149999999999479883e+00 -4.451463327143159177e+00 0.000000000000000000e+00
9.249999999999474198e+00 -4.444026306848575913e+00 0.000000000000000000e+00
9.349999999999468514e+00 -4.435344925363908786e+00 0.000000000000000000e+00
9.449999999999462830e+00 -4.427077841460376639e+00 0.000000000000000000e+00
9.549999999999457145e+00 -4.420767136005951947e+00 0.000000000000000000e+00
9.649999999999451461e+00 -4.417553955099930540e+00 0.000000000000000000e+00
9.749999999999445777e+00 -4.417972701309980543e+00 0.000000000000000000e+00
9.849999999999440092e+00 -4.421862429179602039e+00 0.000000000000000000e+00
9.949999999999434408e+00 -4.428412471871878253e+00 0.000000000000000000e+00
1.004999999999942872e+01 -4.436330754632300533e+00 0.000000000000000000e+00
1.014999999999942304e+01 -4.444098118071948988e+00 0.000000000000000000e+00
1.024999999999941735e+01 -4.450258058017214857e+00 0.000000000000000000e+00
1.034999999999941167e+01 -4.453688309046166083e+00 0.000000000000000000e+00
1.044999999999940599e+01 -4.453804946576185309e+00 0.000000000000000000e+00
1.054999999999940030e+01 -4.450660979766341896e+00 0.000000000000000000e+00
1.064999999999939462e+01 -4.444921547038792831e+00 0.000000000000000000e+00
1.074999999999938893e+01 -4.437723749062482348e+00 0.000000000000000000e+00
1.084999999999938325e+01 -4.430452361088027757e+00 0.000000000000000000e+00
1.094999999999937756e+01 -4.424476076537258606e+00 0.000000000000000000e+00
1.104999999999937188e+01 -4.420892581046451220e+00 0.000000000000000000e+00
1.114999999999936620e+01 -4.420327921222527934e+00 0.000000000000000000e+00
1.124999999999936051e+01 -4.422827134266312576e+00 0.000000000000000000e+00
1.134999999999935483e+01 -4.427856891059015254e+00 0.000000000000000000e+00
1.144999999999934914e+01 -4.434418235862829683e+00 0.000000000000000000e+00
1.154999999999934346e+01 -4.441244825130878482e+00 0.000000000000000000e+00
1.164999999999933777e+01 -4.447046578938512518e+00 0.000000000000000000e+00
1.174999999999933209e+01 -4.450752521639461889e+00 0.000000000000000000e+00
1.184999999999932641e+01 -4.451708111737700868e+00 0.000000000000000000e+00
1.194999999999932072e+01 -4.449790515575665850e+00 0.000000000000000000e+00
1.204999999999931504e+01 -4.445420642829335911e+00 0.000000000000000000e+00
1.214999999999930935e+01 -4.439471791318917226e+00 0.000000000000000000e+00
1.224999999999930367e+01 -4.433095642154325944e+00 0.000000000000000000e+00
1.234999999999929798e+01 -4.427500966755476774e+00 0.000000000000000000e+00
1.244999999999929230e+01 -4.423726595742762946e+00 0.000000000000000000e+00
1.254999999999928662e+01 -4.422449715915586665e+00 0.000000000000000000e+00
1.264999999999928093e+01 -4.423864504849645662e+00 0.000000000000000000e+00
1.274999999999927525e+01 -4.427653869957270061e+00 0.000000000000000000e+00
1.284999999999926956e+01 -4.433058889620911103e+00 0.000000000000000000e+00
1.294999999999926388e+01 -4.439030693048161780e+00 0.000000000000000000e+00
1.304999999999925819e+01 -4.444433748078596480e+00 0.000000000000000000e+00
1.314999999999925251e+01 -4.448261269995205325e+00 0.000000000000000000e+00
1.324999999999924682e+01 -4.449822539820605272e+00 0.000000000000000000e+00
1.334999999999924114e+01 -4.448867393671017467e+00 0.000000000000000000e+00
1.344999999999923546e+01 -4.445624928690934397e+00 0.000000000000000000e+00
1.354999999999922977e+01 -4.440750522556925262e+00 0.000000000000000000e+00
1.364999999999922409e+01 -4.435193750731996509e+00 0.000000000000000000e+00
1.374999999999921840e+01 -4.430014461118983782e+00 0.000000000000000000e+00
1.384999999999921272e+01 -4.426182273612045748e+00 0.000000000000000000e+00
1.394999999999920703e+01 -4.424396273245243094e+00 0.000000000000000000e+00
1.404999999999920135e+01 -4.424957824383912275e+00 0.000000000000000000e+00
1.414999999999919567e+01 -4.427720121576602885e+00 0.000000000000000000e+00
1.424999999999918998e+01 -4.432123579957515602e+00 0.000000000000000000e+00
1.434999999999918430e+01 -4.437308981323233148e+00 0.000000000000000000e+00
1.444999999999917861e+01 -4.442285110893969602e+00 0.000000000000000000e+00
1.454999999999917293e+01 -4.446118038221969826e+00 0.000000000000000000e+00
1.464999999999916724e+01 -4.448106243865870724e+00 0.000000000000000000e+00
1.474999999999916156e+01 -4.447908952561499873e+00 0.000000000000000000e+00
1.484999999999915588e+01 -4.445603923612395647e+00 0.000000000000000000e+00
1.494999999999915019e+01 -4.441664800008162217e+00 0.000000000000000000e+00
1.504999999999914451e+01 -4.436864188655992969e+00 0.000000000000000000e+00
1.514999999999913882e+01 -4.432122828740159726e+00 0.000000000000000000e+00
1.524999999999913314e+01 -4.428334242473960458e+00 0.000000000000000000e+00
1.534999999999912745e+01 -4.426197505244666708e+00 0.000000000000000000e+00
1.544999999999912177e+01 -4.426088761095870794e+00 0.000000000000000000e+00
1.554999999999911608e+01 -4.427995232907679934e+00 0.000000000000000000e+00
1.564999999999911040e+01 -4.431523834363326309e+00 0.000000000000000000e+00
1.574999999999910472e+01 -4.435981857089151603e+00 0.000000000000000000e+00
1.584999999999909903e+01 -4.440513012601704723e+00 0.000000000000000000e+00
1.594999999999909335e+01 -4.444261912439563034e+00 0.000000000000000000e+00
1.604999999999908766e+01 -4.446535518595953640e+00 0.000000000000000000e+00
1.614999999999908198e+01 -4.446931266594869925e+00 0.000000000000000000e+00
1.624999999999907629e+01 -4.445408067765666438e+00 0.000000000000000000e+00
1.634999999999907061e+01 -4.442287534895225320e+00 0.000000000000000000e+00
1.644999999999906493e+01 -4.438186634848658940e+00 0.000000000000000000e+00
1.654999999999905924e+01 -4.433896211679329014e+00 0.000000000000000000e+00
1.664999999999905356e+01 -4.430229422882331569e+00 0.000000000000000000e+00
1.674999999999904787e+01 -4.427868657069915059e+00 0.000000000000000000e+00
1.684999999999904219e+01 -4.427239162560011820e+00 0.000000000000000000e+00
1.694999999999903650e+01 -4.428432679002045624e+00 0.000000000000000000e+00
1.704999999999903082e+01 -4.431195163840656370e+00 0.000000000000000000e+00
1.714999999999902514e+01 -4.434980304724526867e+00 0.000000000000000000e+00
1.724999999999901945e+01 -4.439057604159200920e+00 0.000000000000000000e+00
1.734999999999901377e+01 -4.442653476254144529e+00 0.000000000000000000e+00
1.744999999999900808e+01 -4.445098100391907892e+00 0.000000000000000000e+00
1.754999999999900240e+01 -4.445950264843702371e+00 0.000000000000000000e+00
1.764999999999899671e+01 -4.445076900593696756e+00 0.000000000000000000e+00
1.774999999999899103e+01 -4.442672871531922141e+00 0.000000000000000000e+00
1.784999999999898534e+01 -4.439218370660840129e+00 0.000000000000000000e+00
1.794999999999897966e+01 -4.435383422300513523e+00 0.000000000000000000e+00
1.804999999999897398e+01 -4.431898647400850599e+00 0.000000000000000000e+00
1.814999999999896829e+01 -4.429416974562923492e+00 0.000000000000000000e+00
1.824999999999896261e+01 -4.428391973682692218e+00 0.000000000000000000e+00
1.834999999999895692e+01 -4.428995268864222012e+00 0.000000000000000000e+00
1.844999999999895124e+01 -4.431088260455915417e+00 0.000000000000000000e+00
1.854999999999894555e+01 -4.434253043155922391e+00 0.000000000000000000e+00
1.864999999999893987e+01 -4.437875840366904967e+00 0.000000000000000000e+00
1.874999999999893419e+01 -4.441266203114945910e+00 0.000000000000000000e+00
1.884999999999892850e+01 -4.443788757343320128e+00 0.000000000000000000e+00
1.894999999999892282e+01 -4.444982407126967239e+00 0.000000000000000000e+00
1.904999999999891713e+01 -4.444644634175864084e+00 0.000000000000000000e+00
1.914999999999891145e+01 -4.442865413588166668e+00 0.000000000000000000e+00
1.924999999999890576e+01 -4.440005191297670351e+00 0.000000000000000000e+00
1.934999999999890008e+01 -4.436622268297955252e+00 0.000000000000000000e+00
1.944999999999889440e+01 -4.433364396755024472e+00 0.000000000000000000e+00
1.954999999999888871e+01 -4.430845520003519056e+00 0.000000000000000000e+00
1.964999999999888303e+01 -4.429530751911015862e+00 0.000000000000000000e+00
1.974999999999887734e+01 -4.429650868467867930e+00 0.000000000000000000e+00
1.984999999999887166e+01 -4.431162105075252100e+00 0.000000000000000000e+00
1.994999999999886597e+01 -4.433758468732054148e+00 0.000000000000000000e+00
2.004999999999886029e+01 -4.436933615081086302e+00 0.000000000000000000e+00
2.014999999999885461e+01 -4.440079759498692269e+00 0.000000000000000000e+00
2.024999999999884892e+01 -4.442604227231070624e+00 0.000000000000000000e+00
2.034999999999884324e+01 -4.444041285673479891e+00 0.000000000000000000e+00
2.044999999999883755e+01 -4.444138158482271450e+00 0.000000000000000000e+00
2.054999999999883187e+01 -4.442899298290667431e+00 0.000000000000000000e+00
2.064999999999882618e+01 -4.440581212520442023e+00 0.000000000000000000e+00
2.074999999999882050e+01 -4.437639807291561489e+00 0.000000000000000000e+00
2.084999999999881481e+01 -4.434641189535214245e+00 0.000000000000000000e+00
2.094999999999880913e+01 -4.432153366719661314e+00 0.000000000000000000e+00
2.104999999999880345e+01 -4.430639299225631156e+00 0.000000000000000000e+00
2.114999999999879776e+01 -4.430371184067372070e+00 0.000000000000000000e+00
2.124999999999879208e+01 -4.431381800774862434e+00 0.000000000000000000e+00
2.134999999999878639e+01 -4.433461779135487113e+00 0.000000000000000000e+00
2.144999999999878071e+01 -4.436202805316890263e+00 0.000000000000000000e+00
2.154999999999877502e+01 -4.439077917403181139e+00 0.000000000000000000e+00
2.164999999999876934e+01 -4.441543040549597698e+00 0.000000000000000000e+00
2.174999999999876366e+01 -4.443140164585731355e+00 0.000000000000000000e+00
2.184999999999875797e+01 -4.443582588871890060e+00 0.000000000000000000e+00
2.194999999999875229e+01 -4.442806342298194267e+00 0.000000000000000000e+00
2.204999999999874660e+01 -4.440978582638025252e+00 0.000000000000000000e+00
2.214999999999874092e+01 -4.438462188662060548e+00 0.000000000000000000e+00
2.224999999999873523e+01 -4.435744134362479940e+00 0.000000000000000000e+00
2.234999999999872955e+01 -4.433341803602053766e+00 0.000000000000000000e+00
2.244999999999872387e+01 -4.431705110248989499e+00 0.000000000000000000e+00
2.254999999999871818e+01 -4.431132700054159379e+00 0.000000000000000000e+00
2.264999999999871250e+01 -4.431717757919181544e+00 0.000000000000000000e+00
2.274999999999870681e+01 -4.433333341281979756e+00 0.000000000000000000e+00
2.284999999999870113e+01 -4.435659614839940978e+00 0.000000000000000000e+00
2.294999999999869544e+01 -4.438247270092593233e+00 0.000000000000000000e+00
2.304999999999868976e+01 -4.440604534726015018e+00 0.000000000000000000e+00
2.314999999999868407e+01 -4.442290875662382454e+00 0.000000000000000000e+00
2.324999999999867839e+01 -4.442999517944858034e+00 0.000000000000000000e+00
2.334999999999867271e+01 -4.442613302193257674e+00 0.000000000000000000e+00
2.344999999999866702e+01 -4.441223716625179563e+00 0.000000000000000000e+00
2.354999999999866134e+01 -4.439110170116870258e+00 0.000000000000000000e+00
2.364999999999865565e+01 -4.436684206156873422e+00 0.000000000000000000e+00
2.374999999999864997e+01 -4.434409847706457519e+00 0.000000000000000000e+00
2.384999999999864428e+01 -4.432715388929353573e+00 0.000000000000000000e+00
2.394999999999863860e+01 -4.431913217355237578e+00 0.000000000000000000e+00
2.404999999999863292e+01 -4.432142549302982459e+00 0.000000000000000000e+00
2.414999999999862723e+01 -4.433345616221005869e+00 0.000000000000000000e+00
2.424999999999862155e+01 -4.435281453187361222e+00 0.000000000000000000e+00
2.434999999999861586e+01 -4.437574220617343634e+00 0.000000000000000000e+00
2.444999999999861018e+01 -4.439786380802916987e+00 0.000000000000000000e+00
2.454999999999860449e+01 -4.441502445367929930e+00 0.000000000000000000e+00
2.464999999999859881e+01 -4.442407230661773454e+00 0.000000000000000000e+00
2.474999999999859313e+01 -4.442343858832005665e+00 0.000000000000000000e+00
2.484999999999858744e+01 -4.441340833646022723e+00 0.000000000000000000e+00
2.494999999999858176e+01 -4.439603603934155096e+00 0.000000000000000000e+00
2.504999999999857607e+01 -4.437472896280099555e+00 0.000000000000000000e+00
2.514999999999857039e+01 -4.435358307717861770e+00 0.000000000000000000e+00
2.524999999999856470e+01 -4.433660059940552678e+00 0.000000000000000000e+00
2.534999999999855902e+01 -4.432693712035210787e+00 0.000000000000000000e+00
2.544999999999855333e+01 -4.432631874546917317e+00 0.000000000000000000e+00
2.554999999999854765e+01 -4.433473675597601193e+00 0.000000000000000000e+00
2.564999999999854197e+01 -4.435047453885728075e+00 0.000000000000000000e+00
2.574999999999853628e+01 -4.437045771518040915e+00 0.000000000000000000e+00
2.584999999999853060e+01 -4.439085657821169484e+00 0.000000000000000000e+00
2.594999999999852491e+01 -4.440782252919736273e+00 0.000000000000000000e+00
2.604999999999851923e+01 -4.441821654355944560e+00 0.000000000000000000e+00
2.614999999999851354e+01 -4.442019151792371723e+00 0.000000000000000000e+00
2.624999999999850786e+01 -4.441352039303934518e+00 0.000000000000000000e+00
2.634999999999850218e+01 -4.439961234704441040e+00 0.000000000000000000e+00
2.644999999999849649e+01 -4.438121984093498895e+00 0.000000000000000000e+00
2.654999999999849081e+01 -4.436189778232989767e+00 0.000000000000000000e+00
2.664999999999848512e+01 -4.434532086678319551e+00 0.000000000000000000e+00
2.674999999999847944e+01 -4.433458920542475923e+00 0.000000000000000000e+00
2.684999999999847375e+01 -4.433165220577642174e+00 0.000000000000000000e+00
2.694999999999846807e+01 -4.433695741853985517e+00 0.000000000000000000e+00
2.704999999999846239e+01 -4.434938797513800601e+00 0.000000000000000000e+00
2.714999999999845670e+01 -4.436649711260755247e+00 0.000000000000000000e+00
2.724999999999845102e+01 -4.438499130971147011e+00 0.000000000000000000e+00
2.734999999999844533e+01 -4.440136662534783341e+00 0.000000000000000000e+00
2.744999999999843965e+01 -4.441257496894834844e+00 0.000000000000000000e+00
2.754999999999843396e+01 -4.441659333042874636e+00 0.000000000000000000e+00
2.764999999999842828e+01 -4.441278956839562753e+00 0.000000000000000000e+00
2.774999999999842260e+01 -4.440201891990383842e+00 0.000000000000000000e+00
2.784999999999841691e+01 -4.438643797057930662e+00 0.000000000000000000e+00
2.794999999999841123e+01 -4.436907653665211448e+00 0.000000000000000000e+00
2.804999999999840554e+01 -4.435325249721278063e+00 0.000000000000000000e+00
2.814999999999839986e+01 -4.434194185576531666e+00 0.000000000000000000e+00
2.824999999999839417e+01 -4.433722267717228327e+00 0.000000000000000000e+00
2.834999999999838849e+01 -4.433989619412826322e+00 0.000000000000000000e+00
2.844999999999838280e+01 -4.434935439223600007e+00 0.000000000000000000e+00
2.854999999999837712e+01 -4.436371612710390266e+00 0.000000000000000000e+00
2.864999999999837144e+01 -4.438020249258987526e+00 0.000000000000000000e+00
2.874999999999836575e+01 -4.439567666793315048e+00 0.000000000000000000e+00
2.884999999999836007e+01 -4.440724314616779189e+00 0.000000000000000000e+00
2.894999999999835438e+01 -4.441279157215006101e+00 0.000000000000000000e+00
2.904999999999834870e+01 -4.441138288088751551e+00 0.000000000000000000e+00
2.914999999999834301e+01 -4.440340728459653441e+00 0.000000000000000000e+00
2.924999999999833733e+01 -4.439048837101995382e+00 0.000000000000000000e+00
2.934999999999833165e+01 -4.437515629695854891e+00 0.000000000000000000e+00
2.944999999999832596e+01 -4.436035589330442619e+00 0.000000000000000000e+00
2.954999999999832028e+01 -4.434888493031718504e+00 0.000000000000000000e+00
2.964999999999831459e+01 -4.434286882494105519e+00 0.000000000000000000e+00
2.974999999999830891e+01 -4.434336983525560605e+00 0.000000000000000000e+00
2.984999999999830322e+01 -4.435020250810476128e+00 0.000000000000000000e+00
2.994999999999829754e+01 -4.436198771886458836e+00 0.000000000000000000e+00
3.004999999999829186e+01 -4.437643191157865097e+00 0.000000000000000000e+00
3.014999999999828617e+01 -4.439077536408113644e+00 0.000000000000000000e+00
3.024999999999828049e+01 -4.440232173722054476e+00 0.000000000000000000e+00
3.034999999999827480e+01 -4.440894704832206941e+00 0.000000000000000000e+00
3.044999999999826912e+01 -4.440949181836018056e+00 0.000000000000000000e+00
3.054999999999826343e+01 -4.440396405426544568e+00 0.000000000000000000e+00
3.064999999999825775e+01 -4.439351810477504934e+00 0.000000000000000000e+00
3.074999999999825206e+01 -4.438021757892055774e+00 0.000000000000000000e+00
3.084999999999824638e+01 -4.436663109908332459e+00 0.000000000000000000e+00
3.094999999999824070e+01 -4.435533978856669002e+00 0.000000000000000000e+00
3.104999999999823501e+01 -4.434845035079639786e+00 0.000000000000000000e+00
3.114999999999822933e+01 -4.434720495146094343e+00 0.000000000000000000e+00
3.124999999999822364e+01 -4.435176000639002858e+00 0.000000000000000000e+00
3.134999999999821796e+01 -4.436117339311422825e+00 0.000000000000000000e+00
3.144999999999821227e+01 -4.437359977910596776e+00 0.000000000000000000e+00
3.154999999999820659e+01 -4.438665403229485662e+00 0.000000000000000000e+00
3.164999999999820091e+01 -4.439787116355254248e+00 0.000000000000000000e+00
3.174999999999819522e+01 -4.440517388882549987e+00 0.000000000000000000e+00
3.184999999999818954e+01 -4.440725893052200668e+00 0.000000000000000000e+00
3.194999999999818385e+01 -4.440383023166523557e+00 0.000000000000000000e+00
3.204999999999817817e+01 -4.439563769498779067e+00 0.000000000000000000e+00
3.214999999999817248e+01 -4.438431782919832536e+00 0.000000000000000000e+00
3.224999999999816680e+01 -4.437207007858692265e+00 0.000000000000000000e+00
3.234999999999816112e+01 -4.436123275946994404e+00 0.000000000000000000e+00
3.244999999999815543e+01 -4.435383986650340837e+00 0.000000000000000000e+00
3.254999999999814975e+01 -4.435124224731882947e+00 0.000000000000000000e+00
3.264999999999814406e+01 -4.435386337955820935e+00 0.000000000000000000e+00
3.274999999999813838e+01 -4.436113399838812477e+00 0.000000000000000000e+00
3.284999999999813269e+01 -4.437161546478437302e+00 0.000000000000000000e+00
3.294999999999812701e+01 -4.438328582818651391e+00 0.000000000000000000e+00
3.304999999999812133e+01 -4.439393180260711169e+00 0.000000000000000000e+00
3.314999999999811564e+01 -4.440157054702533301e+00 0.000000000000000000e+00
3.324999999999810996e+01 -4.440482069160253786e+00 0.000000000000000000e+00
3.334999999999810427e+01 -4.440315312476167620e+00 0.000000000000000000e+00
3.344999999999809859e+01 -4.439697624531619091e+00 0.000000000000000000e+00
3.354999999999809290e+01 -4.438754265549023970e+00 0.000000000000000000e+00
3.364999999999808722e+01 -4.437669833711957779e+00 0.000000000000000000e+00
3.374999999999808153e+01 -4.436652443150152614e+00 0.000000000000000000e+00
3.384999999999807585e+01 -4.435894086365029132e+00 0.000000000000000000e+00
3.394999999999807017e+01 -4.435534681642749888e+00 0.000000000000000000e+00
3.404999999999806448e+01 -4.435636511027967188e+00 0.000000000000000000e+00
3.414999999999805880e+01 -4.436173711733387037e+00 0.000000000000000000e+00
3.424999999999805311e+01 -4.437038596324240913e+00 0.000000000000000000e+00
3.434999999999804743e+01 -4.438063355923203446e+00 0.000000000000000000e+00
3.444999999999804174e+01 -4.439052795150209896e+00 0.000000000000000000e+00
3.454999999999803606e+01 -4.439821705413208086e+00 0.000000000000000000e+00
3.464999999999803038e+01 -4.440229706100780049e+00 0.000000000000000000e+00
3.474999999999802469e+01 -4.440206992485845383e+00 0.000000000000000000e+00
3.484999999999801901e+01 -4.439766280364537465e+00 0.000000000000000000e+00
3.494999999999801332e+01 -4.438998953647343981e+00 0.000000000000000000e+00
3.504999999999800764e+01 -4.438056444053324334e+00 0.000000000000000000e+00
3.514999999999800195e+01 -4.437120633547405824e+00 0.000000000000000000e+00
3.524999999999799627e+01 -4.436369038823547051e+00 0.000000000000000000e+00
3.534999999999799059e+01 -4.435941408472109160e+00 0.000000000000000000e+00
3.544999999999798490e+01 -4.435913982405101486e+00 0.000000000000000000e+00
3.554999999999797922e+01 -4.436286147637595434e+00 0.000000000000000000e+00
3.564999999999797353e+01 -4.436981823776635636e+00 0.000000000000000000e+00
3.574999999999796785e+01 -4.437865100309578814e+00 0.000000000000000000e+00
3.584999999999796216e+01 -4.438766939963174174e+00 0.000000000000000000e+00
3.594999999999795648e+01 -4.439517705087480337e+00 0.000000000000000000e+00
3.604999999999795079e+01 -4.439979236863959677e+00 0.000000000000000000e+00
3.614999999999794511e+01 -4.440070411944344819e+00 0.000000000000000000e+00
3.624999999999793943e+01 -4.439781455392996179e+00 0.000000000000000000e+00
3.634999999999793374e+01 -4.439174513204842576e+00 0.000000000000000000e+00
3.644999999999792806e+01 -4.438370643550832995e+00 0.000000000000000000e+00
3.654999999999792237e+01 -4.437525936910841295e+00 0.000000000000000000e+00
3.664999999999791669e+01 -4.436801464818160845e+00 0.000000000000000000e+00
3.674999999999791100e+01 -4.436332812240290302e+00 0.000000000000000000e+00
3.684999999999790532e+01 -4.436204932443343019e+00 0.000000000000000000e+00
3.694999999999789964e+01 -4.436436970391208767e+00 0.000000000000000000e+00
3.704999999999789395e+01 -4.436979767541329167e+00 0.000000000000000000e+00
3.714999999999788827e+01 -4.437726320793031753e+00 0.000000000000000000e+00
3.724999999999788258e+01 -4.438533010290184322e+00 0.000000000000000000e+00
3.734999999999787690e+01 -4.439247390385859582e+00 0.000000000000000000e+00
3.744999999999787121e+01 -4.439737159731877547e+00 0.000000000000000000e+00
3.754999999999786553e+01 -4.439914796745719983e+00 0.000000000000000000e+00
3.764999999999785985e+01 -4.439753274896002466e+00 0.000000000000000000e+00
3.774999999999785416e+01 -4.439290059080734707e+00 0.000000000000000000e+00
3.784999999999784848e+01 -4.438618857214983393e+00 0.000000000000000000e+00
3.794999999999784279e+01 -4.437870925576764769e+00 0.000000000000000000e+00
3.804999999999783711e+01 -4.437189643869894340e+00 0.000000000000000000e+00
3.814999999999783142e+01 -4.436703266366343712e+00 0.000000000000000000e+00
3.824999999999782574e+01 -4.436500998569309573e+00 0.000000000000000000e+00
3.834999999999782005e+01 -4.436616847871201585e+00 0.000000000000000000e+00
3.844999999999781437e+01 -4.437024163704705870e+00 0.000000000000000000e+00
3.854999999999780869e+01 -4.437641730911415117e+00 0.000000000000000000e+00
3.864999999999780300e+01 -4.438350074181268923e+00 0.000000000000000000e+00
3.874999999999779732e+01 -4.439014715892752427e+00 0.000000000000000000e+00
3.884999999999779163e+01 -4.439511857272351314e+00 0.000000000000000000e+00
3.894999999999778595e+01 -4.439751572390862044e+00 0.000000000000000000e+00
3.904999999999778026e+01 -4.439694168999475998e+00 0.000000000000000000e+00
3.914999999999777458e+01 -4.439356751223250797e+00 0.000000000000000000e+00
3.924999999999776890e+01 -4.438808938462995179e+00 0.000000000000000000e+00
3.934999999999776321e+01 -4.438158760066730046e+00 0.000000000000000000e+00
3.944999999999775753e+01 -4.437531576888244622e+00 0.000000000000000000e+00
3.954999999999775184e+01 -4.437046124358114518e+00 0.000000000000000000e+00
3.964999999999774616e+01 -4.436792238228361995e+00 0.000000000000000000e+00
3.974999999999774047e+01 -4.436814422508597033e+00 0.000000000000000000e+00
3.984999999999773479e+01 -4.437104261227828417e+00 0.000000000000000000e+00
3.994999999999772911e+01 -4.437602957137933402e+00 0.000000000000000000e+00
4.004999999999772342e+01 -4.438213349747220704e+00 0.000000000000000000e+00
4.014999999999771774e+01 -4.438818972106818528e+00 0.000000000000000000e+00
4.024999999999771205e+01 -4.439306411397836882e+00 0.000000000000000000e+00
4.034999999999770637e+01 -4.439586675230741797e+00 0.000000000000000000e+00
4.044999999999770068e+01 -4.439611536463047514e+00 0.000000000000000000e+00
4.054999999999769500e+01 -4.439381863995404132e+00 0.000000000000000000e+00
4.064999999999768932e+01 -4.438946524735503552e+00 0.000000000000000000e+00
4.074999999999768363e+01 -4.438392256202306818e+00 0.000000000000000000e+00
4.084999999999767795e+01 -4.437826595681837460e+00 0.000000000000000000e+00
4.094999999999767226e+01 -4.437357216214563138e+00 0.000000000000000000e+00
4.104999999999766658e+01 -4.437071620247459158e+00 0.000000000000000000e+00
4.114999999999766089e+01 -4.437021007759524238e+00 0.000000000000000000e+00
4.124999999999765521e+01 -4.437211281387991590e+00 0.000000000000000000e+00
4.134999999999764952e+01 -4.437602765548288808e+00 0.000000000000000000e+00
4.144999999999764384e+01 -4.438118540525712419e+00 0.000000000000000000e+00
4.154999999999763816e+01 -4.438659665549091748e+00 0.000000000000000000e+00
4.164999999999763247e+01 -4.439124282625249940e+00 0.000000000000000000e+00
4.174999999999762679e+01 -4.439426910887204869e+00 0.000000000000000000e+00
4.184999999999762110e+01 -4.439514274144626960e+00 0.000000000000000000e+00
4.194999999999761542e+01 -4.439374734685582524e+00 0.000000000000000000e+00
4.204999999999760973e+01 -4.439039680725044512e+00 0.000000000000000000e+00
4.214999999999760405e+01 -4.438576768490878344e+00 0.000000000000000000e+00
4.224999999999759837e+01 -4.438076461435217723e+00 0.000000000000000000e+00
4.234999999999759268e+01 -4.437634533417930349e+00 0.000000000000000000e+00
4.244999999999758700e+01 -4.437333909958631750e+00 0.000000000000000000e+00
4.254999999999758131e+01 -4.437229274383125421e+00 0.000000000000000000e+00
4.264999999999757563e+01 -4.437337289625852499e+00 0.000000000000000000e+00
4.274999999999756994e+01 -4.437634175287671567e+00 0.000000000000000000e+00
4.284999999999756426e+01 -4.438060967068532037e+00 0.000000000000000000e+00
4.294999999999755858e+01 -4.438535322402424654e+00 0.000000000000000000e+00
4.304999999999755289e+01 -4.438967518116760935e+00 0.000000000000000000e+00
4.314999999999754721e+01 -4.439277531794926013e+00 0.000000000000000000e+00
4.324999999999754152e+01 -4.439409954165308037e+00 0.000000000000000000e+00
4.334999999999753584e+01 -4.439343957427928977e+00 0.000000000000000000e+00
4.344999999999753015e+01 -4.439096537436322265e+00 0.000000000000000000e+00
4.354999999999752447e+01 -4.438718559160362176e+00 0.000000000000000000e+00
4.364999999999751878e+01 -4.438284497630250236e+00 0.000000000000000000e+00
4.374999999999751310e+01 -4.437877936405610235e+00 0.000000000000000000e+00
4.384999999999750742e+01 -4.437575633596786417e+00 0.000000000000000000e+00
4.394999999999750173e+01 -4.437433183321663144e+00 0.000000000000000000e+00
4.404999999999749605e+01 -4.437474939326182977e+00 0.000000000000000000e+00
4.414999999999749036e+01 -4.437690024028299263e+00 0.000000000000000000e+00
4.424999999999748468e+01 -4.438035063063151320e+00 0.000000000000000000e+00
4.434999999999747899e+01 -4.438443006923152190e+00 0.000000000000000000e+00
4.444999999999747331e+01 -4.438836255693509258e+00 0.000000000000000000e+00
4.454999999999746763e+01 -4.439141521017986314e+00 0.000000000000000000e+00
4.464999999999746194e+01 -4.439303577419293489e+00 0.000000000000000000e+00
4.474999999999745626e+01 -4.439295323084910372e+00 0.000000000000000000e+00
4.484999999999745057e+01 -4.439122324844748668e+00 0.000000000000000000e+00
4.494999999999744489e+01 -4.438821103432955439e+00 0.000000000000000000e+00
4.504999999999743920e+01 -4.438451616655296306e+00 0.000000000000000000e+00
4.514999999999743352e+01 -4.438085477495235409e+00 0.000000000000000000e+00
4.524999999999742784e+01 -4.437792217150557939e+00 0.000000000000000000e+00
4.534999999999742215e+01 -4.437626216936441104e+00 0.000000000000000000e+00
4.544999999999741647e+01 -4.437616759323382176e+00 0.000000000000000000e+00
4.554999999999741078e+01 -4.437763009656281454e+00 0.000000000000000000e+00
4.564999999999740510e+01 -4.438034781417386831e+00 0.000000000000000000e+00
4.574999999999739941e+01 -4.438378825812105966e+00 0.000000000000000000e+00
4.584999999999739373e+01 -4.438729349304173510e+00 0.000000000000000000e+00
4.594999999999738804e+01 -4.439020684668880001e+00 0.000000000000000000e+00
4.604999999999738236e+01 -4.439199676395499061e+00 0.000000000000000000e+00
4.614999999999737668e+01 -4.439235446261647233e+00 0.000000000000000000e+00
4.624999999999737099e+01 -4.439124750681450848e+00 0.000000000000000000e+00
4.634999999999736531e+01 -4.438892015591689777e+00 0.000000000000000000e+00
4.644999999999735962e+01 -4.438584156105017442e+00 0.000000000000000000e+00
4.654999999999735394e+01 -4.438261270168905703e+00 0.000000000000000000e+00
4.664999999999734825e+01 -4.437985042353961518e+00 0.000000000000000000e+00
4.674999999999734257e+01 -4.437807088612379047e+00 0.000000000000000000e+00
4.684999999999733689e+01 -4.437759433797853426e+00 0.000000000000000000e+00
4.694999999999733120e+01 -4.437848874825478518e+00 0.000000000000000000e+00
4.704999999999732552e+01 -4.438056213736234490e+00 0.000000000000000000e+00
4.714999999999731983e+01 -4.438340411939003083e+00 0.000000000000000000e+00
4.724999999999731415e+01 -4.438646782477683850e+00 0.000000000000000000e+00
4.734999999999730846e+01 -4.438917591976068167e+00 0.000000000000000000e+00
4.744999999999730278e+01 -4.439103017830490217e+00 0.000000000000000000e+00
4.754999999999729710e+01 -4.439170381687437938e+00 0.000000000000000000e+00
4.764999999999729141e+01 -4.439109951294152090e+00 0.000000000000000000e+00
4.774999999999728573e+01 -4.438936288355519011e+00 0.000000000000000000e+00
4.784999999999728004e+01 -4.438684986525058385e+00 0.000000000000000000e+00
4.794999999999727436e+01 -4.438405513717079032e+00 0.000000000000000000e+00
4.804999999999726867e+01 -4.438151593828521868e+00 0.000000000000000000e+00
4.814999999999726299e+01 -4.437970990055202236e+00 0.000000000000000000e+00
4.824999999999725731e+01 -4.437896628617014727e+00 0.000000000000000000e+00
4.834999999999725162e+01 -4.437940705024077559e+00 0.000000000000000000e+00
4.844999999999724594e+01 -4.438092824206249176e+00 0.000000000000000000e+00
4.854999999999724025e+01 -4.438322440380021661e+00 0.000000000000000000e+00
4.864999999999723457e+01 -4.438585048229278129e+00 0.000000000000000000e+00
4.874999999999722888e+01 -4.438830876156737659e+00 0.000000000000000000e+00
4.884999999999722320e+01 -4.439014386612459617e+00 0.000000000000000000e+00
4.894999999999721751e+01 -4.439102771312261275e+00 0.000000000000000000e+00
4.904999999999721183e+01 -4.439081859307542288e+00 0.000000000000000000e+00
4.914999999999720615e+01 -4.438958381462842162e+00 0.000000000000000000e+00
4.924999999999720046e+01 -4.438758244949322140e+00 0.000000000000000000e+00
4.934999999999719478e+01 -4.438521233564703294e+00 0.000000000000000000e+00
4.944999999999718909e+01 -4.438293209451353860e+00 0.000000000000000000e+00
4.954999999999718341e+01 -4.438117340711290382e+00 0.000000000000000000e+00
4.964999999999717772e+01 -4.438026025192990609e+00 0.000000000000000000e+00
4.974999999999717204e+01 -4.438035018351730976e+00 0.000000000000000000e+00
4.984999999999716636e+01 -4.438140823335672280e+00 0.000000000000000000e+00
4.994999999999716067e+01 -4.438321768694609482e+00 0.000000000000000000e+00
5.004999999999715499e+01 -4.438542491121606481e+00 0.000000000000000000e+00
5.014999999999714930e+01 -4.438760905135189283e+00 0.000000000000000000e+00
5.024999999999714362e+01 -4.438936288301395194e+00 0.000000000000000000e+00
5.034999999999713793e+01 -4.439036930066663444e+00 0.000000000000000000e+00
5.044999999999713225e+01 -4.439045909263507284e+00 0.000000000000000000e+00
5.054999999999712657e+01 -4.438963951637877159e+00 0.000000000000000000e+00
5.064999999999712088e+01 -4.438808896388535707e+00 0.000000000000000000e+00
5.074999999999711520e+01 -4.438611949444374538e+00 0.000000000000000000e+00
5.084999999999710951e+01 -4.438411504885398706e+00 0.000000000000000000e+00
5.094999999999710383e+01 -4.438245751658202565e+00 0.000000000000000000e+00
5.104999999999709814e+01 -4.438145486263457506e+00 0.000000000000000000e+00
5.114999999999709246e+01 -4.438128477485887124e+00 0.000000000000000000e+00
5.124999999999708677e+01 -4.438196411250785012e+00 0.000000000000000000e+00
5.134999999999708109e+01 -4.438334932414199407e+00 0.000000000000000000e+00
5.144999999999707541e+01 -4.438516708801728328e+00 0.000000000000000000e+00
5.154999999999706972e+01 -4.438706871965651501e+00 0.000000000000000000e+00
5.164999999999706404e+01 -4.438869756586073301e+00 0.000000000000000000e+00
5.174999999999705835e+01 -4.438975638004961866e+00 0.000000000000000000e+00
5.184999999999705267e+01 -4.439006197531025322e+00 0.000000000000000000e+00
5.194999999999704698e+01 -4.438957714705104252e+00 0.000000000000000000e+00
5.204999999999704130e+01 -4.438841436384554306e+00 0.000000000000000000e+00
5.214999999999703562e+01 -4.438681118908745837e+00 0.000000000000000000e+00
5.224999999999702993e+01 -4.438508269321109978e+00 0.000000000000000000e+00
5.234999999999702425e+01 -4.438356035183167236e+00 0.000000000000000000e+00
5.244999999999701856e+01 -4.438252922021403535e+00 0.000000000000000000e+00
5.254999999999701288e+01 -4.438217527255262418e+00 0.000000000000000000e+00
5.264999999999700719e+01 -4.438255258981397944e+00 0.000000000000000000e+00
5.274999999999700151e+01 -4.438357616449975396e+00 0.000000000000000000e+00
5.284999999999699583e+01 -4.438504110247238010e+00 0.000000000000000000e+00
5.294999999999699014e+01 -4.438666401993540234e+00 0.000000000000000000e+00
5.304999999999698446e+01 -4.438813830462221333e+00 0.000000000000000000e+00
5.314999999999697877e+01 -4.438919248359451508e+00 0.000000000000000000e+00
5.324999999999697309e+01 -4.438964059269228102e+00 0.000000000000000000e+00
5.334999999999696740e+01 -4.438941521887049824e+00 0.000000000000000000e+00
5.344999999999696172e+01 -4.438857739919593648e+00 0.000000000000000000e+00
5.354999999999695603e+01 -4.438730206239005049e+00 0.000000000000000000e+00
5.364999999999695035e+01 -4.438584236683625228e+00 0.000000000000000000e+00
5.374999999999694467e+01 -4.438448015545907843e+00 0.000000000000000000e+00
5.384999999999693898e+01 -4.438347220881963651e+00 0.000000000000000000e+00
5.394999999999693330e+01 -4.438300249744970394e+00 0.000000000000000000e+00
5.404999999999692761e+01 -4.438314928947640681e+00 0.000000000000000000e+00
5.414999999999692193e+01 -4.438387293285385837e+00 0.000000000000000000e+00
5.424999999999691624e+01 -4.438502613214083681e+00 0.000000000000000000e+00
5.434999999999691056e+01 -4.438638423817597101e+00 0.000000000000000000e+00
5.444999999999690488e+01 -4.438768937882342946e+00 0.000000000000000000e+00
5.454999999999689919e+01 -4.438869978516898129e+00 0.000000000000000000e+00
5.464999999999689351e+01 -4.438923490446700093e+00 0.000000000000000000e+00
5.474999999999688782e+01 -4.438920791181813819e+00 0.000000000000000000e+00
5.484999999999688214e+01 -4.438863980286575028e+00 0.000000000000000000e+00
5.494999999999687645e+01 -4.438765286805990584e+00 0.000000000000000000e+00
5.504999999999687077e+01 -4.438644526014988934e+00 0.000000000000000000e+00
5.514999999999686509e+01 -4.438525189988816955e+00 0.000000000000000000e+00
5.524999999999685940e+01 -4.438429938076634329e+00 0.000000000000000000e+00
5.534999999999685372e+01 -4.438376351125949526e+00 0.000000000000000000e+00
5.544999999999684803e+01 -4.438373741023047714e+00 0.000000000000000000e+00
5.554999999999684235e+01 -4.438421593548554256e+00 0.000000000000000000e+00
5.564999999999683666e+01 -4.438509899103338263e+00 0.000000000000000000e+00
5.574999999999683098e+01 -4.438621266320535774e+00 0.000000000000000000e+00
5.584999999999682530e+01 -4.438734377143543242e+00 0.000000000000000000e+00
5.594999999999681961e+01 -4.438828099906922731e+00 0.000000000000000000e+00
5.604999999999681393e+01 -4.438885467643364890e+00 0.000000000000000000e+00
5.614999999999680824e+01 -4.438896773681062946e+00 0.000000000000000000e+00
5.624999999999680256e+01 -4.438861222270266360e+00 0.000000000000000000e+00
5.634999999999679687e+01 -4.438786858200115759e+00 0.000000000000000000e+00
5.644999999999679119e+01 -4.438688832770592008e+00 0.000000000000000000e+00
5.654999999999678550e+01 -4.438586373796215234e+00 0.000000000000000000e+00
5.664999999999677982e+01 -4.438499064330655663e+00 0.000000000000000000e+00
5.674999999999677414e+01 -4.438443146874364587e+00 0.000000000000000000e+00
5.684999999999676845e+01 -4.438428549504210174e+00 0.000000000000000000e+00
5.694999999999676277e+01 -4.438457174306209119e+00 0.000000000000000000e+00
5.704999999999675708e+01 -4.438522740020239610e+00 0.000000000000000000e+00
5.714999999999675140e+01 -4.438612168689835435e+00 0.000000000000000000e+00
5.724999999999674571e+01 -4.438708217555791258e+00 0.000000000000000000e+00
5.734999999999674003e+01 -4.438792828815270042e+00 0.000000000000000000e+00
5.744999999999673435e+01 -4.438850548786436256e+00 0.000000000000000000e+00
5.754999999999672866e+01 -4.438871370859470922e+00 0.000000000000000000e+00
5.764999999999672298e+01 -4.438852481329751853e+00 0.000000000000000000e+00
5.774999999999671729e+01 -4.438798607744494973e+00 0.000000000000000000e+00
5.784999999999671161e+01 -4.438720938809637140e+00 0.000000000000000000e+00
5.794999999999670592e+01 -4.438634856130724948e+00 0.000000000000000000e+00
5.804999999999670024e+01 -4.438556933419361528e+00 0.000000000000000000e+00
5.814999999999669456e+01 -4.438501787504513629e+00 0.000000000000000000e+00
5.824999999999668887e+01 -4.438479376365934925e+00 0.000000000000000000e+00
5.834999999999668319e+01 -4.438493243075710026e+00 0.000000000000000000e+00
5.844999999999667750e+01 -4.438540011624498405e+00 0.000000000000000000e+00
5.854999999999667182e+01 -4.438610199253884225e+00 0.000000000000000000e+00
5.864999999999666613e+01 -4.438690158001302954e+00 0.000000000000000000e+00
5.874999999999666045e+01 -4.438764751236866424e+00 0.000000000000000000e+00
5.884999999999665476e+01 -4.438820241231463903e+00 0.000000000000000000e+00
5.894999999999664908e+01 -4.438846838152026741e+00 0.000000000000000000e+00
5.904999999999664340e+01 -4.438840439304069463e+00 0.000000000000000000e+00
5.914999999999663771e+01 -4.438803252251765308e+00 0.000000000000000000e+00
5.924999999999663203e+01 -4.438743214944474325e+00 0.000000000000000000e+00
5.934999999999662634e+01 -4.438672353189184072e+00 0.000000000000000000e+00
5.944999999999662066e+01 -4.438604413444111607e+00 0.000000000000000000e+00
5.954999999999661497e+01 -4.438552233710110428e+00 0.000000000000000000e+00
5.964999999999660929e+01 -4.438525354281334323e+00 0.000000000000000000e+00
5.974999999999660361e+01 -4.438528309568117614e+00 0.000000000000000000e+00
5.984999999999659792e+01 -4.438559905252223992e+00 0.000000000000000000e+00
5.994999999999659224e+01 -4.438613590265047648e+00 0.000000000000000000e+00
6.004999999999658655e+01 -4.438678826639188557e+00 0.000000000000000000e+00
6.014999999999658087e+01 -4.438743173779891471e+00 0.000000000000000000e+00
6.024999999999657518e+01 -4.438794677586660242e+00 0.000000000000000000e+00
6.034999999999656950e+01 -4.438824107073000569e+00 0.000000000000000000e+00
6.044999999999656382e+01 -4.438826621333445743e+00 0.000000000000000000e+00
6.054999999999655813e+01 -4.438802567659640985e+00 0.000000000000000000e+00
6.064999999999655245e+01 -4.438757281900816309e+00 0.000000000000000000e+00
6.074999999999654676e+01 -4.438699954639754530e+00 0.000000000000000000e+00
6.084999999999654108e+01 -4.438641799740006277e+00 0.000000000000000000e+00
6.094999999999653539e+01 -4.438593889416305949e+00 0.000000000000000000e+00
6.104999999999652971e+01 -4.438565071781484406e+00 0.000000000000000000e+00
6.114999999999652402e+01 -4.438560362920996205e+00 0.000000000000000000e+00
6.124999999999651834e+01 -4.438580103751408323e+00 0.000000000000000000e+00
6.134999999999651266e+01 -4.438620021762857526e+00 0.000000000000000000e+00
6.144999999999650697e+01 -4.438672160992057414e+00 0.000000000000000000e+00
6.154999999999650129e+01 -4.438726481655535849e+00 0.000000000000000000e+00
6.164999999999649560e+01 -4.438772808387104085e+00 0.000000000000000000e+00
6.174999999999648992e+01 -4.438802749786495028e+00 0.000000000000000000e+00
6.184999999999648423e+01 -4.438811227972557560e+00 0.000000000000000000e+00
6.194999999999647855e+01 -4.438797340915776601e+00 0.000000000000000000e+00
6.204999999999647287e+01 -4.438764415006905217e+00 0.000000000000000000e+00
6.214999999999646718e+01 -4.438719261031788044e+00 0.000000000000000000e+00
6.224999999999646150e+01 -4.438670797353943875e+00 0.000000000000000000e+00
6.234999999999645581e+01 -4.438628316215893044e+00 0.000000000000000000e+00
6.244999999999645013e+01 -4.438599729467033406e+00 0.000000000000000000e+00
6.254999999999644444e+01 -4.438590121972334934e+00 0.000000000000000000e+00
6.264999999999643876e+01 -4.438600875828473846e+00 0.000000000000000000e+00
6.274999999999643308e+01 -4.438629512458637016e+00 0.000000000000000000e+00
6.284999999999642739e+01 -4.438670263105541913e+00 0.000000000000000000e+00
6.294999999999642171e+01 -4.438715240373355186e+00 0.000000000000000000e+00
6.304999999999641602e+01 -4.438755975663577047e+00 0.000000000000000000e+00
6.314999999999641034e+01 -4.438785024365723864e+00 0.000000000000000000e+00
6.324999999999640465e+01 -4.438797336128198268e+00 0.000000000000000000e+00
6.334999999999639897e+01 -4.438791139395032559e+00 0.000000000000000000e+00
6.344999999999639329e+01 -4.438768186420796624e+00 0.000000000000000000e+00
6.354999999999638760e+01 -4.438733329756606061e+00 0.000000000000000000e+00
6.364999999999638192e+01 -4.438693526405332435e+00 0.000000000000000000e+00
6.374999999999637623e+01 -4.438656472604193937e+00 0.000000000000000000e+00
6.384999999999637055e+01 -4.438629135082205579e+00 0.000000000000000000e+00
6.394999999999636486e+01 -4.438616459316391705e+00 0.000000000000000000e+00
6.404999999999635918e+01 -4.438620493001029566e+00 0.000000000000000000e+00
6.414999999999635349e+01 -4.438640080125546561e+00 0.000000000000000000e+00
6.424999999999634781e+01 -4.438671167390948469e+00 0.000000000000000000e+00
6.434999999999634213e+01 -4.438707649037847425e+00 0.000000000000000000e+00
6.444999999999633644e+01 -4.438742575011450420e+00 0.000000000000000000e+00
6.454999999999633076e+01 -4.438769484257210074e+00 0.000000000000000000e+00
6.464999999999632507e+01 -4.438783607598447922e+00 0.000000000000000000e+00
6.474999999999631939e+01 -4.438782716893221014e+00 0.000000000000000000e+00
6.484999999999631370e+01 -4.438767470995686359e+00 0.000000000000000000e+00
6.494999999999630802e+01 -4.438741207910527287e+00 0.000000000000000000e+00
6.504999999999630234e+01 -4.438709239427706343e+00 0.000000000000000000e+00
6.514999999999629665e+01 -4.438677795152657701e+00 0.000000000000000000e+00
6.524999999999629097e+01 -4.438652825637368515e+00 0.000000000000000000e+00
6.534999999999628528e+01 -4.438638892716424422e+00 0.000000000000000000e+00
6.544999999999627960e+01 -4.438638353497157851e+00 0.000000000000000000e+00
6.554999999999627391e+01 -4.438650981586251376e+00 0.000000000000000000e+00
6.564999999999626823e+01 -4.438674084499977468e+00 0.000000000000000000e+00
6.574999999999626255e+01 -4.438703080191200634e+00 0.000000000000000000e+00
6.584999999999625686e+01 -4.438732411810495826e+00 0.000000000000000000e+00
6.594999999999625118e+01 -4.438756619054671226e+00 0.000000000000000000e+00
6.604999999999624549e+01 -4.438771360744335759e+00 0.000000000000000000e+00
6.614999999999623981e+01 -4.438774198027903850e+00 0.000000000000000000e+00
6.624999999999623412e+01 -4.438764997696768688e+00 0.000000000000000000e+00
6.634999999999622844e+01 -4.438745890913911474e+00 0.000000000000000000e+00
6.644999999999622275e+01 -4.438720807230945198e+00 0.000000000000000000e+00
6.654999999999621707e+01 -4.438694684220764408e+00 0.000000000000000000e+00
6.664999999999621139e+01 -4.438672510011581807e+00 0.000000000000000000e+00
6.674999999999620570e+01 -4.438658384483121111e+00 0.000000000000000000e+00
6.684999999999620002e+01 -4.438654774541165970e+00 0.000000000000000000e+00
6.694999999999619433e+01 -4.438662098744492468e+00 0.000000000000000000e+00
6.704999999999618865e+01 -4.438678709048820892e+00 0.000000000000000000e+00
6.714999999999618296e+01 -4.438701261866834891e+00 0.000000000000000000e+00
6.724999999999617728e+01 -4.438725396420783120e+00 0.000000000000000000e+00
6.734999999999617160e+01 -4.438746583885403219e+00 0.000000000000000000e+00
6.744999999999616591e+01 -4.438760982371705133e+00 0.000000000000000000e+00
6.754999999999616023e+01 -4.438766137141918477e+00 0.000000000000000000e+00
6.764999999999615454e+01 -4.438761399610055669e+00 0.000000000000000000e+00
6.774999999999614886e+01 -4.438747994981556033e+00 0.000000000000000000e+00
6.784999999999614317e+01 -4.438728736981287781e+00 0.000000000000000000e+00
6.794999999999613749e+01 -4.438707453193702968e+00 0.000000000000000000e+00
6.804999999999613181e+01 -4.438688237748490195e+00 0.000000000000000000e+00
6.814999999999612612e+01 -4.438674675538738512e+00 0.000000000000000000e+00
6.824999999999612044e+01 -4.438669184629920217e+00 0.000000000000000000e+00
6.834999999999611475e+01 -4.438672595912753316e+00 0.000000000000000000e+00
6.844999999999610907e+01 -4.438684042776652738e+00 0.000000000000000000e+00
6.854999999999610338e+01 -4.438701172389343697e+00 0.000000000000000000e+00
6.864999999999609770e+01 -4.438720630641359577e+00 0.000000000000000000e+00
6.874999999999609201e+01 -4.438738721806950949e+00 0.000000000000000000e+00
6.884999999999608633e+01 -4.438752114198279308e+00 0.000000000000000000e+00
6.894999999999608065e+01 -4.438758457379553768e+00 0.000000000000000000e+00
6.904999999999607496e+01 -4.438756796688334560e+00 0.000000000000000000e+00
6.914999999999606928e+01 -4.438747712454622629e+00 0.000000000000000000e+00
6.924999999999606359e+01 -4.438733164950727783e+00 0.000000000000000000e+00
6.934999999999605791e+01 -4.438716083353354769e+00 0.000000000000000000e+00
6.944999999999605222e+01 -4.438699783650074338e+00 0.000000000000000000e+00
6.954999999999604654e+01 -4.438687331650692514e+00 0.000000000000000000e+00
6.964999999999604086e+01 -4.438680972943615188e+00 0.000000000000000000e+00
6.974999999999603517e+01 -4.438681736300804204e+00 0.000000000000000000e+00
6.984999999999602949e+01 -4.438689279286974099e+00 0.000000000000000000e+00
6.994999999999602380e+01 -4.438701997642522379e+00 0.000000000000000000e+00
7.004999999999601812e+01 -4.438717368231549720e+00 0.000000000000000000e+00
7.014999999999601243e+01 -4.438732453133312994e+00 0.000000000000000000e+00
7.024999999999600675e+01 -4.438744464163312919e+00 0.000000000000000000e+00
7.034999999999600107e+01 -4.438751279944175288e+00 0.000000000000000000e+00
7.044999999999599538e+01 -4.438751820542028881e+00 0.000000000000000000e+00
7.054999999999598970e+01 -4.438746214731276396e+00 0.000000000000000000e+00
7.064999999999598401e+01 -4.438735736364036732e+00 0.000000000000000000e+00
7.074999999999597833e+01 -4.438722529349930390e+00 0.000000000000000000e+00
7.084999999999597264e+01 -4.438709179937992744e+00 0.000000000000000000e+00
7.094999999999596696e+01 -4.438698220122097027e+00 0.000000000000000000e+00
7.104999999999596128e+01 -4.438691656951369247e+00 0.000000000000000000e+00
7.114999999999595559e+01 -4.438690613599677093e+00 0.000000000000000000e+00
7.124999999999594991e+01 -4.438695145988290847e+00 0.000000000000000000e+00
7.134999999999594422e+01 -4.438704263470276246e+00 0.000000000000000000e+00
7.144999999999593854e+01 -4.438716144532772745e+00 0.000000000000000000e+00
7.154999999999593285e+01 -4.438728501721069364e+00 0.000000000000000000e+00
7.164999999999592717e+01 -4.438739023941277395e+00 0.000000000000000000e+00
7.174999999999592148e+01 -4.438745811124527485e+00 0.000000000000000000e+00
7.184999999999591580e+01 -4.438747719786163337e+00 0.000000000000000000e+00
7.194999999999591012e+01 -4.438744556715890077e+00 0.000000000000000000e+00
7.204999999999590443e+01 -4.438737087901521328e+00 0.000000000000000000e+00
7.214999999999589875e+01 -4.438726866125336734e+00 0.000000000000000000e+00
7.224999999999589306e+01 -4.438715914436407672e+00 0.000000000000000000e+00
7.234999999999588738e+01 -4.438706330082660578e+00 0.000000000000000000e+00
7.244999999999588169e+01 -4.438699886054203070e+00 0.000000000000000000e+00
7.254999999999587601e+01 -4.438697706631220541e+00 0.000000000000000000e+00
7.264999999999587033e+01 -4.438700075911834020e+00 0.000000000000000000e+00
7.274999999999586464e+01 -4.438706411877433311e+00 0.000000000000000000e+00
7.284999999999585896e+01 -4.438715404966534273e+00 0.000000000000000000e+00
7.294999999999585327e+01 -4.438725289473384628e+00 0.000000000000000000e+00
7.304999999999584759e+01 -4.438734191536332752e+00 0.000000000000000000e+00
7.314999999999584190e+01 -4.438740485268714231e+00 0.000000000000000000e+00
7.324999999999583622e+01 -4.438743089707688938e+00 0.000000000000000000e+00
7.334999999999583054e+01 -4.438741652714004893e+00 0.000000000000000000e+00
7.344999999999582485e+01 -4.438736591896852879e+00 0.000000000000000000e+00
7.354999999999581917e+01 -4.438728989737112940e+00 0.000000000000000000e+00
7.364999999999581348e+01 -4.438720368400948857e+00 0.000000000000000000e+00
7.374999999999580780e+01 -4.438712389953411552e+00 0.000000000000000000e+00
7.384999999999580211e+01 -4.438706541122846794e+00 0.000000000000000000e+00
7.394999999999579643e+01 -4.438703861111743976e+00 0.000000000000000000e+00
7.404999999999579074e+01 -4.438704762329958697e+00 0.000000000000000000e+00
7.414999999999578506e+01 -4.438708973652301992e+00 0.000000000000000000e+00
7.424999999999577938e+01 -4.438715613422227868e+00 0.000000000000000000e+00
7.434999999999577369e+01 -4.438723373911726000e+00 0.000000000000000000e+00
7.444999999999576801e+01 -4.438730779799205273e+00 0.000000000000000000e+00
7.454999999999576232e+01 -4.438736469684147146e+00 0.000000000000000000e+00
7.464999999999575664e+01 -4.438739447501221846e+00 0.000000000000000000e+00
7.474999999999575095e+01 -4.438739257453480747e+00 0.000000000000000000e+00
7.484999999999574527e+01 -4.438736052044963465e+00 0.000000000000000000e+00
7.494999999999573959e+01 -4.438730543790725847e+00 0.000000000000000000e+00
7.504999999999573390e+01 -4.438723853242583672e+00 0.000000000000000000e+00
7.514999999999572822e+01 -4.438717285439595983e+00 0.000000000000000000e+00
7.524999999999572253e+01 -4.438712078948826800e+00 0.000000000000000000e+00
7.534999999999571685e+01 -4.438709175871140111e+00 0.000000000000000000e+00
7.544999999999571116e+01 -4.438709055058806641e+00 0.000000000000000000e+00
7.554999999999570548e+01 -4.438711657941160738e+00 0.000000000000000000e+00
7.564999999999569980e+01 -4.438716417441977313e+00 0.000000000000000000e+00
7.574999999999569411e+01 -4.438722381142835793e+00 0.000000000000000000e+00
7.584999999999568843e+01 -4.438728402297325459e+00 0.000000000000000000e+00
7.594999999999568274e+01 -4.438733360692524776e+00 0.000000000000000000e+00
7.604999999999567706e+01 -4.438736371250040058e+00 0.000000000000000000e+00
7.614999999999567137e+01 -4.438736941744502396e+00 0.000000000000000000e+00
7.624999999999566569e+01 -4.438735052239298540e+00 0.000000000000000000e+00
7.634999999999566000e+01 -4.438731143597275164e+00 0.000000000000000000e+00
7.644999999999565432e+01 -4.438726020488424240e+00 0.000000000000000000e+00
7.654999999999564864e+01 -4.438720689045446477e+00 0.000000000000000000e+00
7.664999999999564295e+01 -4.438716161971171026e+00 0.000000000000000000e+00
7.674999999999563727e+01 -4.438713267919203176e+00 0.000000000000000000e+00
7.684999999999563158e+01 -4.438712501432129365e+00 0.000000000000000000e+00
7.694999999999562590e+01 -4.438713939995951208e+00 0.000000000000000000e+00
7.704999999999562021e+01 -4.438717242631414983e+00 0.000000000000000000e+00
7.714999999999561453e+01 -4.438721727525819283e+00 0.000000000000000000e+00
7.724999999999560885e+01 -4.438726512184397954e+00 0.000000000000000000e+00
7.734999999999560316e+01 -4.438730687160830080e+00 0.000000000000000000e+00
7.744999999999559748e+01 -4.438733489432299173e+00 0.000000000000000000e+00
7.754999999999559179e+01 -4.438734441992314927e+00 0.000000000000000000e+00
7.764999999999558611e+01 -4.438733434156352686e+00 0.000000000000000000e+00
7.774999999999558042e+01 -4.438730729231428640e+00 0.000000000000000000e+00
7.784999999999557474e+01 -4.438726900780050499e+00 0.000000000000000000e+00
7.794999999999556906e+01 -4.438722712579571628e+00 0.000000000000000000e+00
7.804999999999556337e+01 -4.438718967363177725e+00 0.000000000000000000e+00
7.814999999999555769e+01 -4.438716354588192914e+00 0.000000000000000000e+00
7.824999999999555200e+01 -4.438715325854289517e+00 0.000000000000000000e+00
7.834999999999554632e+01 -4.438716020286147312e+00 0.000000000000000000e+00
7.844999999999554063e+01 -4.438718251299794915e+00 0.000000000000000000e+00
7.854999999999553495e+01 -4.438721554416493298e+00 0.000000000000000000e+00
7.864999999999552927e+01 -4.438725284333386867e+00 0.000000000000000000e+00
7.874999999999552358e+01 -4.438728741154823076e+00 0.000000000000000000e+00
7.884999999999551790e+01 -4.438731301485921321e+00 0.000000000000000000e+00
7.894999999999551221e+01 -4.438732530219088090e+00 0.000000000000000000e+00
7.904999999999550653e+01 -4.438732253784881898e+00 0.000000000000000000e+00
7.914999999999550084e+01 -4.438730582820096693e+00 0.000000000000000000e+00
7.924999999999549516e+01 -4.438727882327390795e+00 0.000000000000000000e+00
7.934999999999548947e+01 -4.438724696002763537e+00 0.000000000000000000e+00
7.944999999999548379e+01 -4.438721640280704150e+00 0.000000000000000000e+00
7.954999999999547811e+01 -4.438719287678129177e+00 0.000000000000000000e+00
7.964999999999547242e+01 -4.438718061587883845e+00 0.000000000000000000e+00
7.974999999999546674e+01 -4.438718161133796691e+00 0.000000000000000000e+00
7.984999999999546105e+01 -4.438719529978978784e+00 0.000000000000000000e+00
7.994999999999545537e+01 -4.438721873625635972e+00 0.000000000000000000e+00
8.004999999999544968e+01 -4.438724721530432404e+00 0.000000000000000000e+00
8.014999999999544400e+01 -4.438727521027031386e+00 0.000000000000000000e+00
8.024999999999543832e+01 -4.438729744802268229e+00 0.000000000000000000e+00
8.034999999999543263e+01 -4.438730990679058408e+00 0.000000000000000000e+00
8.044999999999542695e+01 -4.438731054731257508e+00 0.000000000000000000e+00
8.054999999999542126e+01 -4.438729964056208566e+00 0.000000000000000000e+00
8.064999999999541558e+01 -4.438727963983867930e+00 0.000000000000000000e+00
8.074999999999540989e+01 -4.438725463646381542e+00 0.000000000000000000e+00
8.084999999999540421e+01 -4.438722951906239444e+00 0.000000000000000000e+00
8.094999999999539853e+01 -4.438720901235924110e+00 0.000000000000000000e+00
8.104999999999539284e+01 -4.438719678587872863e+00 0.000000000000000000e+00
8.114999999999538716e+01 -4.438719480289942787e+00 0.000000000000000000e+00
8.124999999999538147e+01 -4.438720302230839465e+00 0.000000000000000000e+00
8.134999999999537579e+01 -4.438721949381013943e+00 0.000000000000000000e+00
8.144999999999537010e+01 -4.438724080788624349e+00 0.000000000000000000e+00
8.154999999999536442e+01 -4.438726279757869264e+00 0.000000000000000000e+00
8.164999999999535873e+01 -4.438728134844351914e+00 0.000000000000000000e+00
8.174999999999535305e+01 -4.438729315991184698e+00 0.000000000000000000e+00
8.184999999999534737e+01 -4.438729632214217347e+00 0.000000000000000000e+00
8.194999999999534168e+01 -4.438729060951907890e+00 0.000000000000000000e+00
8.204999999999533600e+01 -4.438727745374705158e+00 0.000000000000000000e+00
8.214999999999533031e+01 -4.438725961226765548e+00 0.000000000000000000e+00
8.224999999999532463e+01 -4.438724060909752467e+00 0.000000000000000000e+00
8.234999999999531894e+01 -4.438722405416024586e+00 0.000000000000000000e+00
8.244999999999531326e+01 -4.438721297397990817e+00 0.000000000000000000e+00
8.254999999999530758e+01 -4.438720927060976429e+00 0.000000000000000000e+00
8.264999999999530189e+01 -4.438721340842561425e+00 0.000000000000000000e+00
8.274999999999529621e+01 -4.438722437486116057e+00 0.000000000000000000e+00
8.284999999999529052e+01 -4.438723991858964268e+00 0.000000000000000000e+00
8.294999999999528484e+01 -4.438725700911499317e+00 0.000000000000000000e+00
8.304999999999527915e+01 -4.438727242907886783e+00 0.000000000000000000e+00
8.314999999999527347e+01 -4.438728338164149356e+00 0.000000000000000000e+00
8.324999999999526779e+01 -4.438728800047611500e+00 0.000000000000000000e+00
8.334999999999526210e+01 -4.438728566758087801e+00 0.000000000000000000e+00
8.344999999999525642e+01 -4.438727708608023903e+00 0.000000000000000000e+00
8.354999999999525073e+01 -4.438726410196420780e+00 0.000000000000000000e+00
8.364999999999524505e+01 -4.438724931726203415e+00 0.000000000000000000e+00
8.374999999999523936e+01 -4.438723557547739063e+00 0.000000000000000000e+00
8.384999999999523368e+01 -4.438722542029830187e+00 0.000000000000000000e+00
8.394999999999522799e+01 -4.438722063081336877e+00 0.000000000000000000e+00
8.404999999999522231e+01 -4.438722191645681825e+00 0.000000000000000000e+00
8.414999999999521663e+01 -4.438722882293165917e+00 0.000000000000000000e+00
8.424999999999521094e+01 -4.438723985821601659e+00 0.000000000000000000e+00
8.434999999999520526e+01 -4.438725280716717236e+00 0.000000000000000000e+00
8.444999999999519957e+01 -4.438726517023269480e+00 0.000000000000000000e+00
8.454999999999519389e+01 -4.438727464001403611e+00 0.000000000000000000e+00
8.464999999999518820e+01 -4.438727952767342444e+00 0.000000000000000000e+00
8.474999999999518252e+01 -4.438727905948589125e+00 0.000000000000000000e+00
8.484999999999517684e+01 -4.438727349435340308e+00 0.000000000000000000e+00
8.494999999999517115e+01 -4.438726404180776797e+00 0.000000000000000000e+00
8.504999999999516547e+01 -4.438725260431689357e+00 0.000000000000000000e+00
8.514999999999515978e+01 -4.438724139316891026e+00 0.000000000000000000e+00
8.524999999999515410e+01 -4.438723249858845143e+00 0.000000000000000000e+00
8.534999999999514841e+01 -4.438722749390434430e+00 0.000000000000000000e+00
8.544999999999514273e+01 -4.438722715412510844e+00 0.000000000000000000e+00
8.554999999999513705e+01 -4.438723133651336639e+00 0.000000000000000000e+00
8.564999999999513136e+01 -4.438723904553089739e+00 0.000000000000000000e+00
8.574999999999512568e+01 -4.438724865905458117e+00 0.000000000000000000e+00
8.584999999999511999e+01 -4.438725826805519858e+00 0.000000000000000000e+00
8.594999999999511431e+01 -4.438726605466964514e+00 0.000000000000000000e+00
8.604999999999510862e+01 -4.438727063477180046e+00 0.000000000000000000e+00
8.614999999999510294e+01 -4.438727129805601024e+00 0.000000000000000000e+00
8.624999999999509726e+01 -4.438726810665754030e+00 0.000000000000000000e+00
8.634999999999509157e+01 -4.438726184158552357e+00 0.000000000000000000e+00
8.644999999999508589e+01 -4.438725381812830051e+00 0.000000000000000000e+00
8.654999999999508020e+01 -4.438724561387812351e+00 0.000000000000000000e+00
8.664999999999507452e+01 -4.438723876568868576e+00 0.000000000000000000e+00
8.674999999999506883e+01 -4.438723449279549982e+00 0.000000000000000000e+00
8.684999999999506315e+01 -4.438723349304951604e+00 0.000000000000000000e+00
8.694999999999505746e+01 -4.438723584299591352e+00 0.000000000000000000e+00
8.704999999999505178e+01 -4.438724101211458439e+00 0.000000000000000000e+00
8.714999999999504610e+01 -4.438724798195511134e+00 0.000000000000000000e+00
8.724999999999504041e+01 -4.438725544513351551e+00 0.000000000000000000e+00
8.734999999999503473e+01 -4.438726204656920693e+00 0.000000000000000000e+00
8.744999999999502904e+01 -4.438726662632608289e+00 0.000000000000000000e+00
8.754999999999502336e+01 -4.438726842135588768e+00 0.000000000000000000e+00
8.764999999999501767e+01 -4.438726719461000947e+00 0.000000000000000000e+00
8.774999999999501199e+01 -4.438726326705668690e+00 0.000000000000000000e+00
8.784999999999500631e+01 -4.438725744999576506e+00 0.000000000000000000e+00
8.794999999999500062e+01 -4.438725088579598577e+00 0.000000000000000000e+00
8.804999999999499494e+01 -4.438724482916582836e+00 0.000000000000000000e+00
8.814999999999498925e+01 -4.438724040562944673e+00 0.000000000000000000e+00
8.824999999999498357e+01 -4.438723839767477308e+00 0.000000000000000000e+00
8.834999999999497788e+01 -4.438723909729668016e+00 0.000000000000000000e+00
8.844999999999497220e+01 -4.438724225919112421e+00 0.000000000000000000e+00
8.854999999999496652e+01 -4.438724716092119493e+00 0.000000000000000000e+00
8.864999999999496083e+01 -4.438725276055506264e+00 0.000000000000000000e+00
8.874999999999495515e+01 -4.438725791451156866e+00 0.000000000000000000e+00
8.884999999999494946e+01 -4.438726161092642286e+00 0.000000000000000000e+00
8.894999999999494378e+01 -4.438726316642763514e+00 0.000000000000000000e+00
8.904999999999493809e+01 -4.438726234790291159e+00 0.000000000000000000e+00
8.914999999999493241e+01 -4.438725939605859594e+00 0.000000000000000000e+00
8.924999999999492672e+01 -4.438725495266439225e+00 0.000000000000000000e+00
8.934999999999492104e+01 -4.438724991245864615e+00 0.000000000000000000e+00
8.944999999999491536e+01 -4.438724523581927706e+00 0.000000000000000000e+00
8.954999999999490967e+01 -4.438724176249806419e+00 0.000000000000000000e+00
8.964999999999490399e+01 -4.438724006248814469e+00 0.000000000000000000e+00
8.974999999999489830e+01 -4.438724034874588220e+00 0.000000000000000000e+00
8.984999999999489262e+01 -4.438724246206991353e+00 0.000000000000000000e+00
8.994999999999488693e+01 -4.438724592379798217e+00 0.000000000000000000e+00
9.004999999999488125e+01 -4.438725004135761765e+00 0.000000000000000000e+00
9.014999999999487557e+01 -4.438725404328198287e+00 0.000000000000000000e+00
9.024999999999486988e+01 -4.438725721976779504e+00 0.000000000000000000e+00
9.034999999999486420e+01 -4.438725904358300056e+00 0.000000000000000000e+00
9.044999999999485851e+01 -4.438725925446597387e+00 0.000000000000000000e+00
9.054999999999485283e+01 -4.438725789266261934e+00 0.000000000000000000e+00
9.064999999999484714e+01 -4.438725528074765059e+00 0.000000000000000000e+00
9.074999999999484146e+01 -4.438725195536969537e+00 0.000000000000000000e+00
9.084999999999483578e+01 -4.438724856496456539e+00 0.000000000000000000e+00
9.094999999999483009e+01 -4.438724574819324253e+00 0.000000000000000000e+00
9.104999999999482441e+01 -4.438724401843148648e+00 0.000000000000000000e+00
9.114999999999481872e+01 -4.438724367136416937e+00 0.000000000000000000e+00
9.124999999999481304e+01 -4.438724473614759525e+00 0.000000000000000000e+00
9.134999999999480735e+01 -4.438724697543586117e+00 0.000000000000000000e+00
9.144999999999480167e+01 -4.438724993721195666e+00 0.000000000000000000e+00
9.154999999999479599e+01 -4.438725304488401413e+00 0.000000000000000000e+00
9.164999999999479030e+01 -4.438725571044043861e+00 0.000000000000000000e+00
9.174999999999478462e+01 -4.438725744588786881e+00 0.000000000000000000e+00
9.184999999999477893e+01 -4.438725795333531288e+00 0.000000000000000000e+00
9.194999999999477325e+01 -4.438725717518471114e+00 0.000000000000000000e+00
9.204999999999476756e+01 -4.438725529724837138e+00 0.000000000000000000e+00
9.214999999999476188e+01 -4.438725270494232156e+00 0.000000000000000000e+00
9.224999999999475619e+01 -4.438724990340998211e+00 0.000000000000000000e+00
9.234999999999475051e+01 -4.438724741776585603e+00 0.000000000000000000e+00
9.244999999999474483e+01 -4.438724569338542203e+00 0.000000000000000000e+00
9.254999999999473914e+01 -4.438724501470784567e+00 0.000000000000000000e+00
9.264999999999473346e+01 -4.438724545725312609e+00 0.000000000000000000e+00
9.274999999999472777e+01 -4.438724688032351651e+00 0.000000000000000000e+00
9.284999999999472209e+01 -4.438724896101623685e+00 0.000000000000000000e+00
9.294999999999471640e+01 -4.438725126137809340e+00 0.000000000000000000e+00
9.304999999999471072e+01 -4.438725331632666915e+00 0.000000000000000000e+00
9.314999999999470504e+01 -4.438725472383074688e+00 0.000000000000000000e+00
9.324999999999469935e+01 -4.438725522157220382e+00 0.000000000000000000e+00
9.334999999999469367e+01 -4.438725473314679704e+00 0.000000000000000000e+00
9.344999999999468798e+01 -4.438725337746433297e+00 0.000000000000000000e+00
9.354999999999468230e+01 -4.438725143734643552e+00 0.000000000000000000e+00
9.364999999999467661e+01 -4.438724929773327332e+00 0.000000000000000000e+00
9.374999999999467093e+01 -4.438724736401427506e+00 0.000000000000000000e+00
9.384999999999466525e+01 -4.438724598180066039e+00 0.000000000000000000e+00
9.394999999999465956e+01 -4.438724537156646832e+00 0.000000000000000000e+00
9.404999999999465388e+01 -4.438724559456596275e+00 0.000000000000000000e+00
9.414999999999464819e+01 -4.438724655160687149e+00 0.000000000000000000e+00
9.424999999999464251e+01 -4.438724801535481213e+00 0.000000000000000000e+00
9.434999999999463682e+01 -4.438724968327421472e+00 0.000000000000000000e+00
9.444999999999463114e+01 -4.438725124095251218e+00 0.000000000000000000e+00
9.454999999999462545e+01 -4.438725241980669978e+00 0.000000000000000000e+00
9.464999999999461977e+01 -4.438725304103952496e+00 0.000000000000000000e+00
9.474999999999461409e+01 -4.438725303820819867e+00 0.000000000000000000e+00
9.484999999999460840e+01 -4.438725245885470905e+00 0.000000000000000000e+00
9.494999999999460272e+01 -4.438725144696932468e+00 0.000000000000000000e+00
9.504999999999459703e+01 -4.438725021213681288e+00 0.000000000000000000e+00
9.514999999999459135e+01 -4.438724899110644273e+00 0.000000000000000000e+00
9.524999999999458566e+01 -4.438724800800065040e+00 0.000000000000000000e+00
9.534999999999457998e+01 -4.438724743860744226e+00 0.000000000000000000e+00
9.544999999999457430e+01 -4.438724738312286533e+00 0.000000000000000000e+00
9.554999999999456861e+01 -4.438724785048892230e+00 0.000000000000000000e+00
9.564999999999456293e+01 -4.438724875729583630e+00 0.000000000000000000e+00
9.574999999999455724e+01 -4.438724994061002960e+00 0.000000000000000000e+00
9.584999999999455156e+01 -4.438725118520315149e+00 0.000000000000000000e+00
9.594999999999454587e+01 -4.438725225842764743e+00 0.000000000000000000e+00
9.604999999999454019e+01 -4.438725295300241847e+00 0.000000000000000000e+00
9.614999999999453451e+01 -4.438725312650912080e+00 0.000000000000000000e+00
9.624999999999452882e+01 -4.438725273460638832e+00 0.000000000000000000e+00
9.634999999999452314e+01 -4.438725184352471764e+00 0.000000000000000000e+00
9.644999999999451745e+01 -4.438725062195226556e+00 0.000000000000000000e+00
9.654999999999451177e+01 -4.438724930587639506e+00 0.000000000000000000e+00
9.664999999999450608e+01 -4.438724814849014599e+00 0.000000000000000000e+00
9.674999999999450040e+01 -4.438724736137064752e+00 0.000000000000000000e+00
9.684999999999449471e+01 -4.438724706821603583e+00 0.000000000000000000e+00
9.694999999999448903e+01 -4.438724727830160255e+00 0.000000000000000000e+00
9.704999999999448335e+01 -4.438724789218489342e+00 0.000000000000000000e+00
9.714999999999447766e+01 -4.438724873217241296e+00 0.000000000000000000e+00
9.724999999999447198e+01 -4.438724958556414357e+00 0.000000000000000000e+00
9.734999999999446629e+01 -4.438725026690767628e+00 0.000000000000000000e+00
9.744999999999446061e+01 -4.438725065464005581e+00 0.000000000000000000e+00
9.754999999999445492e+01 -4.438725068148823283e+00 0.000000000000000000e+00
9.764999999999444924e+01 -4.438725042037950708e+00 0.000000000000000000e+00
9.774999999999444356e+01 -4.438724994172529748e+00 0.000000000000000000e+00
9.784999999999443787e+01 -4.438724938935864728e+00 0.000000000000000000e+00
9.794999999999443219e+01 -4.438724885332517189e+00 0.000000000000000000e+00
9.804999999999442650e+01 -4.438724846007040092e+00 0.000000000000000000e+00
9.814999999999442082e+01 -4.438724825277995834e+00 0.000000000000000000e+00
9.824999999999441513e+01 -4.438724829292629792e+00 0.000000000000000000e+00
9.834999999999440945e+01 -4.438724855170129047e+00 0.000000000000000000e+00
9.844999999999440377e+01 -4.438724902034359765e+00 0.000000000000000000e+00
9.854999999999439808e+01 -4.438724960862494129e+00 0.000000000000000000e+00
9.864999999999439240e+01 -4.438725026125533546e+00 0.000000000000000000e+00
9.874999999999438671e+01 -4.438725086138018305e+00 0.000000000000000000e+00
9.884999999999438103e+01 -4.438725135075762829e+00 0.000000000000000000e+00
9.894999999999437534e+01 -4.438725163498943083e+00 0.000000000000000000e+00
9.904999999999436966e+01 -4.438725170290296340e+00 0.000000000000000000e+00
9.914999999999436398e+01 -4.438725152733939971e+00 0.000000000000000000e+00
9.924999999999435829e+01 -4.438725117584889190e+00 0.000000000000000000e+00
9.934999999999435261e+01 -4.438725069830631753e+00 0.000000000000000000e+00
9.944999999999434692e+01 -4.438725022169579759e+00 0.000000000000000000e+00
9.954999999999434124e+01 -4.438724982252685081e+00 0.000000000000000000e+00
9.964999999999433555e+01 -4.438724961203398323e+00 0.000000000000000000e+00
9.974999999999432987e+01 -4.438724960886688109e+00 0.000000000000000000e+00
9.984999999999432418e+01 -4.438724983600893736e+00 0.000000000000000000e+00
9.994999999999431850e+01 -4.438725021437702090e+00 0.000000000000000000e+00
1.000499999999943128e+02 -4.438725068387415540e+00 0.000000000000000000e+00
1.001499999999943071e+02 -4.438725111719897143e+00 0.000000000000000000e+00
1.002499999999943014e+02 -4.438725145103022740e+00 0.000000000000000000e+00
1.003499999999942958e+02 -4.438725159768381445e+00 0.000000000000000000e+00
1.004499999999942901e+02 -4.438725156339137001e+00 0.000000000000000000e+00
1.005499999999942844e+02 -4.438725134134684502e+00 0.000000000000000000e+00
1.006499999999942787e+02 -4.438725101121616667e+00 0.000000000000000000e+00
1.007499999999942730e+02 -4.438725061806777283e+00 0.000000000000000000e+00
1.008499999999942673e+02 -4.438725026454511280e+00 0.000000000000000000e+00
1.009499999999942617e+02 -4.438724998931976806e+00 0.000000000000000000e+00
1.010499999999942560e+02 -4.438724986398137062e+00 0.000000000000000000e+00
1.011499999999942503e+02 -4.438724987937297861e+00 0.000000000000000000e+00
1.012499999999942446e+02 -4.438725005172895699e+00 0.000000000000000000e+00
1.013499999999942389e+02 -4.438725031829615197e+00 0.000000000000000000e+00
1.014499999999942332e+02 -4.438725065202407727e+00 0.000000000000000000e+00
1.015499999999942276e+02 -4.438725096409990911e+00 0.000000000000000000e+00
1.016499999999942219e+02 -4.438725122319694627e+00 0.000000000000000000e+00
1.017499999999942162e+02 -4.438725135902589436e+00 0.000000000000000000e+00
1.018499999999942105e+02 -4.438725137847747249e+00 0.000000000000000000e+00
1.019499999999942048e+02 -4.438725126165640411e+00 0.000000000000000000e+00
1.020499999999941991e+02 -4.438725106739338067e+00 0.000000000000000000e+00
1.021499999999941934e+02 -4.438725081769445246e+00 0.000000000000000000e+00
1.022499999999941878e+02 -4.438725059397204298e+00 0.000000000000000000e+00
1.023499999999941821e+02 -4.438725041717090924e+00 0.000000000000000000e+00
1.024499999999941764e+02 -4.438725034603850261e+00 0.000000000000000000e+00
1.025499999999941707e+02 -4.438725036476201424e+00 0.000000000000000000e+00
1.026499999999941650e+02 -4.438725049149244484e+00 0.000000000000000000e+00
1.027499999999941593e+02 -4.438725067554533332e+00 0.000000000000000000e+00
1.028499999999941537e+02 -4.438725091199644979e+00 0.000000000000000000e+00
1.029499999999941480e+02 -4.438725114064162369e+00 0.000000000000000000e+00
1.030499999999941423e+02 -4.438725135876938843e+00 0.000000000000000000e+00
1.031499999999941366e+02 -4.438725151673041047e+00 0.000000000000000000e+00
1.032499999999941309e+02 -4.438725162720559503e+00 0.000000000000000000e+00
1.033499999999941252e+02 -4.438725165810913253e+00 0.000000000000000000e+00
1.034499999999941195e+02 -4.438725163977911947e+00 0.000000000000000000e+00
1.035499999999941139e+02 -4.438725155630559804e+00 0.000000000000000000e+00
1.036499999999941082e+02 -4.438725145147979667e+00 0.000000000000000000e+00
1.037499999999941025e+02 -4.438725131953336955e+00 0.000000000000000000e+00
1.038499999999940968e+02 -4.438725121094063475e+00 0.000000000000000000e+00
1.039499999999940911e+02 -4.438725112278559592e+00 0.000000000000000000e+00
1.040499999999940854e+02 -4.438725110300369536e+00 0.000000000000000000e+00
1.041499999999940798e+02 -4.438725113782832743e+00 0.000000000000000000e+00
1.042499999999940741e+02 -4.438725125332740440e+00 0.000000000000000000e+00
1.043499999999940684e+02 -4.438725140316716278e+00 0.000000000000000000e+00
1.044499999999940627e+02 -4.438725157625050599e+00 0.000000000000000000e+00
1.045499999999940570e+02 -4.438725169627153022e+00 0.000000000000000000e+00
1.046499999999940513e+02 -4.438725174321096034e+00 0.000000000000000000e+00
1.047499999999940457e+02 -4.438725166198490335e+00 0.000000000000000000e+00
1.048499999999940400e+02 -4.438725148226056127e+00 0.000000000000000000e+00
1.049499999999940343e+02 -4.438725121263807694e+00 0.000000000000000000e+00
1.050499999999940286e+02 -4.438725093795390819e+00 0.000000000000000000e+00
1.051499999999940229e+02 -4.438725069232935638e+00 0.000000000000000000e+00
1.052499999999940172e+02 -4.438725054674138804e+00 0.000000000000000000e+00
1.053499999999940115e+02 -4.438725048861243749e+00 0.000000000000000000e+00
1.054499999999940059e+02 -4.438725052924173298e+00 0.000000000000000000e+00
1.055499999999940002e+02 -4.438725060704911130e+00 0.000000000000000000e+00
1.056499999999939945e+02 -4.438725071136121691e+00 0.000000000000000000e+00
1.057499999999939888e+02 -4.438725078810694669e+00 0.000000000000000000e+00
1.058499999999939831e+02 -4.438725085295263106e+00 0.000000000000000000e+00
1.059499999999939774e+02 -4.438725088075236691e+00 0.000000000000000000e+00
1.060499999999939718e+02 -4.438725090579923815e+00 0.000000000000000000e+00
1.061499999999939661e+02 -4.438725090755755609e+00 0.000000000000000000e+00
1.062499999999939604e+02 -4.438725091571342318e+00 0.000000000000000000e+00
1.063499999999939547e+02 -4.438725090413528918e+00 0.000000000000000000e+00
1.064499999999939490e+02 -4.438725090142108698e+00 0.000000000000000000e+00
1.065499999999939433e+02 -4.438725088489194448e+00 0.000000000000000000e+00
1.066499999999939376e+02 -4.438725088714697620e+00 0.000000000000000000e+00
1.067499999999939320e+02 -4.438725088617333725e+00 0.000000000000000000e+00
1.068499999999939263e+02 -4.438725091129377631e+00 0.000000000000000000e+00
1.069499999999939206e+02 -4.438725093596245230e+00 0.000000000000000000e+00
1.070499999999939149e+02 -4.438725098687836379e+00 0.000000000000000000e+00
1.071499999999939092e+02 -4.438725103718716980e+00 0.000000000000000000e+00
1.072499999999939035e+02 -4.438725111259902434e+00 0.000000000000000000e+00
1.073499999999938979e+02 -4.438725118055312002e+00 0.000000000000000000e+00
1.074499999999938922e+02 -4.438725125534816129e+00 0.000000000000000000e+00
1.075499999999938865e+02 -4.438725129152070181e+00 0.000000000000000000e+00
1.076499999999938808e+02 -4.438725129710979544e+00 0.000000000000000000e+00
1.077499999999938751e+02 -4.438725123420543817e+00 0.000000000000000000e+00
1.078499999999938694e+02 -4.438725113346236206e+00 0.000000000000000000e+00
1.079499999999938638e+02 -4.438725098777744904e+00 0.000000000000000000e+00
1.080499999999938581e+02 -4.438725085453542718e+00 0.000000000000000000e+00
1.081499999999938524e+02 -4.438725073756887518e+00 0.000000000000000000e+00
1.082499999999938467e+02 -4.438725068429389076e+00 0.000000000000000000e+00
1.083499999999938410e+02 -4.438725067173506567e+00 0.000000000000000000e+00
1.084499999999938353e+02 -4.438725071467767513e+00 0.000000000000000000e+00
1.085499999999938296e+02 -4.438725076418976734e+00 0.000000000000000000e+00
1.086499999999938240e+02 -4.438725082397666277e+00 0.000000000000000000e+00
1.087499999999938183e+02 -4.438725085001434145e+00 0.000000000000000000e+00
1.088499999999938126e+02 -4.438725086169002410e+00 0.000000000000000000e+00
1.089499999999938069e+02 -4.438725083361962476e+00 0.000000000000000000e+00
1.090499999999938012e+02 -4.438725080012822843e+00 0.000000000000000000e+00
1.091499999999937955e+02 -4.438725074398881532e+00 0.000000000000000000e+00
1.092499999999937899e+02 -4.438725070124694305e+00 0.000000000000000000e+00
1.093499999999937842e+02 -4.438725065229659705e+00 0.000000000000000000e+00
1.094499999999937785e+02 -4.438725062911596630e+00 0.000000000000000000e+00
