1.098499999999937558e+02 -4.476868170056579110e+00 0.000000000000000000e+00
1.097499999999937614e+02 -4.476868089439315135e+00 0.000000000000000000e+00
1.096499999999937671e+02 -4.476867925397073122e+00 0.000000000000000000e+00
1.095499999999937728e+02 -4.476867511575798098e+00 0.000000000000000000e+00
1.094499999999937785e+02 -4.476867046888989954e+00 0.000000000000000000e+00
1.093499999999937842e+02 -4.476866467209214662e+00 0.000000000000000000e+00
1.092499999999937899e+02 -4.476865998030209681e+00 0.000000000000000000e+00
1.091499999999937955e+02 -4.476865573852996327e+00 0.000000000000000000e+00
1.090499999999938012e+02 -4.476865391700087571e+00 0.000000000000000000e+00
1.089499999999938069e+02 -4.476865336251650618e+00 0.000000000000000000e+00
1.088499999999938126e+02 -4.476865542807686005e+00 0.000000000000000000e+00
1.087499999999938183e+02 -4.476865833623744351e+00 0.000000000000000000e+00
1.086499999999938240e+02 -4.476866291798063280e+00 0.000000000000000000e+00
1.085499999999938296e+02 -4.476866706253654904e+00 0.000000000000000000e+00
1.084499999999938353e+02 -4.476867150489287184e+00 0.000000000000000000e+00
1.083499999999938410e+02 -4.476867427781690445e+00 0.000000000000000000e+00
1.082499999999938467e+02 -4.476867645513587846e+00 0.000000000000000000e+00
1.081499999999938524e+02 -4.476867652294780342e+00 0.000000000000000000e+00
1.080499999999938581e+02 -4.476867602315086181e+00 0.000000000000000000e+00
1.079499999999938638e+02 -4.476867382995599165e+00 0.000000000000000000e+00
1.078499999999938694e+02 -4.476867172636942449e+00 0.000000000000000000e+00
1.077499999999938751e+02 -4.476866865856150568e+00 0.000000000000000000e+00
1.076499999999938808e+02 -4.476866633826975139e+00 0.000000000000000000e+00
1.075499999999938865e+02 -4.476866356072148001e+00 0.000000000000000000e+00
1.074499999999938922e+02 -4.476866188377147893e+00 0.000000000000000000e+00
1.073499999999938979e+02 -4.476866000753068953e+00 0.000000000000000000e+00
1.072499999999939035e+02 -4.476865947625422670e+00 0.000000000000000000e+00
1.071499999999939092e+02 -4.476865903330138785e+00 0.000000000000000000e+00
1.070499999999939149e+02 -4.476866026088631934e+00 0.000000000000000000e+00
1.069499999999939206e+02 -4.476866186146777338e+00 0.000000000000000000e+00
1.068499999999939263e+02 -4.476866524488926302e+00 0.000000000000000000e+00
1.067499999999939320e+02 -4.476866880390375059e+00 0.000000000000000000e+00
1.066499999999939376e+02 -4.476867355198892895e+00 0.000000000000000000e+00
1.065499999999939433e+02 -4.476867749446743261e+00 0.000000000000000000e+00
1.064499999999939490e+02 -4.476868137941456105e+00 0.000000000000000000e+00
1.063499999999939547e+02 -4.476868316401440673e+00 0.000000000000000000e+00
1.062499999999939604e+02 -4.476868381349328629e+00 0.000000000000000000e+00
1.061499999999939661e+02 -4.476868175205714451e+00 0.000000000000000000e+00
1.060499999999939718e+02 -4.476867858557382007e+00 0.000000000000000000e+00
1.059499999999939774e+02 -4.476867343290934720e+00 0.000000000000000000e+00
1.058499999999939831e+02 -4.476866851308043849e+00 0.000000000000000000e+00
1.057499999999939888e+02 -4.476866335372176486e+00 0.000000000000000000e+00
1.056499999999939945e+02 -4.476866029194852992e+00 0.000000000000000000e+00
1.055499999999940002e+02 -4.476865864820631202e+00 0.000000000000000000e+00
1.054499999999940059e+02 -4.476866024921245746e+00 0.000000000000000000e+00
1.053499999999940115e+02 -4.476866367677884817e+00 0.000000000000000000e+00
1.052499999999940172e+02 -4.476866990723909367e+00 0.000000000000000000e+00
1.051499999999940229e+02 -4.476867670193747095e+00 0.000000000000000000e+00
1.050499999999940286e+02 -4.476868439310305980e+00 0.000000000000000000e+00
1.049499999999940343e+02 -4.476869040301675540e+00 0.000000000000000000e+00
1.048499999999940400e+02 -4.476869511728040152e+00 0.000000000000000000e+00
1.047499999999940457e+02 -4.476869642864335752e+00 0.000000000000000000e+00
1.046499999999940513e+02 -4.476869555731745720e+00 0.000000000000000000e+00
1.045499999999940570e+02 -4.476869146148284351e+00 0.000000000000000000e+00
1.044499999999940627e+02 -4.476868645904801269e+00 0.000000000000000000e+00
1.043499999999940684e+02 -4.476868040874645516e+00 0.000000000000000000e+00
1.042499999999940741e+02 -4.476867612196268276e+00 0.000000000000000000e+00
1.041499999999940798e+02 -4.476867340790862571e+00 0.000000000000000000e+00
1.040499999999940854e+02 -4.476867446721221278e+00 0.000000000000000000e+00
1.039499999999940911e+02 -4.476867805292206626e+00 0.000000000000000000e+00
1.038499999999940968e+02 -4.476868509432202714e+00 0.000000000000000000e+00
1.037499999999941025e+02 -4.476869314824662993e+00 0.000000000000000000e+00
1.036499999999941082e+02 -4.476870229854643668e+00 0.000000000000000000e+00
1.035499999999941139e+02 -4.476870979522811211e+00 0.000000000000000000e+00
1.034499999999941195e+02 -4.476871600487400293e+00 0.000000000000000000e+00
1.033499999999941252e+02 -4.476871895437041893e+00 0.000000000000000000e+00
1.032499999999941309e+02 -4.476872007112616458e+00 0.000000000000000000e+00
1.031499999999941366e+02 -4.476871846388885245e+00 0.000000000000000000e+00
1.030499999999941423e+02 -4.476871641876566166e+00 0.000000000000000000e+00
1.029499999999941480e+02 -4.476871351476064298e+00 0.000000000000000000e+00
1.028499999999941537e+02 -4.476871206553948213e+00 0.000000000000000000e+00
1.027499999999941593e+02 -4.476871129117550474e+00 0.000000000000000000e+00
1.026499999999941650e+02 -4.476871289734619452e+00 0.000000000000000000e+00
1.025499999999941707e+02 -4.476871542044815300e+00 0.000000000000000000e+00
1.024499999999941764e+02 -4.476871996890371186e+00 0.000000000000000000e+00
1.023499999999941821e+02 -4.476872468192593324e+00 0.000000000000000000e+00
1.022499999999941878e+02 -4.476873051669661763e+00 0.000000000000000000e+00
1.021499999999941934e+02 -4.476873568423353156e+00 0.000000000000000000e+00
1.020499999999941991e+02 -4.476874136103288215e+00 0.000000000000000000e+00
1.019499999999942048e+02 -4.476874602239995227e+00 0.000000000000000000e+00
1.018499999999942105e+02 -4.476875105531275878e+00 0.000000000000000000e+00
1.017499999999942162e+02 -4.476875502355071035e+00 0.000000000000000000e+00
1.016499999999942219e+02 -4.476875926248426119e+00 0.000000000000000000e+00
1.015499999999942276e+02 -4.476876218179051570e+00 0.000000000000000000e+00
1.014499999999942332e+02 -4.476876494482739943e+00 0.000000000000000000e+00
1.013499999999942389e+02 -4.476876587907956839e+00 0.000000000000000000e+00
1.012499999999942446e+02 -4.476876625295682643e+00 0.000000000000000000e+00
1.011499999999942503e+02 -4.476876473763390152e+00 0.000000000000000000e+00
1.010499999999942560e+02 -4.476876316148593382e+00 0.000000000000000000e+00
1.009499999999942617e+02 -4.476876086674351995e+00 0.000000000000000000e+00
1.008499999999942673e+02 -4.476876029062377249e+00 0.000000000000000000e+00
1.007499999999942730e+02 -4.476876112075488301e+00 0.000000000000000000e+00
1.006499999999942787e+02 -4.476876570241577369e+00 0.000000000000000000e+00
1.005499999999942844e+02 -4.476877310577361158e+00 0.000000000000000000e+00
1.004499999999942901e+02 -4.476878457177146053e+00 0.000000000000000000e+00
1.003499999999942958e+02 -4.476879775672311546e+00 0.000000000000000000e+00
1.002499999999943014e+02 -4.476881246717923091e+00 0.000000000000000000e+00
1.001499999999943071e+02 -4.476882524472701519e+00 0.000000000000000000e+00
1.000499999999943128e+02 -4.476883541094989205e+00 0.000000000000000000e+00
9.994999999999431850e+01 -4.476883985106510977e+00 0.000000000000000000e+00
9.984999999999432418e+01 -4.476883908700689751e+00 0.000000000000000000e+00
9.974999999999432987e+01 -4.476883189588135359e+00 0.000000000000000000e+00
9.964999999999433555e+01 -4.476882104768980852e+00 0.000000000000000000e+00
9.954999999999434124e+01 -4.476880748049649306e+00 0.000000000000000000e+00
9.944999999999434692e+01 -4.476879557827619038e+00 0.000000000000000000e+00
9.934999999999435261e+01 -4.476878696689486681e+00 0.000000000000000000e+00
9.924999999999435829e+01 -4.476878557994568020e+00 0.000000000000000000e+00
9.914999999999436398e+01 -4.476879146315218883e+00 0.000000000000000000e+00
9.904999999999436966e+01 -4.476880608123699368e+00 0.000000000000000000e+00
9.894999999999437534e+01 -4.476882655887737705e+00 0.000000000000000000e+00
9.884999999999438103e+01 -4.476885154192702387e+00 0.000000000000000000e+00
9.874999999999438671e+01 -4.476887600206644890e+00 0.000000000000000000e+00
9.864999999999439240e+01 -4.476889755485536249e+00 0.000000000000000000e+00
9.854999999999439808e+01 -4.476891151223657772e+00 0.000000000000000000e+00
9.844999999999440377e+01 -4.476891717633284529e+00 0.000000000000000000e+00
9.834999999999440945e+01 -4.476891258861223299e+00 0.000000000000000000e+00
9.824999999999441513e+01 -4.476890029648125768e+00 0.000000000000000000e+00
9.814999999999442082e+01 -4.476888146205826757e+00 0.000000000000000000e+00
9.804999999999442650e+01 -4.476886090177735866e+00 0.000000000000000000e+00
9.794999999999443219e+01 -4.476884062947165788e+00 0.000000000000000000e+00
9.784999999999443787e+01 -4.476882566159236632e+00 0.000000000000000000e+00
9.774999999999444356e+01 -4.476881702419585274e+00 0.000000000000000000e+00
9.764999999999444924e+01 -4.476881790210714307e+00 0.000000000000000000e+00
9.754999999999445492e+01 -4.476882639526444940e+00 0.000000000000000000e+00
9.744999999999446061e+01 -4.476884319332373963e+00 0.000000000000000000e+00
9.734999999999446629e+01 -4.476886441886192891e+00 0.000000000000000000e+00
9.724999999999447198e+01 -4.476888949473985413e+00 0.000000000000000000e+00
9.714999999999447766e+01 -4.476891407825497993e+00 0.000000000000000000e+00
9.704999999999448335e+01 -4.476893772003376348e+00 0.000000000000000000e+00
9.694999999999448903e+01 -4.476895655013428232e+00 0.000000000000000000e+00
9.684999999999449471e+01 -4.476897071291764618e+00 0.000000000000000000e+00
9.674999999999450040e+01 -4.476897693878483686e+00 0.000000000000000000e+00
9.664999999999450608e+01 -4.476897600673781952e+00 0.000000000000000000e+00
9.654999999999451177e+01 -4.476896545464168931e+00 0.000000000000000000e+00
9.644999999999451745e+01 -4.476894721986015568e+00 0.000000000000000000e+00
9.634999999999452314e+01 -4.476892046651935075e+00 0.000000000000000000e+00
9.624999999999452882e+01 -4.476888920260247318e+00 0.000000000000000000e+00
9.614999999999453451e+01 -4.476885489259210260e+00 0.000000000000000000e+00
9.604999999999454019e+01 -4.476882368442903548e+00 0.000000000000000000e+00
9.594999999999454587e+01 -4.476879851793712284e+00 0.000000000000000000e+00
9.584999999999455156e+01 -4.476878584822538976e+00 0.000000000000000000e+00
9.574999999999455724e+01 -4.476878737557715482e+00 0.000000000000000000e+00
9.564999999999456293e+01 -4.476880663848828767e+00 0.000000000000000000e+00
9.554999999999456861e+01 -4.476884093888790161e+00 0.000000000000000000e+00
9.544999999999457430e+01 -4.476888847939410887e+00 0.000000000000000000e+00
9.534999999999457998e+01 -4.476894112691526928e+00 0.000000000000000000e+00
9.524999999999458566e+01 -4.476899255890183227e+00 0.000000000000000000e+00
9.514999999999459135e+01 -4.476903202343962995e+00 0.000000000000000000e+00
9.504999999999459703e+01 -4.476905326079240410e+00 0.000000000000000000e+00
9.494999999999460272e+01 -4.476904862285510767e+00 0.000000000000000000e+00
9.484999999999460840e+01 -4.476901779775930734e+00 0.000000000000000000e+00
9.474999999999461409e+01 -4.476896113941173816e+00 0.000000000000000000e+00
9.464999999999461977e+01 -4.476888709759191620e+00 0.000000000000000000e+00
9.454999999999462545e+01 -4.476880396357525882e+00 0.000000000000000000e+00
9.444999999999463114e+01 -4.476872572714303722e+00 0.000000000000000000e+00
9.434999999999463682e+01 -4.476866259408732063e+00 0.000000000000000000e+00
9.424999999999464251e+01 -4.476862624724127215e+00 0.000000000000000000e+00
9.414999999999464819e+01 -4.476862057535622164e+00 0.000000000000000000e+00
9.404999999999465388e+01 -4.476864795365901983e+00 0.000000000000000000e+00
9.394999999999465956e+01 -4.476870162716337198e+00 0.000000000000000000e+00
9.384999999999466525e+01 -4.476877395203077370e+00 0.000000000000000000e+00
9.374999999999467093e+01 -4.476885064390309310e+00 0.000000000000000000e+00
9.364999999999467661e+01 -4.476892039598903139e+00 0.000000000000000000e+00
9.354999999999468230e+01 -4.476896973133158930e+00 0.000000000000000000e+00
9.344999999999468798e+01 -4.476899233808200762e+00 0.000000000000000000e+00
9.334999999999469367e+01 -4.476898283497918740e+00 0.000000000000000000e+00
9.324999999999469935e+01 -4.476894447399753396e+00 0.000000000000000000e+00
9.314999999999470504e+01 -4.476888109223399859e+00 0.000000000000000000e+00
9.304999999999471072e+01 -4.476880321043455346e+00 0.000000000000000000e+00
9.294999999999471640e+01 -4.476871890624785522e+00 0.000000000000000000e+00
9.284999999999472209e+01 -4.476863954358459630e+00 0.000000000000000000e+00
9.274999999999472777e+01 -4.476857098959238002e+00 0.000000000000000000e+00
9.264999999999473346e+01 -4.476852024902736815e+00 0.000000000000000000e+00
9.254999999999473914e+01 -4.476848786951714843e+00 0.000000000000000000e+00
9.244999999999474483e+01 -4.476847573667166458e+00 0.000000000000000000e+00
9.234999999999475051e+01 -4.476848032807258626e+00 0.000000000000000000e+00
9.224999999999475619e+01 -4.476850087816639956e+00 0.000000000000000000e+00
9.214999999999476188e+01 -4.476853249140421376e+00 0.000000000000000000e+00
9.204999999999476756e+01 -4.476857378310693747e+00 0.000000000000000000e+00
9.194999999999477325e+01 -4.476861931377194459e+00 0.000000000000000000e+00
9.184999999999477893e+01 -4.476866667677559697e+00 0.000000000000000000e+00
9.174999999999478462e+01 -4.476870873979592602e+00 0.000000000000000000e+00
9.164999999999479030e+01 -4.476874102822276491e+00 0.000000000000000000e+00
9.154999999999479599e+01 -4.476875471707583820e+00 0.000000000000000000e+00
9.144999999999480167e+01 -4.476874502685185497e+00 0.000000000000000000e+00
9.134999999999480735e+01 -4.476870517895707557e+00 0.000000000000000000e+00
9.124999999999481304e+01 -4.476863535694191043e+00 0.000000000000000000e+00
9.114999999999481872e+01 -4.476853654699632479e+00 0.000000000000000000e+00
9.104999999999482441e+01 -4.476841857051681473e+00 0.000000000000000000e+00
9.094999999999483009e+01 -4.476829226777317317e+00 0.000000000000000000e+00
9.084999999999483578e+01 -4.476817543806868471e+00 0.000000000000000000e+00
9.074999999999484146e+01 -4.476808295669023607e+00 0.000000000000000000e+00
9.064999999999484714e+01 -4.476803117362821105e+00 0.000000000000000000e+00
9.054999999999485283e+01 -4.476802748855988057e+00 0.000000000000000000e+00
9.044999999999485851e+01 -4.476807543642029152e+00 0.000000000000000000e+00
9.034999999999486420e+01 -4.476816618717725405e+00 0.000000000000000000e+00
9.024999999999486988e+01 -4.476828646978885828e+00 0.000000000000000000e+00
9.014999999999487557e+01 -4.476841331402741098e+00 0.000000000000000000e+00
9.004999999999488125e+01 -4.476852494312979047e+00 0.000000000000000000e+00
8.994999999999488693e+01 -4.476859755701293686e+00 0.000000000000000000e+00
8.984999999999489262e+01 -4.476861684863642665e+00 0.000000000000000000e+00
8.974999999999489830e+01 -4.476857377607925237e+00 0.000000000000000000e+00
8.964999999999490399e+01 -4.476847356061587568e+00 0.000000000000000000e+00
8.954999999999490967e+01 -4.476832788225695303e+00 0.000000000000000000e+00
8.944999999999491536e+01 -4.476815994500060292e+00 0.000000000000000000e+00
8.934999999999492104e+01 -4.476799318022612439e+00 0.000000000000000000e+00
8.924999999999492672e+01 -4.476785400090143696e+00 0.000000000000000000e+00
8.914999999999493241e+01 -4.476775987823611302e+00 0.000000000000000000e+00
8.904999999999493809e+01 -4.476772331769805824e+00 0.000000000000000000e+00
8.894999999999494378e+01 -4.476774276580406386e+00 0.000000000000000000e+00
8.884999999999494946e+01 -4.476781043745567956e+00 0.000000000000000000e+00
8.874999999999495515e+01 -4.476790726623512739e+00 0.000000000000000000e+00
8.864999999999496083e+01 -4.476801409602096271e+00 0.000000000000000000e+00
8.854999999999496652e+01 -4.476810858536794946e+00 0.000000000000000000e+00
8.844999999999497220e+01 -4.476817654260361934e+00 0.000000000000000000e+00
8.834999999999497788e+01 -4.476820717618929635e+00 0.000000000000000000e+00
8.824999999999498357e+01 -4.476820142059684926e+00 0.000000000000000000e+00
8.814999999999498925e+01 -4.476816357347403574e+00 0.000000000000000000e+00
8.804999999999499494e+01 -4.476810629067680125e+00 0.000000000000000000e+00
8.794999999999500062e+01 -4.476803996368822425e+00 0.000000000000000000e+00
8.784999999999500631e+01 -4.476797702628588560e+00 0.000000000000000000e+00
8.774999999999501199e+01 -4.476792229763595365e+00 0.000000000000000000e+00
8.764999999999501767e+01 -4.476787956232987753e+00 0.000000000000000000e+00
8.754999999999502336e+01 -4.476784481805951010e+00 0.000000000000000000e+00
8.744999999999502904e+01 -4.476781556674529483e+00 0.000000000000000000e+00
8.734999999999503473e+01 -4.476778583520888866e+00 0.000000000000000000e+00
8.724999999999504041e+01 -4.476775582478519588e+00 0.000000000000000000e+00
8.714999999999504610e+01 -4.476772579069108637e+00 0.000000000000000000e+00
8.704999999999505178e+01 -4.476770340417840721e+00 0.000000000000000000e+00
8.694999999999505746e+01 -4.476769490863656387e+00 0.000000000000000000e+00
8.684999999999506315e+01 -4.476771005987400187e+00 0.000000000000000000e+00
8.674999999999506883e+01 -4.476775184505110694e+00 0.000000000000000000e+00
8.664999999999507452e+01 -4.476782140106028152e+00 0.000000000000000000e+00
8.654999999999508020e+01 -4.476790942508335647e+00 0.000000000000000000e+00
8.644999999999508589e+01 -4.476800407646144286e+00 0.000000000000000000e+00
8.634999999999509157e+01 -4.476808589654474702e+00 0.000000000000000000e+00
8.624999999999509726e+01 -4.476813880922574818e+00 0.000000000000000000e+00
8.614999999999510294e+01 -4.476814692984802946e+00 0.000000000000000000e+00
8.604999999999510862e+01 -4.476810568393547740e+00 0.000000000000000000e+00
8.594999999999511431e+01 -4.476801678714388721e+00 0.000000000000000000e+00
8.584999999999511999e+01 -4.476789589676450909e+00 0.000000000000000000e+00
8.574999999999512568e+01 -4.476776320863647740e+00 0.000000000000000000e+00
8.564999999999513136e+01 -4.476764678027141287e+00 0.000000000000000000e+00
8.554999999999513705e+01 -4.476756987667012133e+00 0.000000000000000000e+00
8.544999999999514273e+01 -4.476755293374049316e+00 0.000000000000000000e+00
8.534999999999514841e+01 -4.476760187337734287e+00 0.000000000000000000e+00
8.524999999999515410e+01 -4.476771327758973129e+00 0.000000000000000000e+00
8.514999999999515978e+01 -4.476786756100610276e+00 0.000000000000000000e+00
8.504999999999516547e+01 -4.476803963124258878e+00 0.000000000000000000e+00
8.494999999999517115e+01 -4.476819696166402629e+00 0.000000000000000000e+00
8.484999999999517684e+01 -4.476831341322808910e+00 0.000000000000000000e+00
8.474999999999518252e+01 -4.476836791853650688e+00 0.000000000000000000e+00
8.464999999999518820e+01 -4.476835611077912169e+00 0.000000000000000000e+00
8.454999999999519389e+01 -4.476828440299071232e+00 0.000000000000000000e+00
8.444999999999519957e+01 -4.476817559261383472e+00 0.000000000000000000e+00
8.434999999999520526e+01 -4.476805686439668364e+00 0.000000000000000000e+00
8.424999999999521094e+01 -4.476796070397822014e+00 0.000000000000000000e+00
8.414999999999521663e+01 -4.476791073097499130e+00 0.000000000000000000e+00
8.404999999999522231e+01 -4.476792351712202134e+00 0.000000000000000000e+00
8.394999999999522799e+01 -4.476799820004288222e+00 0.000000000000000000e+00
8.384999999999523368e+01 -4.476812405581453547e+00 0.000000000000000000e+00
8.374999999999523936e+01 -4.476827644417660679e+00 0.000000000000000000e+00
8.364999999999524505e+01 -4.476842975846466288e+00 0.000000000000000000e+00
8.354999999999525073e+01 -4.476855651043274875e+00 0.000000000000000000e+00
8.344999999999525642e+01 -4.476864047322135498e+00 0.000000000000000000e+00
8.334999999999526210e+01 -4.476867304678249226e+00 0.000000000000000000e+00
8.324999999999526779e+01 -4.476866152162178203e+00 0.000000000000000000e+00
8.314999999999527347e+01 -4.476861966957481620e+00 0.000000000000000000e+00
8.304999999999527915e+01 -4.476857077526761763e+00 0.000000000000000000e+00
8.294999999999528484e+01 -4.476853478910777007e+00 0.000000000000000000e+00
8.284999999999529052e+01 -4.476853047045609379e+00 0.000000000000000000e+00
8.274999999999529621e+01 -4.476856430214560589e+00 0.000000000000000000e+00
8.264999999999530189e+01 -4.476863648716747690e+00 0.000000000000000000e+00
8.254999999999530758e+01 -4.476873476413232744e+00 0.000000000000000000e+00
8.244999999999531326e+01 -4.476884509447264904e+00 0.000000000000000000e+00
8.234999999999531894e+01 -4.476894878517575727e+00 0.000000000000000000e+00
8.224999999999532463e+01 -4.476903433913594910e+00 0.000000000000000000e+00
8.214999999999533031e+01 -4.476909337396788757e+00 0.000000000000000000e+00
8.204999999999533600e+01 -4.476912927610988469e+00 0.000000000000000000e+00
8.194999999999534168e+01 -4.476914881914432875e+00 0.000000000000000000e+00
8.184999999999534737e+01 -4.476916656706411146e+00 0.000000000000000000e+00
8.174999999999535305e+01 -4.476919343079686975e+00 0.000000000000000000e+00
8.164999999999535873e+01 -4.476924002279837111e+00 0.000000000000000000e+00
8.154999999999536442e+01 -4.476930648315013528e+00 0.000000000000000000e+00
8.144999999999537010e+01 -4.476938909681131840e+00 0.000000000000000000e+00
8.134999999999537579e+01 -4.476947450840915721e+00 0.000000000000000000e+00
8.124999999999538147e+01 -4.476955063520638767e+00 0.000000000000000000e+00
8.114999999999538716e+01 -4.476960384862858966e+00 0.000000000000000000e+00
8.104999999999539284e+01 -4.476963059325868244e+00 0.000000000000000000e+00
8.094999999999539853e+01 -4.476963267107209710e+00 0.000000000000000000e+00
8.084999999999540421e+01 -4.476962473346339344e+00 0.000000000000000000e+00
8.074999999999540989e+01 -4.476962423426448900e+00 0.000000000000000000e+00
8.064999999999541558e+01 -4.476965383294247758e+00 0.000000000000000000e+00
8.054999999999542126e+01 -4.476972796878188277e+00 0.000000000000000000e+00
8.044999999999542695e+01 -4.476985470951365897e+00 0.000000000000000000e+00
8.034999999999543263e+01 -4.477002465477563753e+00 0.000000000000000000e+00
8.024999999999543832e+01 -4.477021801268073808e+00 0.000000000000000000e+00
8.014999999999544400e+01 -4.477040328368785183e+00 0.000000000000000000e+00
8.004999999999544968e+01 -4.477054795445561730e+00 0.000000000000000000e+00
7.994999999999545537e+01 -4.477062311834856700e+00 0.000000000000000000e+00
7.984999999999546105e+01 -4.477061271299832335e+00 0.000000000000000000e+00
7.974999999999546674e+01 -4.477051867202975544e+00 0.000000000000000000e+00
7.964999999999547242e+01 -4.477036275109181673e+00 0.000000000000000000e+00
7.954999999999547811e+01 -4.477018346791588499e+00 0.000000000000000000e+00
7.944999999999548379e+01 -4.477002890928925893e+00 0.000000000000000000e+00
7.934999999999548947e+01 -4.476994645975488574e+00 0.000000000000000000e+00
7.924999999999549516e+01 -4.476997212328500453e+00 0.000000000000000000e+00
7.914999999999550084e+01 -4.477012147144183274e+00 0.000000000000000000e+00
7.904999999999550653e+01 -4.477038481157528338e+00 0.000000000000000000e+00
7.894999999999551221e+01 -4.477072751338130985e+00 0.000000000000000000e+00
7.884999999999551790e+01 -4.477109598079815456e+00 0.000000000000000000e+00
7.874999999999552358e+01 -4.477142791767559693e+00 0.000000000000000000e+00
7.864999999999552927e+01 -4.477166501722675385e+00 0.000000000000000000e+00
7.854999999999553495e+01 -4.477176500647210844e+00 0.000000000000000000e+00
7.844999999999554063e+01 -4.477171063562214393e+00 0.000000000000000000e+00
7.834999999999554632e+01 -4.477151340325352002e+00 0.000000000000000000e+00
7.824999999999555200e+01 -4.477121147595004125e+00 0.000000000000000000e+00
7.814999999999555769e+01 -4.477086203940698006e+00 0.000000000000000000e+00
7.804999999999556337e+01 -4.477052997509495036e+00 0.000000000000000000e+00
7.794999999999556906e+01 -4.477027525549684306e+00 0.000000000000000000e+00
7.784999999999557474e+01 -4.477014186984805022e+00 0.000000000000000000e+00
7.774999999999558042e+01 -4.477015052660661354e+00 0.000000000000000000e+00
7.764999999999558611e+01 -4.477029649815887247e+00 0.000000000000000000e+00
7.754999999999559179e+01 -4.477055269776191615e+00 0.000000000000000000e+00
7.744999999999559748e+01 -4.477087685901582681e+00 0.000000000000000000e+00
7.734999999999560316e+01 -4.477122081709821622e+00 0.000000000000000000e+00
7.724999999999560885e+01 -4.477153952526438552e+00 0.000000000000000000e+00
7.714999999999561453e+01 -4.477179774747861885e+00 0.000000000000000000e+00
7.704999999999562021e+01 -4.477197318190944131e+00 0.000000000000000000e+00
7.694999999999562590e+01 -4.477205587400387543e+00 0.000000000000000000e+00
7.684999999999563158e+01 -4.477204491302041234e+00 0.000000000000000000e+00
7.674999999999563727e+01 -4.477194408209319576e+00 0.000000000000000000e+00
7.664999999999564295e+01 -4.477175842842846976e+00 0.000000000000000000e+00
7.654999999999564864e+01 -4.477149314150912218e+00 0.000000000000000000e+00
7.644999999999565432e+01 -4.477115537489260610e+00 0.000000000000000000e+00
7.634999999999566000e+01 -4.477075828419339487e+00 0.000000000000000000e+00
7.624999999999566569e+01 -4.477032577472522590e+00 0.000000000000000000e+00
7.614999999999567137e+01 -4.476989563301930097e+00 0.000000000000000000e+00
7.604999999999567706e+01 -4.476951911925828753e+00 0.000000000000000000e+00
7.594999999999568274e+01 -4.476925562001130565e+00 0.000000000000000000e+00
7.584999999999568843e+01 -4.476916260508191137e+00 0.000000000000000000e+00
7.574999999999569411e+01 -4.476928233998689777e+00 0.000000000000000000e+00
7.564999999999569980e+01 -4.476962838658312904e+00 0.000000000000000000e+00
7.554999999999570548e+01 -4.477017527363066129e+00 0.000000000000000000e+00
7.544999999999571116e+01 -4.477085479736313545e+00 0.000000000000000000e+00
7.534999999999571685e+01 -4.477156102125227299e+00 0.000000000000000000e+00
7.524999999999572253e+01 -4.477216449955708555e+00 0.000000000000000000e+00
7.514999999999572822e+01 -4.477253385949412134e+00 0.000000000000000000e+00
7.504999999999573390e+01 -4.477256114442742962e+00 0.000000000000000000e+00
7.494999999999573959e+01 -4.477218576856562215e+00 0.000000000000000000e+00
7.484999999999574527e+01 -4.477141184781534555e+00 0.000000000000000000e+00
7.474999999999575095e+01 -4.477031436100645578e+00 0.000000000000000000e+00
7.464999999999575664e+01 -4.476903178496689506e+00 0.000000000000000000e+00
7.454999999999576232e+01 -4.476774539529923658e+00 0.000000000000000000e+00
7.444999999999576801e+01 -4.476664850942186469e+00 0.000000000000000000e+00
7.434999999999577369e+01 -4.476591119437159705e+00 0.000000000000000000e+00
7.424999999999577938e+01 -4.476564747089669893e+00 0.000000000000000000e+00
7.414999999999578506e+01 -4.476589176986531804e+00 0.000000000000000000e+00
7.404999999999579074e+01 -4.476658992855646169e+00 0.000000000000000000e+00
7.394999999999579643e+01 -4.476760701533096132e+00 0.000000000000000000e+00
7.384999999999580211e+01 -4.476875093245221926e+00 0.000000000000000000e+00
7.374999999999580780e+01 -4.476980724791655319e+00 0.000000000000000000e+00
7.364999999999581348e+01 -4.477057836437259297e+00 0.000000000000000000e+00
7.354999999999581917e+01 -4.477091901657092698e+00 0.000000000000000000e+00
7.344999999999582485e+01 -4.477076095970961234e+00 0.000000000000000000e+00
7.334999999999583054e+01 -4.477012197344117261e+00 0.000000000000000000e+00
7.324999999999583622e+01 -4.476909786286195292e+00 0.000000000000000000e+00
7.314999999999584190e+01 -4.476783977509280810e+00 0.000000000000000000e+00
7.304999999999584759e+01 -4.476652237280775992e+00 0.000000000000000000e+00
7.294999999999585327e+01 -4.476531009615793977e+00 0.000000000000000000e+00
7.284999999999585896e+01 -4.476432888405959432e+00 0.000000000000000000e+00
7.274999999999586464e+01 -4.476364894769110592e+00 0.000000000000000000e+00
7.264999999999587033e+01 -4.476328137221152303e+00 0.000000000000000000e+00
7.254999999999587601e+01 -4.476318773918525729e+00 0.000000000000000000e+00
7.244999999999588169e+01 -4.476329900857452415e+00 0.000000000000000000e+00
7.234999999999588738e+01 -4.476353772509197526e+00 0.000000000000000000e+00
7.224999999999589306e+01 -4.476383739871026002e+00 0.000000000000000000e+00
7.214999999999589875e+01 -4.476415392761111001e+00 0.000000000000000000e+00
7.204999999999590443e+01 -4.476446673384756103e+00 0.000000000000000000e+00
7.194999999999591012e+01 -4.476477015966988660e+00 0.000000000000000000e+00
7.184999999999591580e+01 -4.476505888855796478e+00 0.000000000000000000e+00
7.174999999999592148e+01 -4.476531270276174368e+00 0.000000000000000000e+00
7.164999999999592717e+01 -4.476548655358210560e+00 0.000000000000000000e+00
7.154999999999593285e+01 -4.476551021298403654e+00 0.000000000000000000e+00
7.144999999999593854e+01 -4.476529943558880120e+00 0.000000000000000000e+00
7.134999999999594422e+01 -4.476477681598316494e+00 0.000000000000000000e+00
7.124999999999594991e+01 -4.476389769161935206e+00 0.000000000000000000e+00
7.114999999999595559e+01 -4.476267397189024777e+00 0.000000000000000000e+00
7.104999999999596128e+01 -4.476118867857805661e+00 0.000000000000000000e+00
7.094999999999596696e+01 -4.475959524970820169e+00 0.000000000000000000e+00
7.084999999999597264e+01 -4.475809921741211284e+00 0.000000000000000000e+00
7.074999999999597833e+01 -4.475692396123222672e+00 0.000000000000000000e+00
7.064999999999598401e+01 -4.475626671634427289e+00 0.000000000000000000e+00
7.054999999999598970e+01 -4.475625400968238132e+00 0.000000000000000000e+00
7.044999999999599538e+01 -4.475690692171714780e+00 0.000000000000000000e+00
7.034999999999600107e+01 -4.475812515465983132e+00 0.000000000000000000e+00
7.024999999999600675e+01 -4.475969532952754015e+00 0.000000000000000000e+00
7.014999999999601243e+01 -4.476132377022953079e+00 0.000000000000000000e+00
7.004999999999601812e+01 -4.476268849827780727e+00 0.000000000000000000e+00
6.994999999999602380e+01 -4.476350049506625517e+00 0.000000000000000000e+00
6.984999999999602949e+01 -4.476356161332453176e+00 0.000000000000000000e+00
6.974999999999603517e+01 -4.476280658176289506e+00 0.000000000000000000e+00
6.964999999999604086e+01 -4.476131948324947984e+00 0.000000000000000000e+00
6.954999999999604654e+01 -4.475932029950289603e+00 0.000000000000000000e+00
6.944999999999605222e+01 -4.475712361695403096e+00 0.000000000000000000e+00
6.934999999999605791e+01 -4.475507766563540990e+00 0.000000000000000000e+00
6.924999999999606359e+01 -4.475349644193790333e+00 0.000000000000000000e+00
6.914999999999606928e+01 -4.475259916505736513e+00 0.000000000000000000e+00
6.904999999999607496e+01 -4.475246998728039216e+00 0.000000000000000000e+00
6.894999999999608065e+01 -4.475304622764796569e+00 0.000000000000000000e+00
6.884999999999608633e+01 -4.475413737843182638e+00 0.000000000000000000e+00
6.874999999999609201e+01 -4.475547005353337049e+00 0.000000000000000000e+00
6.864999999999609770e+01 -4.475674865802233171e+00 0.000000000000000000e+00
6.854999999999610338e+01 -4.475771784980103973e+00 0.000000000000000000e+00
6.844999999999610907e+01 -4.475821302500397891e+00 0.000000000000000000e+00
6.834999999999611475e+01 -4.475818772685994595e+00 0.000000000000000000e+00
6.824999999999612044e+01 -4.475771280940229246e+00 0.000000000000000000e+00
6.814999999999612612e+01 -4.475694861378454625e+00 0.000000000000000000e+00
6.804999999999613181e+01 -4.475609809500397773e+00 0.000000000000000000e+00
6.794999999999613749e+01 -4.475535289256552751e+00 0.000000000000000000e+00
6.784999999999614317e+01 -4.475484598483570942e+00 0.000000000000000000e+00
6.774999999999614886e+01 -4.475462235186792093e+00 0.000000000000000000e+00
6.764999999999615454e+01 -4.475463455663474477e+00 0.000000000000000000e+00
6.754999999999616023e+01 -4.475476357133483241e+00 0.000000000000000000e+00
6.744999999999616591e+01 -4.475485890532747923e+00 0.000000000000000000e+00
6.734999999999617160e+01 -4.475478699680452976e+00 0.000000000000000000e+00
6.724999999999617728e+01 -4.475447478583988392e+00 0.000000000000000000e+00
6.714999999999618296e+01 -4.475393644932607273e+00 0.000000000000000000e+00
6.704999999999618865e+01 -4.475327568888418206e+00 0.000000000000000000e+00
6.694999999999619433e+01 -4.475266223637007990e+00 0.000000000000000000e+00
6.684999999999620002e+01 -4.475228814788537512e+00 0.000000000000000000e+00
6.674999999999620570e+01 -4.475231483731102244e+00 0.000000000000000000e+00
6.664999999999621139e+01 -4.475282462076107137e+00 0.000000000000000000e+00
6.654999999999621707e+01 -4.475378967870630831e+00 0.000000000000000000e+00
6.644999999999622275e+01 -4.475506741982110626e+00 0.000000000000000000e+00
6.634999999999622844e+01 -4.475642473582365000e+00 0.000000000000000000e+00
6.624999999999623412e+01 -4.475758664536952480e+00 0.000000000000000000e+00
6.614999999999623981e+01 -4.475829845319649003e+00 0.000000000000000000e+00
6.604999999999624549e+01 -4.475838697155117174e+00 0.000000000000000000e+00
6.594999999999625118e+01 -4.475780584011524788e+00 0.000000000000000000e+00
6.584999999999625686e+01 -4.475665347227298696e+00 0.000000000000000000e+00
6.574999999999626255e+01 -4.475515816935493163e+00 0.000000000000000000e+00
6.564999999999626823e+01 -4.475363284601331593e+00 0.000000000000000000e+00
6.554999999999627391e+01 -4.475240890454033504e+00 0.000000000000000000e+00
6.544999999999627960e+01 -4.475176413925574970e+00 0.000000000000000000e+00
6.534999999999628528e+01 -4.475186102919318287e+00 0.000000000000000000e+00
6.524999999999629097e+01 -4.475270982098754402e+00 0.000000000000000000e+00
6.514999999999629665e+01 -4.475416506506001646e+00 0.000000000000000000e+00
6.504999999999630234e+01 -4.475595685966324844e+00 0.000000000000000000e+00
6.494999999999630802e+01 -4.475774988957918588e+00 0.000000000000000000e+00
6.484999999999631370e+01 -4.475921707611543177e+00 0.000000000000000000e+00
6.474999999999631939e+01 -4.476011098876515604e+00 0.000000000000000000e+00
6.464999999999632507e+01 -4.476031679614059122e+00 0.000000000000000000e+00
6.454999999999633076e+01 -4.475987460806186036e+00 0.000000000000000000e+00
6.444999999999633644e+01 -4.475896644235701771e+00 0.000000000000000000e+00
6.434999999999634213e+01 -4.475787118237875895e+00 0.000000000000000000e+00
6.424999999999634781e+01 -4.475689859069359677e+00 0.000000000000000000e+00
6.414999999999635349e+01 -4.475631801344485794e+00 0.000000000000000000e+00
6.404999999999635918e+01 -4.475629860545461192e+00 0.000000000000000000e+00
6.394999999999636486e+01 -4.475687466268786885e+00 0.000000000000000000e+00
6.384999999999637055e+01 -4.475794363536106601e+00 0.000000000000000000e+00
6.374999999999637623e+01 -4.475929628691965867e+00 0.000000000000000000e+00
6.364999999999638192e+01 -4.476067101954892102e+00 0.000000000000000000e+00
6.354999999999638760e+01 -4.476181856999060571e+00 0.000000000000000000e+00
6.344999999999639329e+01 -4.476256125007940234e+00 0.000000000000000000e+00
6.334999999999639897e+01 -4.476283241658909340e+00 0.000000000000000000e+00
6.324999999999640465e+01 -4.476268724532372900e+00 0.000000000000000000e+00
6.314999999999641034e+01 -4.476228306512745725e+00 0.000000000000000000e+00
6.304999999999641602e+01 -4.476183526126657597e+00 0.000000000000000000e+00
6.294999999999642171e+01 -4.476156052931921536e+00 0.000000000000000000e+00
6.284999999999642739e+01 -4.476162215717403470e+00 0.000000000000000000e+00
6.274999999999643308e+01 -4.476209092448669047e+00 0.000000000000000000e+00
6.264999999999643876e+01 -4.476293096994345078e+00 0.000000000000000000e+00
6.254999999999644444e+01 -4.476401333297880036e+00 0.000000000000000000e+00
6.244999999999645013e+01 -4.476515290756757359e+00 0.000000000000000000e+00
6.234999999999645581e+01 -4.476615861576108912e+00 0.000000000000000000e+00
6.224999999999646150e+01 -4.476688354401349379e+00 0.000000000000000000e+00
6.214999999999646718e+01 -4.476726196946491321e+00 0.000000000000000000e+00
6.204999999999647287e+01 -4.476732395840619994e+00 0.000000000000000000e+00
6.194999999999647855e+01 -4.476718414590489914e+00 0.000000000000000000e+00
6.184999999999648423e+01 -4.476700827517317016e+00 0.000000000000000000e+00
6.174999999999648992e+01 -4.476696676513281403e+00 0.000000000000000000e+00
6.164999999999649560e+01 -4.476718801318209096e+00 0.000000000000000000e+00
6.154999999999650129e+01 -4.476772390358606302e+00 0.000000000000000000e+00
6.144999999999650697e+01 -4.476853677815176624e+00 0.000000000000000000e+00
6.134999999999651266e+01 -4.476951117558034099e+00 0.000000000000000000e+00
6.124999999999651834e+01 -4.477048715591180006e+00 0.000000000000000000e+00
6.114999999999652402e+01 -4.477130601376606123e+00 0.000000000000000000e+00
6.104999999999652971e+01 -4.477185590152275907e+00 0.000000000000000000e+00
6.094999999999653539e+01 -4.477210458360223022e+00 0.000000000000000000e+00
6.084999999999654108e+01 -4.477211003067016470e+00 0.000000000000000000e+00
6.074999999999654676e+01 -4.477200535342395149e+00 0.000000000000000000e+00
6.064999999999655245e+01 -4.477196173398098722e+00 0.000000000000000000e+00
6.054999999999655813e+01 -4.477213904872193950e+00 0.000000000000000000e+00
6.044999999999656382e+01 -4.477263764202950469e+00 0.000000000000000000e+00
6.034999999999656950e+01 -4.477346468871248319e+00 0.000000000000000000e+00
6.024999999999657518e+01 -4.477452516545890937e+00 0.000000000000000000e+00
6.014999999999658087e+01 -4.477564107969615570e+00 0.000000000000000000e+00
6.004999999999658655e+01 -4.477659524758515808e+00 0.000000000000000000e+00
5.994999999999659224e+01 -4.477718907412070237e+00 0.000000000000000000e+00
5.984999999999659792e+01 -4.477729962066247182e+00 0.000000000000000000e+00
5.974999999999660361e+01 -4.477692056823435962e+00 0.000000000000000000e+00
5.964999999999660929e+01 -4.477617524647270919e+00 0.000000000000000000e+00
5.954999999999661497e+01 -4.477529650807930750e+00 0.000000000000000000e+00
5.944999999999662066e+01 -4.477457675221655720e+00 0.000000000000000000e+00
5.934999999999662634e+01 -4.477429909708507516e+00 0.000000000000000000e+00
5.924999999999663203e+01 -4.477466614312219484e+00 0.000000000000000000e+00
5.914999999999663771e+01 -4.477574383270074065e+00 0.000000000000000000e+00
5.904999999999664340e+01 -4.477743501695696793e+00 0.000000000000000000e+00
5.894999999999664908e+01 -4.477949036250930881e+00 0.000000000000000000e+00
5.884999999999665476e+01 -4.478155567457608122e+00 0.000000000000000000e+00
5.874999999999666045e+01 -4.478324570946811356e+00 0.000000000000000000e+00
5.864999999999666613e+01 -4.478422816791690408e+00 0.000000000000000000e+00
5.854999999999667182e+01 -4.478429846979151030e+00 0.000000000000000000e+00
5.844999999999667750e+01 -4.478342789718473327e+00 0.000000000000000000e+00
5.834999999999668319e+01 -4.478177351907013382e+00 0.000000000000000000e+00
5.824999999999668887e+01 -4.477964747184014271e+00 0.000000000000000000e+00
5.814999999999669456e+01 -4.477745261254391984e+00 0.000000000000000000e+00
5.804999999999670024e+01 -4.477559960254282601e+00 0.000000000000000000e+00
5.794999999999670592e+01 -4.477442445936036464e+00 0.000000000000000000e+00
5.784999999999671161e+01 -4.477412512327205718e+00 0.000000000000000000e+00
5.774999999999671729e+01 -4.477473039390258869e+00 0.000000000000000000e+00
5.764999999999672298e+01 -4.477610645105283282e+00 0.000000000000000000e+00
5.754999999999672866e+01 -4.477799690461974791e+00 0.000000000000000000e+00
5.744999999999673435e+01 -4.478008445805000015e+00 0.000000000000000000e+00
5.734999999999674003e+01 -4.478205766724951964e+00 0.000000000000000000e+00
5.724999999999674571e+01 -4.478366617480041612e+00 0.000000000000000000e+00
5.714999999999675140e+01 -4.478475211867949390e+00 0.000000000000000000e+00
5.704999999999675708e+01 -4.478525295725739319e+00 0.000000000000000000e+00
5.694999999999676277e+01 -4.478517949584856161e+00 0.000000000000000000e+00
5.684999999999676845e+01 -4.478458005288611155e+00 0.000000000000000000e+00
5.674999999999677414e+01 -4.478350527646401957e+00 0.000000000000000000e+00
5.664999999999677982e+01 -4.478198726732509627e+00 0.000000000000000000e+00
5.654999999999678550e+01 -4.478004135672355446e+00 0.000000000000000000e+00
5.644999999999679119e+01 -4.477769093748863227e+00 0.000000000000000000e+00
5.634999999999679687e+01 -4.477500697811631625e+00 0.000000000000000000e+00
5.624999999999680256e+01 -4.477214737049165727e+00 0.000000000000000000e+00
5.614999999999680824e+01 -4.476937860767367106e+00 0.000000000000000000e+00
5.604999999999681393e+01 -4.476706539258312745e+00 0.000000000000000000e+00
5.594999999999681961e+01 -4.476562150635382764e+00 0.000000000000000000e+00
5.584999999999682530e+01 -4.476542669299895749e+00 0.000000000000000000e+00
5.574999999999683098e+01 -4.476672540349405871e+00 0.000000000000000000e+00
5.564999999999683666e+01 -4.476953171826765221e+00 0.000000000000000000e+00
5.554999999999684235e+01 -4.477356703486573331e+00 0.000000000000000000e+00
5.544999999999684803e+01 -4.477825305701942149e+00 0.000000000000000000e+00
5.534999999999685372e+01 -4.478277193992775906e+00 0.000000000000000000e+00
5.524999999999685940e+01 -4.478619094003911449e+00 0.000000000000000000e+00
5.514999999999686509e+01 -4.478763305669456685e+00 0.000000000000000000e+00
5.504999999999687077e+01 -4.478646188575238440e+00 0.000000000000000000e+00
5.494999999999687645e+01 -4.478244119370496712e+00 0.000000000000000000e+00
5.484999999999688214e+01 -4.477583048044825098e+00 0.000000000000000000e+00
5.474999999999688782e+01 -4.476738783988056802e+00 0.000000000000000000e+00
5.464999999999689351e+01 -4.475826969644309372e+00 0.000000000000000000e+00
5.454999999999689919e+01 -4.474983964783153745e+00 0.000000000000000000e+00
5.444999999999690488e+01 -4.474342035701272202e+00 0.000000000000000000e+00
5.434999999999691056e+01 -4.474003755749873967e+00 0.000000000000000000e+00
5.424999999999691624e+01 -4.474020970264982466e+00 0.000000000000000000e+00
5.414999999999692193e+01 -4.474382925687202750e+00 0.000000000000000000e+00
5.404999999999692761e+01 -4.475016359455814552e+00 0.000000000000000000e+00
5.394999999999693330e+01 -4.475797898100108974e+00 0.000000000000000000e+00
5.384999999999693898e+01 -4.476576523641747407e+00 0.000000000000000000e+00
5.374999999999694467e+01 -4.477201706247652346e+00 0.000000000000000000e+00
5.364999999999695035e+01 -4.477551510098099818e+00 0.000000000000000000e+00
5.354999999999695603e+01 -4.477554901442520219e+00 0.000000000000000000e+00
5.344999999999696172e+01 -4.477203668731714714e+00 0.000000000000000000e+00
5.334999999999696740e+01 -4.476551621505631573e+00 0.000000000000000000e+00
5.324999999999697309e+01 -4.475701524038864676e+00 0.000000000000000000e+00
5.314999999999697877e+01 -4.474782905796844013e+00 0.000000000000000000e+00
5.304999999999698446e+01 -4.473925784803923555e+00 0.000000000000000000e+00
5.294999999999699014e+01 -4.473236054136771500e+00 0.000000000000000000e+00
5.284999999999699583e+01 -4.472777668412873275e+00 0.000000000000000000e+00
5.274999999999700151e+01 -4.472565054567962051e+00 0.000000000000000000e+00
5.264999999999700719e+01 -4.472566743938825695e+00 0.000000000000000000e+00
5.254999999999701288e+01 -4.472718636219600086e+00 0.000000000000000000e+00
5.244999999999701856e+01 -4.472943118577566324e+00 0.000000000000000000e+00
5.234999999999702425e+01 -4.473168987713854072e+00 0.000000000000000000e+00
5.224999999999702993e+01 -4.473347112778718326e+00 0.000000000000000000e+00
5.214999999999703562e+01 -4.473458056683171868e+00 0.000000000000000000e+00
5.204999999999704130e+01 -4.473510172619430847e+00 0.000000000000000000e+00
5.194999999999704698e+01 -4.473529338250632037e+00 0.000000000000000000e+00
5.184999999999705267e+01 -4.473543803696282239e+00 0.000000000000000000e+00
5.174999999999705835e+01 -4.473568905006253260e+00 0.000000000000000000e+00
5.164999999999706404e+01 -4.473596405796019582e+00 0.000000000000000000e+00
5.154999999999706972e+01 -4.473591929474849849e+00 0.000000000000000000e+00
5.144999999999707541e+01 -4.473501784408007609e+00 0.000000000000000000e+00
5.134999999999708109e+01 -4.473267884835137487e+00 0.000000000000000000e+00
5.124999999999708677e+01 -4.472847127698420522e+00 0.000000000000000000e+00
5.114999999999709246e+01 -4.472229984155876359e+00 0.000000000000000000e+00
5.104999999999709814e+01 -4.471452766419458769e+00 0.000000000000000000e+00
5.094999999999710383e+01 -4.470599189767494153e+00 0.000000000000000000e+00
5.084999999999710951e+01 -4.469789369973964810e+00 0.000000000000000000e+00
5.074999999999711520e+01 -4.469157648130158478e+00 0.000000000000000000e+00
5.064999999999712088e+01 -4.468823753435510859e+00 0.000000000000000000e+00
5.054999999999712657e+01 -4.468863901486101575e+00 0.000000000000000000e+00
5.044999999999713225e+01 -4.469288865398007182e+00 0.000000000000000000e+00
5.034999999999713793e+01 -4.470034774637249519e+00 0.000000000000000000e+00
5.024999999999714362e+01 -4.470969680269825552e+00 0.000000000000000000e+00
5.014999999999714930e+01 -4.471915493576792855e+00 0.000000000000000000e+00
5.004999999999715499e+01 -4.472681411951358932e+00 0.000000000000000000e+00
4.994999999999716067e+01 -4.473102194457852399e+00 0.000000000000000000e+00
4.984999999999716636e+01 -4.473073139140043786e+00 0.000000000000000000e+00
4.974999999999717204e+01 -4.472573877714935087e+00 0.000000000000000000e+00
4.964999999999717772e+01 -4.471675170858432580e+00 0.000000000000000000e+00
4.954999999999718341e+01 -4.470526526804455614e+00 0.000000000000000000e+00
4.944999999999718909e+01 -4.469326795845796063e+00 0.000000000000000000e+00
4.934999999999719478e+01 -4.468283880586940704e+00 0.000000000000000000e+00
4.924999999999720046e+01 -4.467572275048331321e+00 0.000000000000000000e+00
4.914999999999720615e+01 -4.467297697600838724e+00 0.000000000000000000e+00
4.904999999999721183e+01 -4.467476530287656900e+00 0.000000000000000000e+00
4.894999999999721751e+01 -4.468034508137197491e+00 0.000000000000000000e+00
4.884999999999722320e+01 -4.468824896886411047e+00 0.000000000000000000e+00
4.874999999999722888e+01 -4.469662082823209204e+00 0.000000000000000000e+00
4.864999999999723457e+01 -4.470363051719040470e+00 0.000000000000000000e+00
4.854999999999724025e+01 -4.470787343492990118e+00 0.000000000000000000e+00
4.844999999999724594e+01 -4.470866358313275946e+00 0.000000000000000000e+00
4.834999999999725162e+01 -4.470615325192913048e+00 0.000000000000000000e+00
4.824999999999725731e+01 -4.470125430675806477e+00 0.000000000000000000e+00
4.814999999999726299e+01 -4.469538390074686340e+00 0.000000000000000000e+00
4.804999999999726867e+01 -4.469009948881523364e+00 0.000000000000000000e+00
4.794999999999727436e+01 -4.468671260164317260e+00 0.000000000000000000e+00
4.784999999999728004e+01 -4.468597347813838994e+00 0.000000000000000000e+00
4.774999999999728573e+01 -4.468789964609269028e+00 0.000000000000000000e+00
4.764999999999729141e+01 -4.469178697063680872e+00 0.000000000000000000e+00
4.754999999999729710e+01 -4.469639920905240871e+00 0.000000000000000000e+00
4.744999999999730278e+01 -4.470029057633820635e+00 0.000000000000000000e+00
4.734999999999730846e+01 -4.470218377753615080e+00 0.000000000000000000e+00
4.724999999999731415e+01 -4.470131079951620734e+00 0.000000000000000000e+00
4.714999999999731983e+01 -4.469763066829170128e+00 0.000000000000000000e+00
4.704999999999732552e+01 -4.469186710210006019e+00 0.000000000000000000e+00
4.694999999999733120e+01 -4.468535365538201631e+00 0.000000000000000000e+00
4.684999999999733689e+01 -4.467972237965511795e+00 0.000000000000000000e+00
4.674999999999734257e+01 -4.467651130242525248e+00 0.000000000000000000e+00
4.664999999999734825e+01 -4.467678544900121729e+00 0.000000000000000000e+00
4.654999999999735394e+01 -4.468086215347827128e+00 0.000000000000000000e+00
4.644999999999735962e+01 -4.468820620314213343e+00 0.000000000000000000e+00
4.634999999999736531e+01 -4.469752118113333950e+00 0.000000000000000000e+00
4.624999999999737099e+01 -4.470701892478754935e+00 0.000000000000000000e+00
4.614999999999737668e+01 -4.471480847143045168e+00 0.000000000000000000e+00
4.604999999999738236e+01 -4.471931746718948553e+00 0.000000000000000000e+00
4.594999999999738804e+01 -4.471964938829649405e+00 0.000000000000000000e+00
4.584999999999739373e+01 -4.471579273481594896e+00 0.000000000000000000e+00
4.574999999999739941e+01 -4.470863193820707515e+00 0.000000000000000000e+00
4.564999999999740510e+01 -4.469975666445965778e+00 0.000000000000000000e+00
4.554999999999741078e+01 -4.469111410718887178e+00 0.000000000000000000e+00
4.544999999999741647e+01 -4.468458524252095110e+00 0.000000000000000000e+00
4.534999999999742215e+01 -4.468158180859862050e+00 0.000000000000000000e+00
4.524999999999742784e+01 -4.468275359454692897e+00 0.000000000000000000e+00
4.514999999999743352e+01 -4.468786857045920158e+00 0.000000000000000000e+00
4.504999999999743920e+01 -4.469588867460125847e+00 0.000000000000000000e+00
4.494999999999744489e+01 -4.470522034063983519e+00 0.000000000000000000e+00
4.484999999999745057e+01 -4.471408022831647955e+00 0.000000000000000000e+00
4.474999999999745626e+01 -4.472089123528290244e+00 0.000000000000000000e+00
4.464999999999746194e+01 -4.472461789192855974e+00 0.000000000000000000e+00
4.454999999999746763e+01 -4.472496580836952340e+00 0.000000000000000000e+00
4.444999999999747331e+01 -4.472240387306188225e+00 0.000000000000000000e+00
4.434999999999747899e+01 -4.471801160046214640e+00 0.000000000000000000e+00
4.424999999999748468e+01 -4.471319576473543833e+00 0.000000000000000000e+00
4.414999999999749036e+01 -4.470934912573848230e+00 0.000000000000000000e+00
4.404999999999749605e+01 -4.470753352277391457e+00 0.000000000000000000e+00
4.394999999999750173e+01 -4.470825904196581213e+00 0.000000000000000000e+00
4.384999999999750742e+01 -4.471140495010438975e+00 0.000000000000000000e+00
4.374999999999751310e+01 -4.471629316921313269e+00 0.000000000000000000e+00
4.364999999999751878e+01 -4.472188945162138829e+00 0.000000000000000000e+00
4.354999999999752447e+01 -4.472707826616509230e+00 0.000000000000000000e+00
4.344999999999753015e+01 -4.473094159182656071e+00 0.000000000000000000e+00
4.334999999999753584e+01 -4.473297295195660439e+00 0.000000000000000000e+00
4.324999999999754152e+01 -4.473317657806550329e+00 0.000000000000000000e+00
4.314999999999754721e+01 -4.473203255625848307e+00 0.000000000000000000e+00
4.304999999999755289e+01 -4.473034389549129131e+00 0.000000000000000000e+00
4.294999999999755858e+01 -4.472901069813842057e+00 0.000000000000000000e+00
4.284999999999756426e+01 -4.472879256076389254e+00 0.000000000000000000e+00
4.274999999999756994e+01 -4.473011975801611584e+00 0.000000000000000000e+00
4.264999999999757563e+01 -4.473299821264374643e+00 0.000000000000000000e+00
4.254999999999758131e+01 -4.473702774040040353e+00 0.000000000000000000e+00
4.244999999999758700e+01 -4.474152402749631108e+00 0.000000000000000000e+00
4.234999999999759268e+01 -4.474570919286434467e+00 0.000000000000000000e+00
4.224999999999759837e+01 -4.474891934075936106e+00 0.000000000000000000e+00
4.214999999999760405e+01 -4.475077447308824397e+00 0.000000000000000000e+00
4.204999999999760973e+01 -4.475126728983797264e+00 0.000000000000000000e+00
4.194999999999761542e+01 -4.475075011430389438e+00 0.000000000000000000e+00
4.184999999999762110e+01 -4.474982698630044275e+00 0.000000000000000000e+00
4.174999999999762679e+01 -4.474918306519458433e+00 0.000000000000000000e+00
4.164999999999763247e+01 -4.474939892043325429e+00 0.000000000000000000e+00
4.154999999999763816e+01 -4.475079937044379896e+00 0.000000000000000000e+00
4.144999999999764384e+01 -4.475337560126114056e+00 0.000000000000000000e+00
4.134999999999764952e+01 -4.475679881629254453e+00 0.000000000000000000e+00
4.124999999999765521e+01 -4.476051931230391467e+00 0.000000000000000000e+00
4.114999999999766089e+01 -4.476392249860012384e+00 0.000000000000000000e+00
4.104999999999766658e+01 -4.476649871181774820e+00 0.000000000000000000e+00
4.094999999999767226e+01 -4.476798032357156565e+00 0.000000000000000000e+00
4.084999999999767795e+01 -4.476840898988132089e+00 0.000000000000000000e+00
4.074999999999768363e+01 -4.476811541529036376e+00 0.000000000000000000e+00
4.064999999999768932e+01 -4.476761849235177060e+00 0.000000000000000000e+00
4.054999999999769500e+01 -4.476747291547359175e+00 0.000000000000000000e+00
4.044999999999770068e+01 -4.476810821005737573e+00 0.000000000000000000e+00
4.034999999999770637e+01 -4.476970390630406804e+00 0.000000000000000000e+00
4.024999999999771205e+01 -4.477213537237836327e+00 0.000000000000000000e+00
4.014999999999771774e+01 -4.477500567702900724e+00 0.000000000000000000e+00
4.004999999999772342e+01 -4.477775577819751440e+00 0.000000000000000000e+00
3.994999999999772911e+01 -4.477982408873463882e+00 0.000000000000000000e+00
3.984999999999773479e+01 -4.478081236551863853e+00 0.000000000000000000e+00
3.974999999999774047e+01 -4.478061187135864429e+00 0.000000000000000000e+00
3.964999999999774616e+01 -4.477945324945870276e+00 0.000000000000000000e+00
3.954999999999775184e+01 -4.477786348965040020e+00 0.000000000000000000e+00
3.944999999999775753e+01 -4.477653855547996997e+00 0.000000000000000000e+00
3.934999999999776321e+01 -4.477616340760208757e+00 0.000000000000000000e+00
3.924999999999776890e+01 -4.477722592463512896e+00 0.000000000000000000e+00
3.914999999999777458e+01 -4.477987336869385437e+00 0.000000000000000000e+00
3.904999999999778026e+01 -4.478384971037061568e+00 0.000000000000000000e+00
3.894999999999778595e+01 -4.478853192793501137e+00 0.000000000000000000e+00
3.884999999999779163e+01 -4.479305896872045167e+00 0.000000000000000000e+00
3.874999999999779732e+01 -4.479652374464643039e+00 0.000000000000000000e+00
3.864999999999780300e+01 -4.479818243607867956e+00 0.000000000000000000e+00
3.854999999999780869e+01 -4.479763010343902785e+00 0.000000000000000000e+00
3.844999999999781437e+01 -4.479489949055859732e+00 0.000000000000000000e+00
3.834999999999782005e+01 -4.479045891516536315e+00 0.000000000000000000e+00
3.824999999999782574e+01 -4.478511083982835927e+00 0.000000000000000000e+00
3.814999999999783142e+01 -4.477981767349103137e+00 0.000000000000000000e+00
3.804999999999783711e+01 -4.477549887452956234e+00 0.000000000000000000e+00
3.794999999999784279e+01 -4.477284878785026123e+00 0.000000000000000000e+00
3.784999999999784848e+01 -4.477221697148736190e+00 0.000000000000000000e+00
3.774999999999785416e+01 -4.477357476847741324e+00 0.000000000000000000e+00
3.764999999999785985e+01 -4.477656841899512408e+00 0.000000000000000000e+00
3.754999999999786553e+01 -4.478063656274081872e+00 0.000000000000000000e+00
3.744999999999787121e+01 -4.478515403208657375e+00 0.000000000000000000e+00
3.734999999999787690e+01 -4.478955924081397200e+00 0.000000000000000000e+00
3.724999999999788258e+01 -4.479343022876979497e+00 0.000000000000000000e+00
3.714999999999788827e+01 -4.479649303322402076e+00 0.000000000000000000e+00
3.704999999999789395e+01 -4.479856944224922088e+00 0.000000000000000000e+00
3.694999999999789964e+01 -4.479949258617115682e+00 0.000000000000000000e+00
3.684999999999790532e+01 -4.479903099699812152e+00 0.000000000000000000e+00
3.674999999999791100e+01 -4.479686116365967585e+00 0.000000000000000000e+00
3.664999999999791669e+01 -4.479261462379802161e+00 0.000000000000000000e+00
3.654999999999792237e+01 -4.478600171188796608e+00 0.000000000000000000e+00
3.644999999999792806e+01 -4.477698599385699474e+00 0.000000000000000000e+00
3.634999999999793374e+01 -4.476595874945986431e+00 0.000000000000000000e+00
3.624999999999793943e+01 -4.475384990487486725e+00 0.000000000000000000e+00
3.614999999999794511e+01 -4.474211686502614249e+00 0.000000000000000000e+00
3.604999999999795079e+01 -4.473257824694223395e+00 0.000000000000000000e+00
3.594999999999795648e+01 -4.472710031215772375e+00 0.000000000000000000e+00
3.584999999999796216e+01 -4.472718918222419404e+00 0.000000000000000000e+00
3.574999999999796785e+01 -4.473357680333143627e+00 0.000000000000000000e+00
3.564999999999797353e+01 -4.474590249718151114e+00 0.000000000000000000e+00
3.554999999999797922e+01 -4.476257998891149725e+00 0.000000000000000000e+00
3.544999999999798490e+01 -4.478090662889686158e+00 0.000000000000000000e+00
3.534999999999799059e+01 -4.479742470969738655e+00 0.000000000000000000e+00
3.524999999999799627e+01 -4.480849374169067367e+00 0.000000000000000000e+00
3.514999999999800195e+01 -4.481098366777671593e+00 0.000000000000000000e+00
3.504999999999800764e+01 -4.480296013168732827e+00 0.000000000000000000e+00
3.494999999999801332e+01 -4.478421325297324174e+00 0.000000000000000000e+00
3.484999999999801901e+01 -4.475649274194835492e+00 0.000000000000000000e+00
3.474999999999802469e+01 -4.472336059992327861e+00 0.000000000000000000e+00
3.464999999999803038e+01 -4.468965272539267453e+00 0.000000000000000000e+00
3.454999999999803606e+01 -4.466063280730832474e+00 0.000000000000000000e+00
3.444999999999804174e+01 -4.464100015022233414e+00 0.000000000000000000e+00
3.434999999999804743e+01 -4.463395526219457565e+00 0.000000000000000000e+00
3.424999999999805311e+01 -4.464052212114735241e+00 0.000000000000000000e+00
3.414999999999805880e+01 -4.465927591462035551e+00 0.000000000000000000e+00
3.404999999999806448e+01 -4.468654248887579783e+00 0.000000000000000000e+00
3.394999999999807017e+01 -4.471704034981422993e+00 0.000000000000000000e+00
3.384999999999807585e+01 -4.474484710415680411e+00 0.000000000000000000e+00
3.374999999999808153e+01 -4.476450525240761813e+00 0.000000000000000000e+00
3.364999999999808722e+01 -4.477204788629272514e+00 0.000000000000000000e+00
3.354999999999809290e+01 -4.476573319615526181e+00 0.000000000000000000e+00
3.344999999999809859e+01 -4.474633271192833384e+00 0.000000000000000000e+00
3.334999999999810427e+01 -4.471691558390313403e+00 0.000000000000000000e+00
3.324999999999810996e+01 -4.468218496969473819e+00 0.000000000000000000e+00
3.314999999999811564e+01 -4.464752000907851404e+00 0.000000000000000000e+00
3.304999999999812133e+01 -4.461793153366368614e+00 0.000000000000000000e+00
3.294999999999812701e+01 -4.459714496095007696e+00 0.000000000000000000e+00
3.284999999999813269e+01 -4.458698689629271961e+00 0.000000000000000000e+00
3.274999999999813838e+01 -4.458718587233999386e+00 0.000000000000000000e+00
3.264999999999814406e+01 -4.459561308140822966e+00 0.000000000000000000e+00
3.254999999999814975e+01 -4.460889750427832645e+00 0.000000000000000000e+00
3.244999999999815543e+01 -4.462326666186998914e+00 0.000000000000000000e+00
3.234999999999816112e+01 -4.463540936451784624e+00 0.000000000000000000e+00
3.224999999999816680e+01 -4.464315022476879946e+00 0.000000000000000000e+00
3.214999999999817248e+01 -4.464577641838921807e+00 0.000000000000000000e+00
3.204999999999817817e+01 -4.464395570497003973e+00 0.000000000000000000e+00
3.194999999999818385e+01 -4.463929960991589674e+00 0.000000000000000000e+00
3.184999999999818954e+01 -4.463371942229126255e+00 0.000000000000000000e+00
3.174999999999819522e+01 -4.462876635434578354e+00 0.000000000000000000e+00
3.164999999999820091e+01 -4.462513643387987727e+00 0.000000000000000000e+00
3.154999999999820659e+01 -4.462246679127042981e+00 0.000000000000000000e+00
3.144999999999821227e+01 -4.461947351412725027e+00 0.000000000000000000e+00
3.134999999999821796e+01 -4.461439679355058807e+00 0.000000000000000000e+00
3.124999999999822364e+01 -4.460564037325726261e+00 0.000000000000000000e+00
3.114999999999822933e+01 -4.459243170991040728e+00 0.000000000000000000e+00
3.104999999999823501e+01 -4.457530593191098234e+00 0.000000000000000000e+00
3.094999999999824070e+01 -4.455624673578067352e+00 0.000000000000000000e+00
3.084999999999824638e+01 -4.453840420734852756e+00 0.000000000000000000e+00
3.074999999999825206e+01 -4.452543146017144515e+00 0.000000000000000000e+00
3.064999999999825775e+01 -4.452059805237229995e+00 0.000000000000000000e+00
3.054999999999826343e+01 -4.452590776673197581e+00 0.000000000000000000e+00
3.044999999999826912e+01 -4.454145030387597792e+00 0.000000000000000000e+00
3.034999999999827480e+01 -4.456515831488552237e+00 0.000000000000000000e+00
3.024999999999828049e+01 -4.459304642486546122e+00 0.000000000000000000e+00
3.014999999999828617e+01 -4.461990557093850285e+00 0.000000000000000000e+00
3.004999999999829186e+01 -4.464032997840066130e+00 0.000000000000000000e+00
2.994999999999829754e+01 -4.464987625558644702e+00 0.000000000000000000e+00
2.984999999999830322e+01 -4.464610322834488443e+00 0.000000000000000000e+00
2.974999999999830891e+01 -4.462923797847516028e+00 0.000000000000000000e+00
2.964999999999831459e+01 -4.460227567774317059e+00 0.000000000000000000e+00
2.954999999999832028e+01 -4.457044894943902769e+00 0.000000000000000000e+00
2.944999999999832596e+01 -4.454016259838443403e+00 0.000000000000000000e+00
2.934999999999833165e+01 -4.451762994556935027e+00 0.000000000000000000e+00
2.924999999999833733e+01 -4.450752254784972273e+00 0.000000000000000000e+00
2.914999999999834301e+01 -4.451193937277435175e+00 0.000000000000000000e+00
2.904999999999834870e+01 -4.452992513083164461e+00 0.000000000000000000e+00
2.894999999999835438e+01 -4.455764594120917188e+00 0.000000000000000000e+00
2.884999999999836007e+01 -4.458919358980487857e+00 0.000000000000000000e+00
2.874999999999836575e+01 -4.461786034799883893e+00 0.000000000000000000e+00
2.864999999999837144e+01 -4.463762276844705390e+00 0.000000000000000000e+00
2.854999999999837712e+01 -4.464450975475929617e+00 0.000000000000000000e+00
2.844999999999838280e+01 -4.463753115965848117e+00 0.000000000000000000e+00
2.834999999999838849e+01 -4.461892673016294886e+00 0.000000000000000000e+00
2.824999999999839417e+01 -4.459365752185409981e+00 0.000000000000000000e+00
2.814999999999839986e+01 -4.456825640549158862e+00 0.000000000000000000e+00
2.804999999999840554e+01 -4.454931591978239069e+00 0.000000000000000000e+00
2.794999999999841123e+01 -4.454196964545277915e+00 0.000000000000000000e+00
2.784999999999841691e+01 -4.454870789730558833e+00 0.000000000000000000e+00
2.774999999999842260e+01 -4.456878004523927572e+00 0.000000000000000000e+00
2.764999999999842828e+01 -4.459830625694258366e+00 0.000000000000000000e+00
2.754999999999843396e+01 -4.463107910162150915e+00 0.000000000000000000e+00
2.744999999999843965e+01 -4.465990036864973867e+00 0.000000000000000000e+00
2.734999999999844533e+01 -4.467818490747777815e+00 0.000000000000000000e+00
2.724999999999845102e+01 -4.468148681731690885e+00 0.000000000000000000e+00
2.714999999999845670e+01 -4.466859069911162550e+00 0.000000000000000000e+00
2.704999999999846239e+01 -4.464188795995238657e+00 0.000000000000000000e+00
2.694999999999846807e+01 -4.460692584336020339e+00 0.000000000000000000e+00
2.684999999999847375e+01 -4.457122763337676652e+00 0.000000000000000000e+00
2.674999999999847944e+01 -4.454266411567412653e+00 0.000000000000000000e+00
2.664999999999848512e+01 -4.452775211062047767e+00 0.000000000000000000e+00
2.654999999999849081e+01 -4.453025329197680016e+00 0.000000000000000000e+00
2.644999999999849649e+01 -4.455036431420285048e+00 0.000000000000000000e+00
2.634999999999850218e+01 -4.458465720873546090e+00 0.000000000000000000e+00
2.624999999999850786e+01 -4.462677508685922945e+00 0.000000000000000000e+00
2.614999999999851354e+01 -4.466873866012806005e+00 0.000000000000000000e+00
2.604999999999851923e+01 -4.470259608558730058e+00 0.000000000000000000e+00
2.594999999999852491e+01 -4.472207057248626327e+00 0.000000000000000000e+00
2.584999999999853060e+01 -4.472384699802196550e+00 0.000000000000000000e+00
2.574999999999853628e+01 -4.470820888827434558e+00 0.000000000000000000e+00
2.564999999999854197e+01 -4.467888923942725299e+00 0.000000000000000000e+00
2.554999999999854765e+01 -4.464219272895110890e+00 0.000000000000000000e+00
2.544999999999855333e+01 -4.460561746606224176e+00 0.000000000000000000e+00
2.534999999999855902e+01 -4.457629909110242927e+00 0.000000000000000000e+00
2.524999999999856470e+01 -4.455960774197312624e+00 0.000000000000000000e+00
2.514999999999857039e+01 -4.455817016485132953e+00 0.000000000000000000e+00
2.504999999999857607e+01 -4.457149109981228818e+00 0.000000000000000000e+00
2.494999999999858176e+01 -4.459622707751885073e+00 0.000000000000000000e+00
2.484999999999858744e+01 -4.462703536376140256e+00 0.000000000000000000e+00
2.474999999999859313e+01 -4.465780085264721144e+00 0.000000000000000000e+00
2.464999999999859881e+01 -4.468296039961967558e+00 0.000000000000000000e+00
2.454999999999860449e+01 -4.469862322248987496e+00 0.000000000000000000e+00
2.444999999999861018e+01 -4.470324113231792573e+00 0.000000000000000000e+00
2.434999999999861586e+01 -4.469770420845790682e+00 0.000000000000000000e+00
2.424999999999862155e+01 -4.468488963575512507e+00 0.000000000000000000e+00
2.414999999999862723e+01 -4.466882333658225512e+00 0.000000000000000000e+00
2.404999999999863292e+01 -4.465368674367378610e+00 0.000000000000000000e+00
2.394999999999863860e+01 -4.464290452537300169e+00 0.000000000000000000e+00
2.384999999999864428e+01 -4.463849973964491014e+00 0.000000000000000000e+00
2.374999999999864997e+01 -4.464082491386178297e+00 0.000000000000000000e+00
2.364999999999865565e+01 -4.464869063981224073e+00 0.000000000000000000e+00
2.354999999999866134e+01 -4.465982920696729863e+00 0.000000000000000000e+00
2.344999999999866702e+01 -4.467156140308532919e+00 0.000000000000000000e+00
2.334999999999867271e+01 -4.468149311979424887e+00 0.000000000000000000e+00
2.324999999999867839e+01 -4.468806862318857931e+00 0.000000000000000000e+00
2.314999999999868407e+01 -4.469085309034213971e+00 0.000000000000000000e+00
2.304999999999868976e+01 -4.469049736973912168e+00 0.000000000000000000e+00
2.294999999999869544e+01 -4.468842700062515938e+00 0.000000000000000000e+00
2.284999999999870113e+01 -4.468636667659996675e+00 0.000000000000000000e+00
2.274999999999870681e+01 -4.468584155662580493e+00 0.000000000000000000e+00
2.264999999999871250e+01 -4.468778559054312538e+00 0.000000000000000000e+00
2.254999999999871818e+01 -4.469234509606892836e+00 0.000000000000000000e+00
2.244999999999872387e+01 -4.469890845315937611e+00 0.000000000000000000e+00
2.234999999999872955e+01 -4.470633476940843565e+00 0.000000000000000000e+00
2.224999999999873523e+01 -4.471330685010897810e+00 0.000000000000000000e+00
2.214999999999874092e+01 -4.471870666835377151e+00 0.000000000000000000e+00
2.204999999999874660e+01 -4.472191068239665945e+00 0.000000000000000000e+00
2.194999999999875229e+01 -4.472292932462030635e+00 0.000000000000000000e+00
2.184999999999875797e+01 -4.472236212753463391e+00 0.000000000000000000e+00
2.174999999999876366e+01 -4.472119337595290567e+00 0.000000000000000000e+00
2.164999999999876934e+01 -4.472049585877497790e+00 0.000000000000000000e+00
2.154999999999877502e+01 -4.472113052815676504e+00 0.000000000000000000e+00
2.144999999999878071e+01 -4.472352396268442831e+00 0.000000000000000000e+00
2.134999999999878639e+01 -4.472757840886036895e+00 0.000000000000000000e+00
2.124999999999879208e+01 -4.473273023315351260e+00 0.000000000000000000e+00
2.114999999999879776e+01 -4.473813241052534195e+00 0.000000000000000000e+00
2.104999999999880345e+01 -4.474290485162079278e+00 0.000000000000000000e+00
2.094999999999880913e+01 -4.474638025899048799e+00 0.000000000000000000e+00
2.084999999999881481e+01 -4.474827713719533584e+00 0.000000000000000000e+00
2.074999999999882050e+01 -4.474875454241694861e+00 0.000000000000000000e+00
2.064999999999882618e+01 -4.474833877517446545e+00 0.000000000000000000e+00
2.054999999999883187e+01 -4.474774941103748738e+00 0.000000000000000000e+00
2.044999999999883755e+01 -4.474767961205964539e+00 0.000000000000000000e+00
2.034999999999884324e+01 -4.474859576012595319e+00 0.000000000000000000e+00
2.024999999999884892e+01 -4.475061259625540799e+00 0.000000000000000000e+00
2.014999999999885461e+01 -4.475347620160331275e+00 0.000000000000000000e+00
2.004999999999886029e+01 -4.475665575797332707e+00 0.000000000000000000e+00
1.994999999999886597e+01 -4.475951455493243358e+00 0.000000000000000000e+00
1.984999999999887166e+01 -4.476150891410412669e+00 0.000000000000000000e+00
1.974999999999887734e+01 -4.476235637923011268e+00 0.000000000000000000e+00
1.964999999999888303e+01 -4.476212396582631037e+00 0.000000000000000000e+00
1.954999999999888871e+01 -4.476121113440174604e+00 0.000000000000000000e+00
1.944999999999889440e+01 -4.476023348315339767e+00 0.000000000000000000e+00
1.934999999999890008e+01 -4.475984219233728467e+00 0.000000000000000000e+00
1.924999999999890576e+01 -4.476053226050807687e+00 0.000000000000000000e+00
1.914999999999891145e+01 -4.476249437878910165e+00 0.000000000000000000e+00
1.904999999999891713e+01 -4.476555148887389812e+00 0.000000000000000000e+00
1.894999999999892282e+01 -4.476919607993240291e+00 0.000000000000000000e+00
1.884999999999892850e+01 -4.477271581089517838e+00 0.000000000000000000e+00
1.874999999999893419e+01 -4.477537048377280726e+00 0.000000000000000000e+00
1.864999999999893987e+01 -4.477656989913708863e+00 0.000000000000000000e+00
1.854999999999894555e+01 -4.477600323297274088e+00 0.000000000000000000e+00
1.844999999999895124e+01 -4.477368668366906057e+00 0.000000000000000000e+00
1.834999999999895692e+01 -4.476992216336651786e+00 0.000000000000000000e+00
1.824999999999896261e+01 -4.476518783068027751e+00 0.000000000000000000e+00
1.814999999999896829e+01 -4.476000192132284283e+00 0.000000000000000000e+00
1.804999999999897398e+01 -4.475480804841320825e+00 0.000000000000000000e+00
1.794999999999897966e+01 -4.474992073821775662e+00 0.000000000000000000e+00
1.784999999999898534e+01 -4.474554715622779177e+00 0.000000000000000000e+00
1.774999999999899103e+01 -4.474187173021328512e+00 0.000000000000000000e+00
1.764999999999899671e+01 -4.473916337228087237e+00 0.000000000000000000e+00
1.754999999999900240e+01 -4.473785000105401366e+00 0.000000000000000000e+00
1.744999999999900808e+01 -4.473850842036675601e+00 0.000000000000000000e+00
1.734999999999901377e+01 -4.474174147929534051e+00 0.000000000000000000e+00
1.724999999999901945e+01 -4.474795233699519592e+00 0.000000000000000000e+00
1.714999999999902514e+01 -4.475706647292099660e+00 0.000000000000000000e+00
1.704999999999903082e+01 -4.476828171294750192e+00 0.000000000000000000e+00
1.694999999999903650e+01 -4.477993632207123653e+00 0.000000000000000000e+00
1.684999999999904219e+01 -4.478957176639846161e+00 0.000000000000000000e+00
1.674999999999904787e+01 -4.479423320985738144e+00 0.000000000000000000e+00
1.664999999999905356e+01 -4.479100088702569593e+00 0.000000000000000000e+00
1.654999999999905924e+01 -4.477768425364966554e+00 0.000000000000000000e+00
1.644999999999906493e+01 -4.475354621944811484e+00 0.000000000000000000e+00
1.634999999999907061e+01 -4.471987376500131894e+00 0.000000000000000000e+00
1.624999999999907629e+01 -4.468019873273970433e+00 0.000000000000000000e+00
1.614999999999908198e+01 -4.464002080253063554e+00 0.000000000000000000e+00
1.604999999999908766e+01 -4.460599652167559270e+00 0.000000000000000000e+00
1.594999999999909335e+01 -4.458470608220841847e+00 0.000000000000000000e+00
1.584999999999909903e+01 -4.458124368035953466e+00 0.000000000000000000e+00
1.574999999999910472e+01 -4.459794691397502397e+00 0.000000000000000000e+00
1.564999999999911040e+01 -4.463356120324756482e+00 0.000000000000000000e+00
1.554999999999911608e+01 -4.468303904600641197e+00 0.000000000000000000e+00
1.544999999999912177e+01 -4.473804511923582083e+00 0.000000000000000000e+00
1.534999999999912745e+01 -4.478812051877938849e+00 0.000000000000000000e+00
1.524999999999913314e+01 -4.482236865524596325e+00 0.000000000000000000e+00
1.514999999999913882e+01 -4.483144180856069916e+00 0.000000000000000000e+00
1.504999999999914451e+01 -4.480951206386511565e+00 0.000000000000000000e+00
1.494999999999915019e+01 -4.475582438262524221e+00 0.000000000000000000e+00
1.484999999999915588e+01 -4.467542091455237063e+00 0.000000000000000000e+00
1.474999999999916156e+01 -4.457875117147745314e+00 0.000000000000000000e+00
1.464999999999916724e+01 -4.448012659844227557e+00 0.000000000000000000e+00
1.454999999999917293e+01 -4.439525336220076390e+00 0.000000000000000000e+00
1.444999999999917861e+01 -4.433829808813452900e+00 0.000000000000000000e+00
1.434999999999918430e+01 -4.431906861147989041e+00 0.000000000000000000e+00
1.424999999999918998e+01 -4.434090753952604658e+00 0.000000000000000000e+00
1.414999999999919567e+01 -4.439977436755158990e+00 0.000000000000000000e+00
1.404999999999920135e+01 -4.448473598721545130e+00 0.000000000000000000e+00
1.394999999999920703e+01 -4.457977787489497246e+00 0.000000000000000000e+00
1.384999999999921272e+01 -4.466660005316311910e+00 0.000000000000000000e+00
1.374999999999921840e+01 -4.472791326981969462e+00 0.000000000000000000e+00
1.364999999999922409e+01 -4.475065732619764702e+00 0.000000000000000000e+00
1.354999999999922977e+01 -4.472851008416284024e+00 0.000000000000000000e+00
1.344999999999923546e+01 -4.466312267202117603e+00 0.000000000000000000e+00
1.334999999999924114e+01 -4.456378811664530204e+00 0.000000000000000000e+00
1.324999999999924682e+01 -4.444565510569082001e+00 0.000000000000000000e+00
1.314999999999925251e+01 -4.432693218292927284e+00 0.000000000000000000e+00
1.304999999999925819e+01 -4.422564956289013693e+00 0.000000000000000000e+00
1.294999999999926388e+01 -4.415651013426021620e+00 0.000000000000000000e+00
1.284999999999926956e+01 -4.412830815197409606e+00 0.000000000000000000e+00
1.274999999999927525e+01 -4.414237192077795413e+00 0.000000000000000000e+00
1.264999999999928093e+01 -4.419240739792054562e+00 0.000000000000000000e+00
1.254999999999928662e+01 -4.426588647289739775e+00 0.000000000000000000e+00
1.244999999999929230e+01 -4.434675629071277214e+00 0.000000000000000000e+00
1.234999999999929798e+01 -4.441887254880671598e+00 0.000000000000000000e+00
1.224999999999930367e+01 -4.446932352292741086e+00 0.000000000000000000e+00
1.214999999999930935e+01 -4.449081142759688134e+00 0.000000000000000000e+00
1.204999999999931504e+01 -4.448253420879634490e+00 0.000000000000000000e+00
1.194999999999932072e+01 -4.444948871942838942e+00 0.000000000000000000e+00
1.184999999999932641e+01 -4.440059270351934373e+00 0.000000000000000000e+00
1.174999999999933209e+01 -4.434627843908984346e+00 0.000000000000000000e+00
1.164999999999933777e+01 -4.429618745022965598e+00 0.000000000000000000e+00
1.154999999999934346e+01 -4.425740564730415549e+00 0.000000000000000000e+00
1.144999999999934914e+01 -4.423347809762296912e+00 0.000000000000000000e+00
1.134999999999935483e+01 -4.422429666358043576e+00 0.000000000000000000e+00
1.124999999999936051e+01 -4.422683430274251037e+00 0.000000000000000000e+00
1.114999999999936620e+01 -4.423654844778111439e+00 0.000000000000000000e+00
1.104999999999937188e+01 -4.424908777502937873e+00 0.000000000000000000e+00
1.094999999999937756e+01 -4.426178814156199515e+00 0.000000000000000000e+00
1.084999999999938325e+01 -4.427445538774809286e+00 0.000000000000000000e+00
1.074999999999938893e+01 -4.428916550908206240e+00 0.000000000000000000e+00
1.064999999999939462e+01 -4.430918069722482144e+00 0.000000000000000000e+00
1.054999999999940030e+01 -4.433739640471570986e+00 0.000000000000000000e+00
1.044999999999940599e+01 -4.437485125879597980e+00 0.000000000000000000e+00
1.034999999999941167e+01 -4.441974959835367720e+00 0.000000000000000000e+00
1.024999999999941735e+01 -4.446726762242843023e+00 0.000000000000000000e+00
1.014999999999942304e+01 -4.451024097513479383e+00 0.000000000000000000e+00
1.004999999999942872e+01 -4.454067927929751036e+00 0.000000000000000000e+00
9.949999999999434408e+00 -4.455187902490866492e+00 0.000000000000000000e+00
9.849999999999440092e+00 -4.454067566003281797e+00 0.000000000000000000e+00
9.749999999999445777e+00 -4.450916105741107742e+00 0.000000000000000000e+00
9.649999999999451461e+00 -4.446516355091847394e+00 0.000000000000000000e+00
9.549999999999457145e+00 -4.442108668988333342e+00 0.000000000000000000e+00
9.449999999999462830e+00 -4.439126377685775893e+00 0.000000000000000000e+00
9.349999999999468514e+00 -4.438853299804947028e+00 0.000000000000000000e+00
9.249999999999474198e+00 -4.442098962154586772e+00 0.000000000000000000e+00
9.149999999999479883e+00 -4.448973921269388399e+00 0.000000000000000000e+00
9.049999999999485567e+00 -4.458809711220996341e+00 0.000000000000000000e+00
8.949999999999491251e+00 -4.470229296683584153e+00 0.000000000000000000e+00
8.849999999999496936e+00 -4.481353104788686537e+00 0.000000000000000000e+00
8.749999999999502620e+00 -4.490121931244926756e+00 0.000000000000000000e+00
8.649999999999508304e+00 -4.494711464192933548e+00 0.000000000000000000e+00
8.549999999999513989e+00 -4.493981573137260099e+00 0.000000000000000000e+00
8.449999999999519673e+00 -4.487852570017599518e+00 0.000000000000000000e+00
8.349999999999525357e+00 -4.477473387017757211e+00 0.000000000000000000e+00
8.249999999999531042e+00 -4.465088185583201863e+00 0.000000000000000000e+00
8.149999999999536726e+00 -4.453608695775380433e+00 0.000000000000000000e+00
8.049999999999542410e+00 -4.445998586728311608e+00 0.000000000000000000e+00
7.949999999999548095e+00 -4.444625521694127279e+00 0.000000000000000000e+00
7.849999999999553779e+00 -4.450734290451818786e+00 0.000000000000000000e+00
7.749999999999559464e+00 -4.464152396953076085e+00 0.000000000000000000e+00
7.649999999999565148e+00 -4.483266508583210630e+00 0.000000000000000000e+00
7.549999999999570832e+00 -4.505235923483170701e+00 0.000000000000000000e+00
7.449999999999576517e+00 -4.526386234428630750e+00 0.000000000000000000e+00
7.349999999999582201e+00 -4.542760425964385007e+00 0.000000000000000000e+00
7.249999999999587885e+00 -4.550829325197075725e+00 0.000000000000000000e+00
7.149999999999593570e+00 -4.548295859277640574e+00 0.000000000000000000e+00
7.049999999999599254e+00 -4.534782190723498196e+00 0.000000000000000000e+00
6.949999999999604938e+00 -4.512121600280177169e+00 0.000000000000000000e+00
6.849999999999610623e+00 -4.484118733159064618e+00 0.000000000000000000e+00
6.749999999999616307e+00 -4.455881391310989592e+00 0.000000000000000000e+00
6.649999999999621991e+00 -4.432926758413774593e+00 0.000000000000000000e+00
6.549999999999627676e+00 -4.420196831586058472e+00 0.000000000000000000e+00
6.449999999999633360e+00 -4.421079235451823131e+00 0.000000000000000000e+00
6.349999999999639044e+00 -4.436622603724972080e+00 0.000000000000000000e+00
6.249999999999644729e+00 -4.465197622574399006e+00 0.000000000000000000e+00
6.149999999999650413e+00 -4.502701483339904165e+00 0.000000000000000000e+00
6.049999999999656097e+00 -4.543162831903733156e+00 0.000000000000000000e+00
5.949999999999661782e+00 -4.579575259831893064e+00 0.000000000000000000e+00
5.849999999999667466e+00 -4.604978205067151720e+00 0.000000000000000000e+00
5.749999999999673150e+00 -4.613854104405736400e+00 0.000000000000000000e+00
5.649999999999678835e+00 -4.603553233159461300e+00 0.000000000000000000e+00
5.549999999999684519e+00 -4.575047227993187526e+00 0.000000000000000000e+00
5.449999999999690203e+00 -4.532568429586095071e+00 0.000000000000000000e+00
5.349999999999695888e+00 -4.482520286179033420e+00 0.000000000000000000e+00
5.249999999999701572e+00 -4.432433540466570676e+00 0.000000000000000000e+00
5.149999999999707256e+00 -4.390288619575593465e+00 0.000000000000000000e+00
5.049999999999712941e+00 -4.363849360710029934e+00 0.000000000000000000e+00
4.949999999999718625e+00 -4.359439102123335630e+00 0.000000000000000000e+00
4.849999999999724309e+00 -4.380116100470840657e+00 0.000000000000000000e+00
4.749999999999729994e+00 -4.424121002680291959e+00 0.000000000000000000e+00
4.649999999999735678e+00 -4.484646528814706379e+00 0.000000000000000000e+00
4.549999999999741362e+00 -4.550989293038903760e+00 0.000000000000000000e+00
4.449999999999747047e+00 -4.610446213998049103e+00 0.000000000000000000e+00
4.349999999999752731e+00 -4.650843278384820145e+00 0.000000000000000000e+00
4.249999999999758415e+00 -4.663777527716869820e+00 0.000000000000000000e+00
4.149999999999764100e+00 -4.647212436421528814e+00 0.000000000000000000e+00
4.049999999999769784e+00 -4.605276608228404456e+00 0.000000000000000000e+00
3.949999999999775468e+00 -4.545447313657125399e+00 0.000000000000000000e+00
3.849999999999781153e+00 -4.475687032710366609e+00 0.000000000000000000e+00
3.749999999999786837e+00 -4.403312872858215599e+00 0.000000000000000000e+00
3.649999999999792522e+00 -4.335497984890901435e+00 0.000000000000000000e+00
3.549999999999798206e+00 -4.280516863207865619e+00 0.000000000000000000e+00
3.449999999999803890e+00 -4.248567099841899619e+00 0.000000000000000000e+00
3.349999999999809575e+00 -4.250379099903079272e+00 0.000000000000000000e+00
3.249999999999815259e+00 -4.292092865610293018e+00 0.000000000000000000e+00
3.149999999999820943e+00 -4.368587389317982961e+00 0.000000000000000000e+00
3.049999999999826628e+00 -4.461431591569437138e+00 0.000000000000000000e+00
2.949999999999832312e+00 -4.544584622719469280e+00 0.000000000000000000e+00
2.849999999999837996e+00 -4.595455629184708179e+00 0.000000000000000000e+00
2.749999999999843681e+00 -4.605406310743084930e+00 0.000000000000000000e+00
2.649999999999849365e+00 -4.580891824869517848e+00 0.000000000000000000e+00
2.549999999999855049e+00 -4.534911587533946076e+00 0.000000000000000000e+00
2.449999999999860734e+00 -4.478888087909725257e+00 0.000000000000000000e+00
2.349999999999866418e+00 -4.420059924783283023e+00 0.000000000000000000e+00
2.249999999999872102e+00 -4.362057951163398783e+00 0.000000000000000000e+00
2.149999999999877787e+00 -4.305865373694594211e+00 0.000000000000000000e+00
2.049999999999883471e+00 -4.249979697950553970e+00 0.000000000000000000e+00
1.949999999999889155e+00 -4.189234981829727644e+00 0.000000000000000000e+00
1.849999999999894840e+00 -4.111738192841889905e+00 0.000000000000000000e+00
1.749999999999900524e+00 -3.994528042035809801e+00 0.000000000000000000e+00
1.649999999999906208e+00 -3.804289261336034400e+00 0.000000000000000000e+00
1.549999999999911893e+00 -3.514066603632548969e+00 0.000000000000000000e+00
1.449999999999917577e+00 -3.124011307387637437e+00 0.000000000000000000e+00
1.349999999999923261e+00 -2.661478663541853695e+00 0.000000000000000000e+00
1.249999999999928946e+00 -2.207940203004327806e+00 0.000000000000000000e+00
1.149999999999934630e+00 -1.964434793704499027e+00 0.000000000000000000e+00
1.049999999999940314e+00 -1.969710076458315307e+00 0.000000000000000000e+00
9.499999999999459988e-01 -2.042942660031493052e+00 0.000000000000000000e+00
8.499999999999516831e-01 -2.125062696227069114e+00 0.000000000000000000e+00
7.499999999999573674e-01 -2.219840043046500622e+00 0.000000000000000000e+00
6.499999999999630518e-01 -2.301087991410247113e+00 0.000000000000000000e+00
5.499999999999687361e-01 -2.313849776951470094e+00 0.000000000000000000e+00
4.499999999999744205e-01 -2.241781693583410284e+00 0.000000000000000000e+00
3.499999999999801048e-01 -2.112695389501517251e+00 0.000000000000000000e+00
2.499999999999857891e-01 -1.961999811242097547e+00 0.000000000000000000e+00
1.499999999999914735e-01 -1.831269395723423621e+00 0.000000000000000000e+00
4.999999999999715783e-02 nan 0.000000000000000000e+00
