-5.000000000000000000e+00 -1.289999999999999931e-06
-4.950000000000000178e+00 -2.220000000000000027e-07
-4.900000000000000355e+00 9.880000000000001120e-07
-4.849999999999999645e+00 1.976000000000000224e-06
-4.799999999999999822e+00 3.009999999999999980e-06
-4.750000000000000000e+00 3.798000000000000737e-06
-4.700000000000000178e+00 4.536000000000000278e-06
-4.650000000000000355e+00 5.075999999999999343e-06
-4.599999999999999645e+00 5.130000000000000011e-06
-4.549999999999999822e+00 5.234000000000000201e-06
-4.500000000000000000e+00 4.899999999999999672e-06
-4.450000000000000178e+00 4.247999999999999816e-06
-4.400000000000000355e+00 3.499999999999999524e-06
-4.349999999999999645e+00 2.557999999999999480e-06
-4.299999999999999822e+00 1.586000000000000146e-06
-4.250000000000000000e+00 4.459999999999999438e-07
-4.200000000000000178e+00 -6.219999999999999316e-07
-4.150000000000000355e+00 -1.599999999999999928e-06
-4.099999999999999645e+00 -2.544000000000000122e-06
-4.049999999999999822e+00 -3.216000000000000210e-06
-4.000000000000000000e+00 -3.700000000000000574e-06
-3.950000000000000178e+00 -4.034000000000000679e-06
-3.899999999999999911e+00 -4.060000000000000092e-06
-3.850000000000000089e+00 -3.919999999999999738e-06
-3.799999999999999822e+00 -3.481999999999999442e-06
-3.750000000000000000e+00 -2.878000000000000228e-06
-3.700000000000000178e+00 -2.081999999999999717e-06
-3.649999999999999911e+00 -1.280000000000000027e-06
-3.600000000000000089e+00 -2.279999999999999770e-07
-3.549999999999999822e+00 8.239999999999998611e-07
-3.500000000000000000e+00 1.774000000000000295e-06
-3.450000000000000178e+00 2.698000000000000257e-06
-3.399999999999999911e+00 3.415999999999999989e-06
-3.350000000000000089e+00 4.022000000000000625e-06
-3.299999999999999822e+00 4.396000000000000771e-06
-3.250000000000000000e+00 4.459999999999999650e-06
-3.200000000000000178e+00 4.400000000000000224e-06
-3.149999999999999911e+00 4.128000000000000118e-06
-3.100000000000000089e+00 3.741999999999999070e-06
-3.049999999999999822e+00 3.149999999999999910e-06
-3.000000000000000000e+00 2.370000000000000179e-06
-2.950000000000000178e+00 1.491999999999999860e-06
-2.899999999999999911e+00 5.819999999999999970e-07
-2.850000000000000089e+00 -3.880000000000000333e-07
-2.799999999999999822e+00 -1.351999999999999930e-06
-2.750000000000000000e+00 -2.217999999999999770e-06
-2.700000000000000178e+00 -2.879999999999999954e-06
-2.649999999999999911e+00 -3.226000000000000114e-06
-2.600000000000000089e+00 -3.591999999999999660e-06
-2.549999999999999822e+00 -3.508000000000000125e-06
-2.500000000000000000e+00 -3.345999999999999389e-06
-2.450000000000000178e+00 -2.966000000000000063e-06
-2.399999999999999911e+00 -2.531999999999999644e-06
-2.350000000000000089e+00 -1.845999999999999986e-06
-2.299999999999999822e+00 -1.218000000000000027e-06
-2.250000000000000000e+00 -4.020000000000000263e-07
-2.200000000000000178e+00 3.839999999999999445e-07
-2.149999999999999911e+00 1.182000000000000076e-06
-2.100000000000000089e+00 1.998000000000000183e-06
-2.049999999999999822e+00 2.714000000000000188e-06
-2.000000000000000000e+00 3.210000000000000183e-06
-1.949999999999999956e+00 3.655999999999999386e-06
-1.899999999999999911e+00 3.865999999999999916e-06
-1.850000000000000089e+00 3.967999999999999956e-06
-1.800000000000000044e+00 3.791999999999999439e-06
-1.750000000000000000e+00 3.471999999999999961e-06
-1.699999999999999956e+00 2.978000000000000117e-06
-1.649999999999999911e+00 2.421999999999999850e-06
-1.600000000000000089e+00 1.707999999999999995e-06
-1.550000000000000044e+00 1.115999999999999988e-06
-1.500000000000000000e+00 4.259999999999999765e-07
-1.449999999999999956e+00 -2.700000000000000619e-07
-1.399999999999999911e+00 -9.220000000000000239e-07
-1.350000000000000089e+00 -1.536000000000000202e-06
-1.300000000000000044e+00 -2.095999999999999922e-06
-1.250000000000000000e+00 -2.448000000000000109e-06
-1.199999999999999956e+00 -2.725999999999999819e-06
-1.149999999999999911e+00 -2.864000000000000023e-06
-1.100000000000000089e+00 -2.819999999999999682e-06
-1.050000000000000044e+00 -2.657999999999999793e-06
-1.000000000000000000e+00 -2.263999999999999838e-06
-9.499999999999999556e-01 -1.793999999999999680e-06
-9.000000000000000222e-01 -1.222000000000000116e-06
-8.499999999999999778e-01 -6.120000000000000274e-07
-8.000000000000000444e-01 6.600000000000000866e-08
-7.500000000000000000e-01 8.679999999999999904e-07
-6.999999999999999556e-01 1.528000000000000024e-06
-6.500000000000000222e-01 2.122000000000000181e-06
-5.999999999999999778e-01 2.649999999999999615e-06
-5.500000000000000444e-01 3.158000000000000088e-06
-5.000000000000000000e-01 3.347999999999999963e-06
-4.500000000000000111e-01 3.572000000000000275e-06
-4.000000000000000222e-01 3.533999999999999537e-06
-3.499999999999999778e-01 3.493999999999999920e-06
-2.999999999999999889e-01 3.183999999999999924e-06
-2.500000000000000000e-01 2.931999999999999626e-06
-2.000000000000000111e-01 2.451999999999999563e-06
-1.499999999999999944e-01 1.987999999999999855e-06
-1.000000000000000056e-01 1.469999999999999902e-06
-5.000000000000000278e-02 8.080000000000000354e-07
0.000000000000000000e+00 5.599999999999999191e-08
5.000000000000000278e-02 -6.180000000000000546e-07
1.000000000000000056e-01 -1.260000000000000218e-06
1.499999999999999944e-01 -1.942000000000000211e-06
2.000000000000000111e-01 -2.477999999999999822e-06
2.500000000000000000e-01 -2.843999999999999791e-06
2.999999999999999889e-01 -3.181999999999999773e-06
3.499999999999999778e-01 -3.207999999999999609e-06
4.000000000000000222e-01 -3.125999999999999378e-06
4.500000000000000111e-01 -2.814000000000000078e-06
5.000000000000000000e-01 -2.560000000000000054e-06
5.500000000000000444e-01 -1.976000000000000224e-06
5.999999999999999778e-01 -1.462000000000000148e-06
6.500000000000000222e-01 -7.879999999999999093e-07
6.999999999999999556e-01 -3.999999999999997768e-09
7.500000000000000000e-01 7.339999999999999816e-07
8.000000000000000444e-01 1.593999999999999900e-06
8.499999999999999778e-01 2.415999999999999823e-06
9.000000000000000222e-01 3.096000000000000089e-06
9.499999999999999556e-01 3.788000000000000409e-06
1.000000000000000000e+00 4.181999999999999940e-06
1.050000000000000044e+00 4.471999999999998857e-06
1.100000000000000089e+00 4.441999999999999992e-06
1.149999999999999911e+00 4.271999999999999925e-06
1.199999999999999956e+00 3.972000000000000256e-06
1.250000000000000000e+00 3.312000000000000223e-06
1.300000000000000044e+00 2.552000000000000300e-06
1.350000000000000089e+00 1.779999999999999898e-06
1.399999999999999911e+00 8.579999999999998744e-07
1.449999999999999956e+00 -6.000000000000000787e-08
1.500000000000000000e+00 -1.039999999999999784e-06
1.550000000000000044e+00 -1.880000000000000000e-06
1.600000000000000089e+00 -2.714000000000000188e-06
1.649999999999999911e+00 -3.359999999999999594e-06
1.699999999999999956e+00 -3.865999999999999916e-06
1.750000000000000000e+00 -4.071999999999999299e-06
1.800000000000000044e+00 -4.065999999999999695e-06
1.850000000000000089e+00 -3.770000000000000327e-06
1.899999999999999911e+00 -3.233999999999999868e-06
1.949999999999999956e+00 -2.540000000000000245e-06
2.000000000000000000e+00 -1.637999999999999818e-06
2.049999999999999822e+00 -6.579999999999999893e-07
2.100000000000000089e+00 4.379999999999999781e-07
2.149999999999999911e+00 1.487999999999999983e-06
2.200000000000000178e+00 2.411999999999999946e-06
2.250000000000000000e+00 3.329999999999999458e-06
2.299999999999999822e+00 4.125999999999999121e-06
2.350000000000000089e+00 4.720000000000000549e-06
2.399999999999999911e+00 5.077999999999999493e-06
2.450000000000000178e+00 5.127999999999999861e-06
2.500000000000000000e+00 4.981999999999999057e-06
2.549999999999999822e+00 4.507999999999999868e-06
2.600000000000000089e+00 3.816000000000000395e-06
2.649999999999999911e+00 2.947999999999999981e-06
2.700000000000000178e+00 1.942000000000000211e-06
2.750000000000000000e+00 8.539999999999999974e-07
2.799999999999999822e+00 -1.720000000000000049e-07
2.850000000000000089e+00 -1.233999999999999959e-06
2.899999999999999911e+00 -2.177999999999999730e-06
2.950000000000000178e+00 -3.030000000000000212e-06
3.000000000000000000e+00 -3.586000000000000056e-06
3.049999999999999822e+00 -4.074000000000000296e-06
3.100000000000000089e+00 -4.244000000000000363e-06
3.149999999999999911e+00 -4.220000000000000254e-06
3.200000000000000178e+00 -3.986000000000000461e-06
3.250000000000000000e+00 -3.317999999999999827e-06
3.299999999999999822e+00 -2.579999999999999862e-06
3.350000000000000089e+00 -1.667999999999999954e-06
3.399999999999999911e+00 -5.620000000000000826e-07
3.450000000000000178e+00 4.059999999999999033e-07
3.500000000000000000e+00 1.472000000000000052e-06
3.549999999999999822e+00 2.507999999999999959e-06
3.600000000000000089e+00 3.309999999999999649e-06
3.649999999999999911e+00 3.986000000000000461e-06
3.700000000000000178e+00 4.566000000000000837e-06
3.750000000000000000e+00 4.879999999999999864e-06
3.799999999999999822e+00 5.132000000000000162e-06
3.850000000000000089e+00 4.925999999999999932e-06
3.899999999999999911e+00 4.758000000000000016e-06
3.950000000000000178e+00 4.131999999999999572e-06
4.000000000000000000e+00 3.350000000000000113e-06
4.049999999999999822e+00 2.246000000000000180e-06
4.099999999999999645e+00 1.028000000000000153e-06
4.150000000000000355e+00 -8.199999999999999311e-08
4.200000000000000178e+00 -1.128000000000000042e-06
4.250000000000000000e+00 -2.231999999999999975e-06
4.299999999999999822e+00 -3.096000000000000089e-06
4.349999999999999645e+00 -3.722000000000000109e-06
4.400000000000000355e+00 -4.123999999999999818e-06
4.450000000000000178e+00 -4.432000000000000087e-06
4.500000000000000000e+00 -4.412000000000000279e-06
4.549999999999999822e+00 -4.106000000000000159e-06
4.599999999999999645e+00 -3.712000000000000205e-06
4.650000000000000355e+00 -2.983999999999999721e-06
4.700000000000000178e+00 -2.052000000000000005e-06
4.750000000000000000e+00 -1.015999999999999886e-06
4.799999999999999822e+00 5.999999999999999464e-08
4.849999999999999645e+00 1.134000000000000069e-06
4.900000000000000355e+00 2.309999999999999906e-06
4.950000000000000178e+00 3.183999999999999500e-06
5.000000000000000000e+00 3.948000000000000147e-06
