-5.999999999999999778e-01 -1.219999999999999966e-06
-5.500000000000000444e-01 -1.713999999999999810e-06
-5.000000000000000000e-01 -1.873999999999999972e-06
-4.500000000000000111e-01 -1.921999999999999979e-06
-4.000000000000000222e-01 -1.796000000000000042e-06
-3.499999999999999778e-01 -1.565999999999999914e-06
-2.999999999999999889e-01 -1.379999999999999916e-06
-2.500000000000000000e-01 -1.119999999999999865e-06
-2.000000000000000111e-01 -9.799999999999999345e-07
-1.499999999999999944e-01 -7.339999999999998757e-07
-1.000000000000000056e-01 -5.920000000000000071e-07
-5.000000000000000278e-02 -4.799999999999999571e-07
0.000000000000000000e+00 -3.540000000000000200e-07
5.000000000000000278e-02 -2.859999999999999934e-07
1.000000000000000056e-01 -3.299999999999999639e-07
1.499999999999999944e-01 -2.820000000000000105e-07
2.000000000000000111e-01 -3.879999999999999274e-07
2.500000000000000000e-01 -2.620000000000000432e-07
2.999999999999999889e-01 -5.680000000000001098e-07
3.499999999999999778e-01 -6.880000000000000197e-07
4.000000000000000222e-01 -8.899999999999999491e-07
4.500000000000000111e-01 -1.015999999999999886e-06
5.000000000000000000e-01 -1.048000000000000173e-06
5.500000000000000444e-01 -9.020000000000000037e-07
5.999999999999999778e-01 -3.959999999999999990e-07
