-5.999999999999999778e-01 -2.663999999999999820e-06
-5.500000000000000444e-01 -2.972000000000000090e-06
-5.000000000000000000e-01 -2.966000000000000486e-06
-4.500000000000000111e-01 -2.776000000000000188e-06
-4.000000000000000222e-01 -2.387999999999999837e-06
-3.499999999999999778e-01 -1.878000000000000061e-06
-2.999999999999999889e-01 -1.432000000000000011e-06
-2.500000000000000000e-01 -9.320000000000000341e-07
-2.000000000000000111e-01 -5.239999999999999805e-07
-1.499999999999999944e-01 -2.279999999999999770e-07
-1.000000000000000056e-01 1.000000000000000021e-08
-5.000000000000000278e-02 9.000000000000001181e-08
0.000000000000000000e+00 1.919999999999999723e-07
5.000000000000000278e-02 3.359999999999999911e-07
1.000000000000000056e-01 3.479999999999999927e-07
1.499999999999999944e-01 2.420000000000000229e-07
2.000000000000000111e-01 -3.199999999999999538e-08
2.500000000000000000e-01 -4.479999999999999353e-07
2.999999999999999889e-01 -9.279999999999999453e-07
3.499999999999999778e-01 -1.470000000000000113e-06
4.000000000000000222e-01 -1.899999999999999808e-06
4.500000000000000111e-01 -2.165999999999999675e-06
5.000000000000000000e-01 -2.219999999999999921e-06
5.500000000000000444e-01 -1.999999999999999909e-06
5.999999999999999778e-01 -1.515999999999999970e-06
