-1.000000000000000000e+01 2.211519008855816303e-07
-9.949999999999999289e+00 1.835922723019125338e-07
-9.900000000000000355e+00 -7.877894673692705126e-08
-9.849999999999999645e+00 -2.082825788515717907e-07
-9.800000000000000711e+00 -4.243843079289414027e-07
-9.750000000000000000e+00 -5.899169779014047567e-07
-9.699999999999999289e+00 -7.288136852139248406e-07
-9.650000000000000355e+00 -8.342514670074495723e-07
-9.599999999999999645e+00 -8.381831663831977073e-07
-9.550000000000000711e+00 -8.099445685240642199e-07
-9.500000000000000000e+00 -7.289760781047478735e-07
-9.449999999999999289e+00 -6.502825131731403444e-07
-9.400000000000000355e+00 -5.226795170570781761e-07
-9.349999999999999645e+00 -4.067190776976969279e-07
-9.300000000000000711e+00 -2.645327031208204207e-07
-9.250000000000000000e+00 -6.472863290976679999e-08
-9.199999999999999289e+00 1.586743552701827042e-07
-9.150000000000000355e+00 4.344759921504317574e-07
-9.099999999999999645e+00 7.217467473753786049e-07
-9.050000000000000711e+00 1.058818170588013217e-06
-9.000000000000000000e+00 1.306026845990915833e-06
-8.949999999999999289e+00 1.533307083478354409e-06
-8.900000000000000355e+00 1.613869099210885315e-06
-8.849999999999999645e+00 1.626668687965734287e-06
-8.800000000000000711e+00 1.526487230639720114e-06
-8.750000000000000000e+00 1.341887948118665638e-06
-8.699999999999999289e+00 1.089876420629833529e-06
-8.650000000000000355e+00 8.148218786198313639e-07
-8.599999999999999645e+00 4.819687516333609878e-07
-8.550000000000000711e+00 1.911565231074540298e-07
-8.500000000000000000e+00 -1.417168778564774985e-07
-8.449999999999999289e+00 -3.605919170090268240e-07
-8.400000000000000355e+00 -5.929001705556323878e-07
-8.349999999999999645e+00 -7.828493221715718450e-07
-8.300000000000000711e+00 -9.417352632892373294e-07
-8.250000000000000000e+00 -1.041648027044115544e-06
-8.199999999999999289e+00 -1.107665314514989851e-06
-8.150000000000000355e+00 -1.116650421244404662e-06
-8.099999999999999645e+00 -1.119053900691589343e-06
-8.050000000000000711e+00 -1.103124504971849208e-06
-8.000000000000000000e+00 -1.010534310073999605e-06
-7.950000000000000178e+00 -8.976931888036633356e-07
-7.900000000000000355e+00 -7.503482184823201875e-07
-7.849999999999999645e+00 -5.542930780070509313e-07
-7.799999999999999822e+00 -3.028605121106387599e-07
-7.750000000000000000e+00 2.527400858993447054e-08
-7.700000000000000178e+00 3.406746008634477077e-07
-7.650000000000000355e+00 7.233143669728867356e-07
-7.599999999999999645e+00 1.103065302339118106e-06
-7.549999999999999822e+00 1.442153293671993603e-06
-7.500000000000000000e+00 1.764190280819723632e-06
-7.450000000000000178e+00 1.979255683640819507e-06
-7.400000000000000355e+00 2.049866595958012588e-06
-7.349999999999999645e+00 1.974908936159449451e-06
-7.299999999999999822e+00 1.738351318382578486e-06
-7.250000000000000000e+00 1.362027300514545173e-06
-7.200000000000000178e+00 9.940824915468534192e-07
-7.150000000000000355e+00 5.752106978653783715e-07
-7.099999999999999645e+00 2.387253566724057327e-07
-7.049999999999999822e+00 -6.326168521567002998e-08
-7.000000000000000000e+00 -2.015551780429328090e-07
-6.950000000000000178e+00 -2.703776648184037229e-07
-6.900000000000000355e+00 -3.219107494512180699e-07
-6.849999999999999645e+00 -4.124120190651428589e-07
-6.799999999999999822e+00 -5.533884490213036126e-07
-6.750000000000000000e+00 -7.656823021038830825e-07
-6.700000000000000178e+00 -1.075084239698908259e-06
-6.650000000000000355e+00 -1.444695434324890359e-06
-6.599999999999999645e+00 -1.798846001962232753e-06
-6.549999999999999822e+00 -2.090039546545100417e-06
-6.500000000000000000e+00 -2.206026994857681861e-06
-6.450000000000000178e+00 -2.098952605662245151e-06
-6.400000000000000355e+00 -1.793241848310096872e-06
-6.349999999999999645e+00 -1.286171347330470538e-06
-6.299999999999999822e+00 -6.245210409683926487e-07
-6.250000000000000000e+00 9.004534005325384730e-08
-6.200000000000000178e+00 7.368008619729496159e-07
-6.150000000000000355e+00 1.320445193941832056e-06
-6.099999999999999645e+00 1.762499384860219505e-06
-6.049999999999999822e+00 2.024737826313846948e-06
-6.000000000000000000e+00 2.153493602005251272e-06
-5.950000000000000178e+00 2.197442855238974301e-06
-5.900000000000000355e+00 2.153431528268027500e-06
-5.849999999999999645e+00 2.089414037573253105e-06
-5.799999999999999822e+00 1.994761506894434036e-06
-5.750000000000000000e+00 1.851926740738203421e-06
-5.700000000000000178e+00 1.664128134783975017e-06
-5.650000000000000355e+00 1.446620974857602336e-06
-5.599999999999999645e+00 1.150894949017272124e-06
-5.549999999999999822e+00 7.979489012334008340e-07
-5.500000000000000000e+00 3.994332719935962007e-07
-5.450000000000000178e+00 -8.630747123996121236e-08
-5.400000000000000355e+00 -4.247496261304525053e-07
-5.349999999999999645e+00 -8.304719582679402976e-07
-5.299999999999999822e+00 -1.146270794661487285e-06
-5.250000000000000000e+00 -1.420646590357319390e-06
-5.200000000000000178e+00 -1.622908072641484533e-06
-5.150000000000000355e+00 -1.788699790008236762e-06
-5.099999999999999645e+00 -1.891447992994806985e-06
-5.049999999999999822e+00 -1.925757205965105455e-06
-5.000000000000000000e+00 -1.915790986000512516e-06
-4.950000000000000178e+00 -1.837170073115447976e-06
-4.900000000000000355e+00 -1.654389954771540472e-06
-4.849999999999999645e+00 -1.340475852152541513e-06
-4.799999999999999822e+00 -9.319115750292350053e-07
-4.750000000000000000e+00 -4.586515283848903732e-07
-4.700000000000000178e+00 4.093299651969829435e-08
-4.650000000000000355e+00 5.557161219213145208e-07
-4.599999999999999645e+00 9.688410918331704315e-07
-4.549999999999999822e+00 1.314227483182048250e-06
-4.500000000000000000e+00 1.546617771335970671e-06
-4.450000000000000178e+00 1.713858280045824565e-06
-4.400000000000000355e+00 1.784986137258236907e-06
-4.349999999999999645e+00 1.869829196608555377e-06
-4.299999999999999822e+00 1.972054765973805675e-06
-4.250000000000000000e+00 2.044163917705471431e-06
-4.200000000000000178e+00 2.069992112772117390e-06
-4.150000000000000355e+00 2.034724069945683633e-06
-4.099999999999999645e+00 1.949679722520641159e-06
-4.049999999999999822e+00 1.656098809040729507e-06
-4.000000000000000000e+00 1.284840973245565484e-06
-3.950000000000000178e+00 7.675524312344254653e-07
-3.899999999999999911e+00 2.550470144734823833e-07
-3.850000000000000089e+00 -3.489488588926018883e-07
-3.799999999999999822e+00 -8.569202091781704590e-07
-3.750000000000000000e+00 -1.251958465764739288e-06
-3.700000000000000178e+00 -1.518328834271282759e-06
-3.649999999999999911e+00 -1.608695757692027307e-06
-3.600000000000000089e+00 -1.633082724075382006e-06
-3.549999999999999822e+00 -1.594567947368662866e-06
-3.500000000000000000e+00 -1.580312549814763986e-06
-3.450000000000000178e+00 -1.554522697269657136e-06
-3.399999999999999911e+00 -1.491434729051327983e-06
-3.350000000000000089e+00 -1.440011337823846606e-06
-3.299999999999999822e+00 -1.305777585211515520e-06
-3.250000000000000000e+00 -1.101338703022603121e-06
-3.200000000000000178e+00 -8.030719082348218223e-07
-3.149999999999999911e+00 -3.733193631982883243e-07
-3.100000000000000089e+00 1.057239377833050709e-07
-3.049999999999999822e+00 5.371447568355464906e-07
-3.000000000000000000e+00 9.314296669581639107e-07
-2.950000000000000178e+00 1.224386560273997618e-06
-2.899999999999999911e+00 1.384474408486882119e-06
-2.850000000000000089e+00 1.442798442936079233e-06
-2.799999999999999822e+00 1.443824993634927401e-06
-2.750000000000000000e+00 1.389806182346947232e-06
-2.700000000000000178e+00 1.339401328343132189e-06
-2.649999999999999911e+00 1.330886615633905142e-06
-2.600000000000000089e+00 1.348294463084260086e-06
-2.549999999999999822e+00 1.373287430710315244e-06
-2.500000000000000000e+00 1.397970102742996513e-06
-2.450000000000000178e+00 1.351173337420148277e-06
-2.399999999999999911e+00 1.230845072231568595e-06
-2.350000000000000089e+00 1.028147730193497559e-06
-2.299999999999999822e+00 7.459550788028972666e-07
-2.250000000000000000e+00 3.686323316237567809e-07
-2.200000000000000178e+00 -1.432637071833559788e-07
-2.149999999999999911e+00 -4.137336222789750619e-07
-2.100000000000000089e+00 -7.198596802041863371e-07
-2.049999999999999822e+00 -9.465695312817862402e-07
-2.000000000000000000e+00 -1.025011697295126720e-06
-1.949999999999999956e+00 -1.083821658648276778e-06
-1.899999999999999911e+00 -1.096050423389473819e-06
-1.850000000000000089e+00 -1.100059367600175516e-06
-1.800000000000000044e+00 -1.117253374146087070e-06
-1.750000000000000000e+00 -1.128615731499324099e-06
-1.699999999999999956e+00 -1.177213070028063165e-06
-1.649999999999999911e+00 -1.172962410449086119e-06
-1.600000000000000089e+00 -1.149126553837606751e-06
-1.550000000000000044e+00 -1.059685166953479759e-06
-1.500000000000000000e+00 -8.495785269587431610e-07
-1.449999999999999956e+00 -5.765838877317303858e-07
-1.399999999999999911e+00 -2.065064114239160002e-07
-1.350000000000000089e+00 1.804303246153936749e-07
-1.300000000000000044e+00 5.773196334645769544e-07
-1.250000000000000000e+00 9.315173051510734982e-07
-1.199999999999999956e+00 1.264085537017950159e-06
-1.149999999999999911e+00 1.436851007003346421e-06
-1.100000000000000089e+00 1.564488571321605658e-06
-1.050000000000000044e+00 1.595730272333271403e-06
-1.000000000000000000e+00 1.583161394173064155e-06
-9.499999999999999556e-01 1.575269332332650917e-06
-9.000000000000000222e-01 1.552013175832983809e-06
-8.499999999999999778e-01 1.564846605248956754e-06
-8.000000000000000444e-01 1.534052256779609211e-06
-7.500000000000000000e-01 1.481811494800350763e-06
-6.999999999999999556e-01 1.392699624792783170e-06
-6.500000000000000222e-01 1.155491767382959567e-06
-5.999999999999999778e-01 8.461883323927075228e-07
-5.500000000000000444e-01 4.847743005244599840e-07
-5.000000000000000000e-01 1.304075245105879460e-07
-4.500000000000000111e-01 -3.560554875354144104e-07
-4.000000000000000222e-01 -7.040828453109935324e-07
-3.499999999999999778e-01 -9.718538984847468068e-07
-2.999999999999999889e-01 -1.223127473457501354e-06
-2.500000000000000000e-01 -1.407168962774519846e-06
-2.000000000000000111e-01 -1.581460188095360473e-06
-1.499999999999999944e-01 -1.747451789063732796e-06
-1.000000000000000056e-01 -1.861828155773956735e-06
-5.000000000000000278e-02 -1.940538532448754991e-06
0.000000000000000000e+00 -1.963647688588245233e-06
5.000000000000000278e-02 -1.894223226721988418e-06
1.000000000000000056e-01 -1.682826218488603366e-06
1.499999999999999944e-01 -1.333829839528388230e-06
2.000000000000000111e-01 -8.112889718949514873e-07
2.500000000000000000e-01 -2.596111692198035001e-07
2.999999999999999889e-01 3.485831379766277302e-07
3.499999999999999778e-01 9.142957588733954108e-07
4.000000000000000222e-01 1.423460141876197295e-06
4.500000000000000111e-01 1.798619084810593385e-06
5.000000000000000000e-01 2.017525257156723741e-06
5.500000000000000444e-01 2.153885904544601465e-06
5.999999999999999778e-01 2.206689736196897484e-06
6.500000000000000222e-01 2.140753729557008948e-06
6.999999999999999556e-01 2.094309588638036943e-06
7.500000000000000000e-01 2.029265474832442492e-06
8.000000000000000444e-01 1.940774619178893419e-06
8.499999999999999778e-01 1.798054504179447864e-06
9.000000000000000222e-01 1.534352884935601946e-06
9.499999999999999556e-01 1.221241422588055766e-06
1.000000000000000000e+00 7.811360120924877439e-07
1.050000000000000044e+00 3.102665082190615371e-07
1.100000000000000089e+00 -2.868619806080396878e-07
1.149999999999999911e+00 -7.157542047607217626e-07
1.199999999999999956e+00 -1.187455691976826300e-06
1.250000000000000000e+00 -1.468655500650794635e-06
1.300000000000000044e+00 -1.642872670734070454e-06
1.350000000000000089e+00 -1.727157627255762535e-06
1.399999999999999911e+00 -1.704315051837062097e-06
1.449999999999999956e+00 -1.700117642988273020e-06
1.500000000000000000e+00 -1.603086945584063018e-06
1.550000000000000044e+00 -1.527223704929293799e-06
1.600000000000000089e+00 -1.428857114291427255e-06
1.649999999999999911e+00 -1.318203013072519741e-06
1.699999999999999956e+00 -1.122091705663297209e-06
1.750000000000000000e+00 -8.317046669709294106e-07
1.800000000000000044e+00 -4.707961125496224065e-07
1.850000000000000089e+00 -4.859243243341414760e-08
1.899999999999999911e+00 4.665045879862757585e-07
1.949999999999999956e+00 9.434294799684124914e-07
2.000000000000000000e+00 1.353834312956639029e-06
2.049999999999999822e+00 1.624073990472913243e-06
2.100000000000000089e+00 1.764915445740176404e-06
2.149999999999999911e+00 1.783629068237346412e-06
2.200000000000000178e+00 1.732931926310000869e-06
2.250000000000000000e+00 1.610340311352648902e-06
2.299999999999999822e+00 1.492209018570133407e-06
2.350000000000000089e+00 1.398016816926092473e-06
2.399999999999999911e+00 1.346048639082373371e-06
2.450000000000000178e+00 1.288591225695245566e-06
2.500000000000000000e+00 1.259291994150130584e-06
2.549999999999999822e+00 1.077659027518368911e-06
2.600000000000000089e+00 8.364282664388854523e-07
2.649999999999999911e+00 5.183372159007638241e-07
2.700000000000000178e+00 1.728099109024781769e-07
2.750000000000000000e+00 -3.135380717695692739e-07
2.799999999999999822e+00 -7.148640515824656616e-07
2.850000000000000089e+00 -1.046592137387252055e-06
2.899999999999999911e+00 -1.269857777670477558e-06
2.950000000000000178e+00 -1.410162821688853765e-06
3.000000000000000000e+00 -1.448616510991907507e-06
3.049999999999999822e+00 -1.408693851533021730e-06
3.100000000000000089e+00 -1.325936711636458817e-06
3.149999999999999911e+00 -1.250208962125768950e-06
3.200000000000000178e+00 -1.164510057264164362e-06
3.250000000000000000e+00 -1.055215424373968771e-06
3.299999999999999822e+00 -9.482454259078194313e-07
3.350000000000000089e+00 -7.850984599632932263e-07
3.399999999999999911e+00 -4.960106154229411927e-07
3.450000000000000178e+00 -1.087404699084860745e-07
3.500000000000000000e+00 3.073056047225262031e-07
3.549999999999999822e+00 7.443076498001485296e-07
3.600000000000000089e+00 1.182547405961781792e-06
3.649999999999999911e+00 1.525252070167754261e-06
3.700000000000000178e+00 1.695451297454697396e-06
3.750000000000000000e+00 1.791364774439321501e-06
3.799999999999999822e+00 1.735196277787899110e-06
3.850000000000000089e+00 1.639335355613141897e-06
3.899999999999999911e+00 1.463449238432747366e-06
3.950000000000000178e+00 1.300376711509681941e-06
4.000000000000000000e+00 1.139969566367847163e-06
4.049999999999999822e+00 9.880603550928062091e-07
4.099999999999999645e+00 7.910274899116455802e-07
4.150000000000000355e+00 5.984367390228016306e-07
4.200000000000000178e+00 3.221262270018524197e-07
4.250000000000000000e+00 7.619791630339762442e-08
4.299999999999999822e+00 -3.309140094233743051e-07
4.349999999999999645e+00 -6.009006845170515497e-07
4.400000000000000355e+00 -8.813394259157305036e-07
4.450000000000000178e+00 -1.044124474556241387e-06
4.500000000000000000e+00 -1.191497942481973494e-06
4.549999999999999822e+00 -1.175965083474428784e-06
4.599999999999999645e+00 -1.131461038495207226e-06
4.650000000000000355e+00 -1.054309910678592571e-06
4.700000000000000178e+00 -9.390062050174239840e-07
4.750000000000000000e+00 -8.543155752067361571e-07
4.799999999999999822e+00 -7.635644126364834857e-07
4.849999999999999645e+00 -6.514677306525877138e-07
4.900000000000000355e+00 -5.486625668340223970e-07
4.950000000000000178e+00 -3.982743388414471275e-07
5.000000000000000000e+00 -1.786114240924317953e-07
5.049999999999999822e+00 1.043248458871986901e-07
5.099999999999999645e+00 4.059657168595718928e-07
5.150000000000000355e+00 7.305044385175749711e-07
5.200000000000000178e+00 1.057954321763834696e-06
5.250000000000000000e+00 1.287238778731198854e-06
5.299999999999999822e+00 1.410923131014816578e-06
5.349999999999999645e+00 1.470261673225246302e-06
5.400000000000000355e+00 1.415467039098936639e-06
5.450000000000000178e+00 1.304062725422643954e-06
5.500000000000000000e+00 1.131292379970621051e-06
5.549999999999999822e+00 9.832412040319110483e-07
5.599999999999999645e+00 8.758925476918048603e-07
5.650000000000000355e+00 7.245575708454006591e-07
5.700000000000000178e+00 6.106487015745580966e-07
5.750000000000000000e+00 5.213894310163088645e-07
5.799999999999999822e+00 3.412611663718410790e-07
5.849999999999999645e+00 2.031989072765091398e-07
5.900000000000000355e+00 -1.345362404707371094e-07
5.950000000000000178e+00 -3.445345869904109965e-07
6.000000000000000000e+00 -6.564173013178338148e-07
6.049999999999999822e+00 -8.118824183491656929e-07
6.099999999999999645e+00 -1.007589566586453583e-06
6.150000000000000355e+00 -1.058606130142608920e-06
6.200000000000000178e+00 -1.042861056744123290e-06
6.250000000000000000e+00 -9.731256185034668734e-07
6.299999999999999822e+00 -8.358900913983602984e-07
6.349999999999999645e+00 -7.514951084066906555e-07
6.400000000000000355e+00 -6.644715561855090033e-07
6.450000000000000178e+00 -5.526780810060136396e-07
6.500000000000000000e+00 -4.786758947815295372e-07
6.549999999999999822e+00 -3.659402203884661548e-07
6.599999999999999645e+00 -1.990846399839802015e-07
6.650000000000000355e+00 1.010152544552210590e-08
6.700000000000000178e+00 2.548028449525600956e-07
6.750000000000000000e+00 5.628589557621276550e-07
6.799999999999999822e+00 8.639208202569662177e-07
6.849999999999999645e+00 1.141291785116983443e-06
6.900000000000000355e+00 1.294462302680624535e-06
6.950000000000000178e+00 1.399350432398211655e-06
7.000000000000000000e+00 1.398287582461242765e-06
7.049999999999999822e+00 1.326598381314451543e-06
7.099999999999999645e+00 1.236044547113484653e-06
7.150000000000000355e+00 1.111176063861150380e-06
7.200000000000000178e+00 9.998897898452284140e-07
7.250000000000000000e+00 9.047583959831712170e-07
7.299999999999999822e+00 8.511564761774274435e-07
7.349999999999999645e+00 6.948557330812765661e-07
7.400000000000000355e+00 5.752106978653782656e-07
7.450000000000000178e+00 3.454426323500009689e-07
7.500000000000000000e+00 1.089654504315707523e-07
7.549999999999999822e+00 -3.240212892980449832e-07
7.599999999999999645e+00 -6.325862044989985669e-07
7.650000000000000355e+00 -9.674846410213678144e-07
7.700000000000000178e+00 -1.178821618466197732e-06
7.750000000000000000e+00 -1.305867449597533719e-06
7.799999999999999822e+00 -1.293142036487334872e-06
7.849999999999999645e+00 -1.213564491697991526e-06
7.900000000000000355e+00 -1.067387617752150873e-06
7.950000000000000178e+00 -8.615245149129061875e-07
8.000000000000000000e+00 -6.655671204594881417e-07
8.050000000000000711e+00 -5.492425210585717456e-07
8.099999999999999645e+00 -4.239199963027294022e-07
8.150000000000000355e+00 -3.416705657650422752e-07
8.199999999999999289e+00 -2.428949550395673982e-07
8.250000000000000000e+00 -6.505884306706114693e-08
8.300000000000000711e+00 1.548205017273295334e-07
8.349999999999999645e+00 4.462290982928671503e-07
8.400000000000000355e+00 7.851530463052722072e-07
8.449999999999999289e+00 1.082266141020775065e-06
8.500000000000000000e+00 1.312801180215614138e-06
8.550000000000000711e+00 1.445299912383133599e-06
8.599999999999999645e+00 1.500520317919686117e-06
8.650000000000000355e+00 1.444756882309128056e-06
8.699999999999999289e+00 1.343031143742103876e-06
8.750000000000000000e+00 1.182102070940766641e-06
8.800000000000000711e+00 1.022292342069068446e-06
8.849999999999999645e+00 9.028808767224059691e-07
8.900000000000000355e+00 7.885364899092288441e-07
8.949999999999999289e+00 7.057619995437555401e-07
9.000000000000000000e+00 5.986549549632416868e-07
9.050000000000000711e+00 4.828254427464084234e-07
9.099999999999999645e+00 2.892495568232542477e-07
9.150000000000000355e+00 -7.564687025642132519e-08
9.199999999999999289e+00 -3.671011649479234507e-07
9.250000000000000000e+00 -7.296686415974117441e-07
9.300000000000000711e+00 -1.108579712782006816e-06
9.349999999999999645e+00 -1.400002915448859305e-06
9.400000000000000355e+00 -1.592934655385000677e-06
9.449999999999999289e+00 -1.619030952295166972e-06
9.500000000000000000e+00 -1.558190997173796148e-06
9.550000000000000711e+00 -1.363623623935542375e-06
9.599999999999999645e+00 -1.079865826888522680e-06
9.650000000000000355e+00 -8.018409939581766279e-07
9.699999999999999289e+00 -5.063676167225804958e-07
9.750000000000000000e+00 -2.248355408029684021e-07
9.800000000000000711e+00 7.735420783246219600e-08
9.849999999999999645e+00 2.939838951579574935e-07
9.900000000000000355e+00 5.513508457434711176e-07
9.949999999999999289e+00 8.015609770940699796e-07
1.000000000000000000e+01 1.035942831926746738e-06
