-8.000000000000000000e+00 3.970709081794446772e-07
-7.950000000000000178e+00 4.122041301320975921e-07
-7.900000000000000355e+00 3.771536794984024617e-07
-7.849999999999999645e+00 3.822436449198765603e-07
-7.799999999999999822e+00 3.045404701500010218e-07
-7.750000000000000000e+00 2.869437831594849339e-07
-7.700000000000000178e+00 2.872991756454072463e-07
-7.650000000000000355e+00 2.268956426489085998e-07
-7.599999999999999645e+00 2.157190160313898029e-07
-7.549999999999999822e+00 2.111436303871400704e-07
-7.500000000000000000e+00 1.899570305868875972e-07
-7.450000000000000178e+00 1.776088341248364494e-07
-7.400000000000000355e+00 1.708800749063505944e-07
-7.349999999999999645e+00 1.981547529645680234e-07
-7.299999999999999822e+00 2.196704396153845888e-07
-7.250000000000000000e+00 2.320450343342508760e-07
-7.200000000000000178e+00 2.538921512961673197e-07
-7.150000000000000355e+00 2.955520604025005053e-07
-7.099999999999999645e+00 3.314316502320051834e-07
-7.049999999999999822e+00 3.634893255598001252e-07
-7.000000000000000000e+00 4.023198037504441842e-07
-6.950000000000000178e+00 4.187103621203311001e-07
-6.900000000000000355e+00 4.399118650134273404e-07
-6.849999999999999645e+00 4.551563983278446488e-07
-6.799999999999999822e+00 4.704426920790801015e-07
-6.750000000000000000e+00 4.709803063606712853e-07
-6.700000000000000178e+00 4.421192008441863880e-07
-6.650000000000000355e+00 4.347201774165321819e-07
-6.599999999999999645e+00 4.444143130375674684e-07
-6.549999999999999822e+00 4.156946485298150963e-07
-6.500000000000000000e+00 3.986840598667530661e-07
-6.450000000000000178e+00 3.990447778055460370e-07
-6.400000000000000355e+00 3.796158100834396291e-07
-6.349999999999999645e+00 3.774484692494797771e-07
-6.299999999999999822e+00 3.708044206415924160e-07
-6.250000000000000000e+00 3.866786885299800689e-07
-6.200000000000000178e+00 3.807886552931953743e-07
-6.150000000000000355e+00 4.090456788024276815e-07
-6.099999999999999645e+00 4.388110094799539651e-07
-6.049999999999999822e+00 4.592296122145151029e-07
-6.000000000000000000e+00 4.886299046041587677e-07
-5.950000000000000178e+00 5.209488987434763822e-07
-5.900000000000000355e+00 5.333949794304709808e-07
-5.849999999999999645e+00 5.281079048676259617e-07
-5.799999999999999822e+00 4.873439048891994075e-07
-5.750000000000000000e+00 4.365215005107574615e-07
-5.700000000000000178e+00 3.140421133854372739e-07
-5.650000000000000355e+00 1.829073591762133891e-07
-5.599999999999999645e+00 -5.115003939990901749e-08
-5.549999999999999822e+00 -2.415680070721624245e-07
-5.500000000000000000e+00 -4.645493756846301259e-07
-5.450000000000000178e+00 -5.905877390794871603e-07
-5.400000000000000355e+00 -6.881178114603483751e-07
-5.349999999999999645e+00 -6.124224232421571662e-07
-5.299999999999999822e+00 -4.211476060984426261e-07
-5.250000000000000000e+00 8.909980645435812922e-08
-5.200000000000000178e+00 5.195366852753890964e-07
-5.150000000000000355e+00 1.132503097261160660e-06
-5.099999999999999645e+00 1.743265174718910726e-06
-5.049999999999999822e+00 2.312041681002718505e-06
-5.000000000000000000e+00 2.725545442509383466e-06
-4.950000000000000178e+00 2.918530871685202596e-06
-4.900000000000000355e+00 2.899316245923778243e-06
-4.849999999999999645e+00 2.586781153227670684e-06
-4.799999999999999822e+00 2.071332510087874962e-06
-4.750000000000000000e+00 1.335833455340957976e-06
-4.700000000000000178e+00 4.775468777074804427e-07
-4.650000000000000355e+00 -4.691155377464085745e-07
-4.599999999999999645e+00 -1.405280130400326448e-06
-4.549999999999999822e+00 -2.223705768967372770e-06
-4.500000000000000000e+00 -2.887736914920733891e-06
-4.450000000000000178e+00 -3.274518191697078653e-06
-4.400000000000000355e+00 -3.369661764652836568e-06
-4.349999999999999645e+00 -3.145257524903037766e-06
-4.299999999999999822e+00 -2.637215987223137279e-06
-4.250000000000000000e+00 -1.865478545596714345e-06
-4.200000000000000178e+00 -8.978250363619670157e-07
-4.150000000000000355e+00 1.767045268121854766e-07
-4.099999999999999645e+00 1.106999069003904038e-06
-4.049999999999999822e+00 2.022334476463742295e-06
-4.000000000000000000e+00 2.732910909783984679e-06
-3.950000000000000178e+00 3.296755671745128698e-06
-3.899999999999999911e+00 3.676464861460125858e-06
-3.850000000000000089e+00 3.837889779446991578e-06
-3.799999999999999822e+00 3.805821534310352900e-06
-3.750000000000000000e+00 3.637255076262307024e-06
-3.700000000000000178e+00 3.237339862874316598e-06
-3.649999999999999911e+00 2.661459627148000407e-06
-3.600000000000000089e+00 1.896078122045070185e-06
-3.549999999999999822e+00 9.743904426326635137e-07
-3.500000000000000000e+00 -1.519734133568991816e-07
-3.450000000000000178e+00 -1.308683713211289998e-06
-3.399999999999999911e+00 -2.407407785336326920e-06
-3.350000000000000089e+00 -3.381718558390580802e-06
-3.299999999999999822e+00 -4.091086627769982147e-06
-3.250000000000000000e+00 -4.355215733075992022e-06
-3.200000000000000178e+00 -4.235500355956321432e-06
-3.149999999999999911e+00 -3.646758974816975569e-06
-3.100000000000000089e+00 -2.646356756303400028e-06
-3.049999999999999822e+00 -1.344752461858118122e-06
-3.000000000000000000e+00 2.345860444376390352e-07
-2.950000000000000178e+00 1.638402033839617514e-06
-2.899999999999999911e+00 3.076945875111772138e-06
-2.850000000000000089e+00 4.246835556611293046e-06
-2.799999999999999822e+00 5.130974566298297839e-06
-2.750000000000000000e+00 5.619225198969577072e-06
-2.700000000000000178e+00 5.640416832186813429e-06
-2.649999999999999911e+00 5.171429360694494106e-06
-2.600000000000000089e+00 4.232881249630018673e-06
-2.549999999999999822e+00 2.895816123376648888e-06
-2.500000000000000000e+00 1.264214687270403540e-06
-2.450000000000000178e+00 -4.191950498227744878e-07
-2.399999999999999911e+00 -1.953110026473215429e-06
-2.350000000000000089e+00 -3.380002717062064904e-06
-2.299999999999999822e+00 -4.431503177045375377e-06
-2.250000000000000000e+00 -5.018678987095130293e-06
-2.200000000000000178e+00 -5.083194600538009694e-06
-2.149999999999999911e+00 -4.689861622779111595e-06
-2.100000000000000089e+00 -3.808857828691387663e-06
-2.049999999999999822e+00 -2.635303491022602708e-06
-2.000000000000000000e+00 -1.225581078342774050e-06
-1.949999999999999956e+00 3.709282344363136589e-07
-1.899999999999999911e+00 1.873314208147949341e-06
-1.850000000000000089e+00 3.247537214441686952e-06
-1.800000000000000044e+00 4.414813884259795624e-06
-1.750000000000000000e+00 5.276799431937691072e-06
-1.699999999999999956e+00 5.671393486757258371e-06
-1.649999999999999911e+00 5.644043455769298471e-06
-1.600000000000000089e+00 5.189082927902874029e-06
-1.550000000000000044e+00 4.229017592292372003e-06
-1.500000000000000000e+00 2.891530560030766432e-06
-1.449999999999999956e+00 1.330003068893191250e-06
-1.399999999999999911e+00 -3.408662434421563182e-07
-1.350000000000000089e+00 -1.973322589141554358e-06
-1.300000000000000044e+00 -3.348590931196253973e-06
-1.250000000000000000e+00 -4.385753606152260160e-06
-1.199999999999999956e+00 -4.944306352373652064e-06
-1.149999999999999911e+00 -5.054319833527736560e-06
-1.100000000000000089e+00 -4.685923558044532344e-06
-1.050000000000000044e+00 -3.906654709647137554e-06
-1.000000000000000000e+00 -2.777949985591709756e-06
-9.499999999999999556e-01 -1.476084174359957788e-06
-9.000000000000000222e-01 -1.540540588924047530e-07
-8.499999999999999778e-01 1.391849452332824428e-06
-8.000000000000000444e-01 2.751240165630691337e-06
-7.500000000000000000e-01 3.913733016245356456e-06
-6.999999999999999556e-01 4.749459260305968665e-06
-6.500000000000000222e-01 5.304593504209153763e-06
-5.999999999999999778e-01 5.462654284936462677e-06
-5.500000000000000444e-01 5.203763943884605861e-06
-5.000000000000000000e-01 4.549066959727195881e-06
-4.500000000000000111e-01 3.631500505076014761e-06
-4.000000000000000222e-01 2.437263855646494306e-06
-3.499999999999999778e-01 1.045793322540064531e-06
-2.999999999999999889e-01 -3.646244923317182005e-07
-2.500000000000000000e-01 -1.781846096104846543e-06
-2.000000000000000111e-01 -3.034351626940814508e-06
-1.499999999999999944e-01 -4.107214657757488384e-06
-1.000000000000000056e-01 -4.808597105440315664e-06
-5.000000000000000278e-02 -5.155771483671160786e-06
0.000000000000000000e+00 -5.004795455462731617e-06
5.000000000000000278e-02 -4.365184382575098562e-06
1.000000000000000056e-01 -3.249412505769782814e-06
1.499999999999999944e-01 -1.806321100570811332e-06
2.000000000000000111e-01 -1.901288499724246901e-07
2.500000000000000000e-01 1.762973485394514442e-06
2.999999999999999889e-01 3.476673580259364856e-06
3.499999999999999778e-01 4.875821647137421183e-06
4.000000000000000222e-01 5.810620115138226586e-06
4.500000000000000111e-01 6.181004475530705972e-06
5.000000000000000000e-01 5.954697168399661301e-06
5.500000000000000444e-01 5.150837062942255400e-06
5.999999999999999778e-01 3.892951768181536303e-06
6.500000000000000222e-01 2.345825645520927182e-06
6.999999999999999556e-01 6.935695895223521168e-07
7.500000000000000000e-01 -8.958065571065564571e-07
8.000000000000000444e-01 -2.217365600004120269e-06
8.499999999999999778e-01 -3.208603230983468080e-06
9.000000000000000222e-01 -3.814354199492185267e-06
9.499999999999999556e-01 -4.028672744420009211e-06
1.000000000000000000e+00 -3.920058568908566090e-06
1.050000000000000044e+00 -3.428895520396607250e-06
1.100000000000000089e+00 -2.701315250323932848e-06
1.149999999999999911e+00 -1.757554539462054421e-06
1.199999999999999956e+00 -6.897796157957604610e-07
1.250000000000000000e+00 4.733639924917769268e-07
1.300000000000000044e+00 1.507941562230460079e-06
1.350000000000000089e+00 2.405851709681956568e-06
1.399999999999999911e+00 3.097067078672323263e-06
1.449999999999999956e+00 3.589497719396269950e-06
1.500000000000000000e+00 3.770436287211118684e-06
1.550000000000000044e+00 3.726943541732998305e-06
1.600000000000000089e+00 3.424195123660152029e-06
1.649999999999999911e+00 2.968595490071604981e-06
1.699999999999999956e+00 2.283536909341850410e-06
1.750000000000000000e+00 1.440867794074112527e-06
1.800000000000000044e+00 5.186422619863979119e-07
1.850000000000000089e+00 -4.787846007105397424e-07
1.899999999999999911e+00 -1.461473257241695961e-06
1.949999999999999956e+00 -2.274289752329509017e-06
2.000000000000000000e+00 -2.928577003479014831e-06
2.049999999999999822e+00 -3.332887759335217582e-06
2.100000000000000089e+00 -3.434392974317414823e-06
2.149999999999999911e+00 -3.196360813328118594e-06
2.200000000000000178e+00 -2.643214261586272069e-06
2.250000000000000000e+00 -1.817873280871393031e-06
2.299999999999999822e+00 -7.351079332107549683e-07
2.350000000000000089e+00 4.442949011452567344e-07
2.399999999999999911e+00 1.704568291745593358e-06
2.450000000000000178e+00 2.732613311503126562e-06
2.500000000000000000e+00 3.603617513509649562e-06
2.549999999999999822e+00 4.144144135071184187e-06
2.600000000000000089e+00 4.323215451112135091e-06
2.649999999999999911e+00 4.108224950620153465e-06
2.700000000000000178e+00 3.554264182295826139e-06
2.750000000000000000e+00 2.803253576158407086e-06
2.799999999999999822e+00 1.930685085134078536e-06
2.850000000000000089e+00 9.826297494426862531e-07
2.899999999999999911e+00 -4.240234879901666436e-08
2.950000000000000178e+00 -9.178946629351857236e-07
3.000000000000000000e+00 -1.772893979126921610e-06
3.049999999999999822e+00 -2.413165420550107200e-06
3.100000000000000089e+00 -2.918807766111054402e-06
3.149999999999999911e+00 -3.126290101049224069e-06
3.200000000000000178e+00 -3.086826519126669528e-06
3.250000000000000000e+00 -2.724251254557696976e-06
3.299999999999999822e+00 -2.159393811386209883e-06
3.350000000000000089e+00 -1.327949163029909326e-06
3.399999999999999911e+00 -3.752006266040631535e-07
3.450000000000000178e+00 7.113798032625019506e-07
3.500000000000000000e+00 1.768183663929670747e-06
3.549999999999999822e+00 2.680160290667979849e-06
3.600000000000000089e+00 3.400948847193160963e-06
3.649999999999999911e+00 3.891763411228847227e-06
3.700000000000000178e+00 4.060874792656461107e-06
3.750000000000000000e+00 3.890579412281067481e-06
3.799999999999999822e+00 3.399352279238994811e-06
3.850000000000000089e+00 2.688984710910459007e-06
3.899999999999999911e+00 1.848889352215187357e-06
3.950000000000000178e+00 8.678780126826346004e-07
4.000000000000000000e+00 -1.746424919657298355e-07
4.049999999999999822e+00 -1.176548046669769164e-06
4.099999999999999645e+00 -2.138664946900762427e-06
4.150000000000000355e+00 -2.952957009853143598e-06
4.200000000000000178e+00 -3.530104351813679429e-06
4.250000000000000000e+00 -3.774718262226158654e-06
4.299999999999999822e+00 -3.618192411485410904e-06
4.349999999999999645e+00 -3.139627561429826343e-06
4.400000000000000355e+00 -2.268594818159380493e-06
4.450000000000000178e+00 -1.174360442530142255e-06
4.500000000000000000e+00 1.310865113937653024e-07
4.549999999999999822e+00 1.218082300091384893e-06
4.599999999999999645e+00 2.342844076618617009e-06
4.650000000000000355e+00 3.273954109361352078e-06
4.700000000000000178e+00 4.024099848641523715e-06
4.750000000000000000e+00 4.464009591460692445e-06
4.799999999999999822e+00 4.643474464454479130e-06
4.849999999999999645e+00 4.443577341718801449e-06
4.900000000000000355e+00 3.918790421462588779e-06
4.950000000000000178e+00 3.026253830216157044e-06
5.000000000000000000e+00 1.898765442091685319e-06
5.049999999999999822e+00 6.403124237432848536e-07
5.099999999999999645e+00 -6.877366012166730342e-07
5.150000000000000355e+00 -1.920043047986801663e-06
5.200000000000000178e+00 -2.924425288036287469e-06
5.250000000000000000e+00 -3.665825630198524327e-06
5.299999999999999822e+00 -4.115922789383113245e-06
5.349999999999999645e+00 -4.169024013422062109e-06
5.400000000000000355e+00 -3.856544133425834961e-06
5.450000000000000178e+00 -3.166654063705676295e-06
5.500000000000000000e+00 -2.140671266072340270e-06
5.549999999999999822e+00 -9.674709297958259430e-07
5.599999999999999645e+00 3.667201568899475813e-07
5.650000000000000355e+00 1.636373541507848518e-06
5.700000000000000178e+00 2.736015649197398544e-06
5.750000000000000000e+00 3.621988404178013798e-06
5.799999999999999822e+00 4.244594401430254941e-06
5.849999999999999645e+00 4.603681978058652925e-06
5.900000000000000355e+00 4.652192153892044197e-06
5.950000000000000178e+00 4.342113893165917451e-06
6.000000000000000000e+00 3.758398486546293580e-06
6.049999999999999822e+00 2.817693730550514299e-06
6.099999999999999645e+00 1.633159577041273899e-06
6.150000000000000355e+00 3.017669055846291061e-07
6.200000000000000178e+00 -1.039046855222101307e-06
6.250000000000000000e+00 -2.200016697524761063e-06
6.299999999999999822e+00 -3.041673143222999758e-06
6.349999999999999645e+00 -3.507499254512845338e-06
6.400000000000000355e+00 -3.578845441462589178e-06
6.450000000000000178e+00 -3.299197799836950991e-06
6.500000000000000000e+00 -2.767042184170598009e-06
6.549999999999999822e+00 -2.026099600670395445e-06
6.599999999999999645e+00 -1.121843417354322405e-06
6.650000000000000355e+00 -1.640930547349426915e-07
6.700000000000000178e+00 9.834186518965151075e-07
6.750000000000000000e+00 2.062196669098467597e-06
6.799999999999999822e+00 2.958034717131478079e-06
6.849999999999999645e+00 3.654600120507896341e-06
6.900000000000000355e+00 3.991935237297257402e-06
6.950000000000000178e+00 3.884414961334168880e-06
7.000000000000000000e+00 3.393734022024250309e-06
7.049999999999999822e+00 2.608160662385721118e-06
7.099999999999999645e+00 1.609586079381520811e-06
7.150000000000000355e+00 5.395992466069383935e-07
7.200000000000000178e+00 -4.873187784569098076e-07
7.250000000000000000e+00 -1.367537635194538347e-06
7.299999999999999822e+00 -2.105854327578143238e-06
7.349999999999999645e+00 -2.633012165035416151e-06
7.400000000000000355e+00 -2.861601164468905411e-06
7.450000000000000178e+00 -2.761641407805532482e-06
7.500000000000000000e+00 -2.353197130436351293e-06
7.549999999999999822e+00 -1.707487114123546967e-06
7.599999999999999645e+00 -9.120866410688880792e-07
7.650000000000000355e+00 7.291314374385607744e-08
7.700000000000000178e+00 8.436666814493476046e-07
7.750000000000000000e+00 1.616713723980260676e-06
7.799999999999999822e+00 2.258123656706955589e-06
7.849999999999999645e+00 2.731778967363686598e-06
7.900000000000000355e+00 3.047966200466086737e-06
7.950000000000000178e+00 3.123218185899712273e-06
8.000000000000000000e+00 2.926688593350679570e-06
8.050000000000000711e+00 2.490466721278547635e-06
8.099999999999999645e+00 1.798263334555916386e-06
8.150000000000000355e+00 9.757216063310398058e-07
8.199999999999999289e+00 1.557142857142857209e-07
8.250000000000000000e+00 -6.706576120891055015e-07
8.300000000000000711e+00 -1.281991435547182567e-06
8.349999999999999645e+00 -1.678116047652174660e-06
8.400000000000000355e+00 -1.857486231992263448e-06
8.449999999999999289e+00 -1.902664619175230251e-06
8.500000000000000000e+00 -1.787882683454347451e-06
8.550000000000000711e+00 -1.500696436964640163e-06
8.599999999999999645e+00 -1.120584759882817758e-06
8.650000000000000355e+00 -5.597120250811199359e-07
8.699999999999999289e+00 1.157054670360947633e-07
8.750000000000000000e+00 8.044798040361490286e-07
8.800000000000000711e+00 1.489529442201017183e-06
8.849999999999999645e+00 2.067262806274055457e-06
8.900000000000000355e+00 2.422945163495477168e-06
8.949999999999999289e+00 2.611097978449147213e-06
9.000000000000000000e+00 2.619258736079849674e-06
9.050000000000000711e+00 2.478528200528758499e-06
9.099999999999999645e+00 2.156605420278710258e-06
9.150000000000000355e+00 1.668926698968715254e-06
9.199999999999999289e+00 1.067827280996705185e-06
9.250000000000000000e+00 3.819204960539856124e-07
9.300000000000000711e+00 -4.460255323523576819e-07
9.349999999999999645e+00 -1.152990787084632514e-06
9.400000000000000355e+00 -1.708051760435417846e-06
9.449999999999999289e+00 -1.989311233485969208e-06
9.500000000000000000e+00 -2.017786724434998527e-06
9.550000000000000711e+00 -1.821134990345642486e-06
9.599999999999999645e+00 -1.423368382050271697e-06
9.650000000000000355e+00 -9.496046438343890623e-07
9.699999999999999289e+00 -4.242544481024257574e-07
9.750000000000000000e+00 1.259899574877105147e-07
9.800000000000000711e+00 6.515679675417834366e-07
9.849999999999999645e+00 1.255142889662124489e-06
9.900000000000000355e+00 1.810880944711266069e-06
9.949999999999999289e+00 2.296825226796540467e-06
1.000000000000000000e+01 2.598652712150538279e-06
1.005000000000000071e+01 2.667987852984617456e-06
1.009999999999999964e+01 2.471628398197332071e-06
1.015000000000000036e+01 2.035914777094521665e-06
1.019999999999999929e+01 1.442560789933325830e-06
1.025000000000000000e+01 7.738704737900793542e-07
1.030000000000000071e+01 9.639417375907050963e-08
1.034999999999999964e+01 -5.459348843581840290e-07
1.040000000000000036e+01 -1.096008528195629868e-06
1.044999999999999929e+01 -1.527319246795722350e-06
1.050000000000000000e+01 -1.788869213001467439e-06
1.055000000000000071e+01 -1.854462351261113472e-06
1.059999999999999964e+01 -1.726632915384678937e-06
1.065000000000000036e+01 -1.366850244846425756e-06
1.069999999999999929e+01 -8.403072810172550888e-07
1.075000000000000000e+01 -2.509776801199009975e-07
1.080000000000000071e+01 3.856878297805316171e-07
1.084999999999999964e+01 8.753273440168960747e-07
1.090000000000000036e+01 1.294908396413445303e-06
1.094999999999999929e+01 1.656017475013781518e-06
1.100000000000000000e+01 1.939038263612944357e-06
1.105000000000000071e+01 2.138693574143250784e-06
1.109999999999999964e+01 2.221766166354862691e-06
1.115000000000000036e+01 2.158099125789798756e-06
1.119999999999999929e+01 1.859534723460441825e-06
1.125000000000000000e+01 1.380890721119332007e-06
1.130000000000000071e+01 7.414891249701370660e-07
1.134999999999999964e+01 9.799000365510010249e-08
1.140000000000000036e+01 -5.216692203975657812e-07
1.144999999999999929e+01 -9.638189346425552316e-07
1.150000000000000000e+01 -1.124485369819801224e-06
1.155000000000000071e+01 -1.154009868029820741e-06
1.159999999999999964e+01 -1.008247621026760727e-06
1.165000000000000036e+01 -8.117202695007481321e-07
1.169999999999999929e+01 -5.947800142120803549e-07
1.175000000000000000e+01 -3.832673708405404982e-07
1.180000000000000071e+01 -1.205514539987987330e-07
1.184999999999999964e+01 2.059720607167835451e-07
1.190000000000000036e+01 5.467604034451564050e-07
1.194999999999999929e+01 8.684257396612116035e-07
1.200000000000000000e+01 1.233416525967855034e-06
1.205000000000000071e+01 1.495029178610892282e-06
1.209999999999999964e+01 1.710861461011823165e-06
1.215000000000000036e+01 1.813849778897955557e-06
1.219999999999999929e+01 1.796492046592299248e-06
1.225000000000000000e+01 1.718569053554944033e-06
1.230000000000000071e+01 1.512619028880243755e-06
1.234999999999999964e+01 1.142904463306053214e-06
1.240000000000000036e+01 7.077558670522900128e-07
1.244999999999999929e+01 1.980774946266006690e-07
1.250000000000000000e+01 -3.424402226994501079e-07
1.255000000000000071e+01 -8.028990838053746280e-07
1.259999999999999964e+01 -1.177033628774176603e-06
1.265000000000000036e+01 -1.354187006649964773e-06
1.269999999999999929e+01 -1.385349731133268754e-06
1.275000000000000000e+01 -1.323696894831953309e-06
1.280000000000000071e+01 -1.119158758412144334e-06
1.284999999999999964e+01 -8.372562088056876576e-07
1.290000000000000036e+01 -4.558598065911340151e-07
1.294999999999999929e+01 7.923099785064028083e-08
1.300000000000000000e+01 6.046773469194549987e-07
1.305000000000000071e+01 1.157919492460684007e-06
1.309999999999999964e+01 1.646300738762204446e-06
1.315000000000000036e+01 2.015551780429329043e-06
1.319999999999999929e+01 2.184771038300333744e-06
1.325000000000000000e+01 2.152915441432659523e-06
1.330000000000000071e+01 1.959626161765950483e-06
1.334999999999999964e+01 1.619725348348180276e-06
1.340000000000000036e+01 1.222173540568321277e-06
1.344999999999999929e+01 7.535304660498514306e-07
1.350000000000000000e+01 2.498203436104286630e-07
1.355000000000000071e+01 -3.333197276134830262e-07
1.359999999999999964e+01 -8.126361738320588777e-07
1.365000000000000036e+01 -1.226204530663790845e-06
1.369999999999999929e+01 -1.485739697584873631e-06
1.375000000000000000e+01 -1.582480615350211464e-06
1.380000000000000071e+01 -1.402348613096280282e-06
1.384999999999999964e+01 -1.051126703560886551e-06
1.390000000000000036e+01 -6.153230444080506159e-07
1.394999999999999929e+01 -1.309696958249876637e-07
1.400000000000000000e+01 3.828251585787125031e-07
1.405000000000000071e+01 8.541686494086827043e-07
1.409999999999999964e+01 1.245945260369304956e-06
1.415000000000000036e+01 1.637170281495558163e-06
1.419999999999999929e+01 1.973229508667846419e-06
1.425000000000000000e+01 2.213144867396084733e-06
1.430000000000000071e+01 2.356670948432061650e-06
1.434999999999999964e+01 2.288912940454396063e-06
1.440000000000000036e+01 1.990012306392057634e-06
1.444999999999999929e+01 1.502000027174651174e-06
1.450000000000000000e+01 8.431537008548951114e-07
1.455000000000000071e+01 1.800736810648488251e-07
1.459999999999999964e+01 -4.791339977032541568e-07
1.465000000000000036e+01 -1.009482591251982229e-06
1.469999999999999929e+01 -1.393487037058106001e-06
1.475000000000000000e+01 -1.601998751560062732e-06
1.480000000000000071e+01 -1.665064808446365167e-06
1.484999999999999964e+01 -1.517496595833857892e-06
1.490000000000000036e+01 -1.213032126027794261e-06
1.494999999999999929e+01 -7.712552715395539360e-07
1.500000000000000000e+01 -1.981650518005181340e-07
1.505000000000000071e+01 4.563944767055654318e-07
1.509999999999999964e+01 1.039577033299247826e-06
1.515000000000000036e+01 1.496502725745350902e-06
1.519999999999999929e+01 1.802788090142372598e-06
1.525000000000000000e+01 2.002914712846949011e-06
1.530000000000000071e+01 2.036640891872934269e-06
1.534999999999999964e+01 2.010052288892413761e-06
1.540000000000000036e+01 1.852495283532512448e-06
1.544999999999999929e+01 1.610853494142728410e-06
1.550000000000000000e+01 1.233031770449884119e-06
1.555000000000000071e+01 7.781191346799679447e-07
1.559999999999999964e+01 2.145950148725809909e-07
1.565000000000000036e+01 -3.749965986240299812e-07
1.569999999999999929e+01 -8.583610391143039480e-07
1.575000000000000000e+01 -1.265124822429206216e-06
1.580000000000000071e+01 -1.481137180324217823e-06
1.584999999999999964e+01 -1.516709650284228346e-06
1.590000000000000036e+01 -1.399116339198511653e-06
1.594999999999999929e+01 -1.174696660801400011e-06
1.600000000000000000e+01 -8.608929867840007328e-07
1.605000000000000071e+01 -3.833472342939444937e-07
1.610000000000000142e+01 1.320250440064230973e-07
1.614999999999999858e+01 7.085210235528136173e-07
1.619999999999999929e+01 1.290591542902806043e-06
1.625000000000000000e+01 1.762994322053203881e-06
1.630000000000000071e+01 2.125486258891055090e-06
1.635000000000000142e+01 2.289641715132188261e-06
1.639999999999999858e+01 2.185500456393903396e-06
1.644999999999999929e+01 1.872344922871873416e-06
1.650000000000000000e+01 1.422520040388227170e-06
1.655000000000000071e+01 9.142232121493377268e-07
1.660000000000000142e+01 4.169324322491888307e-07
1.664999999999999858e+01 -1.124948978434858903e-07
1.669999999999999929e+01 -4.860608007655177684e-07
1.675000000000000000e+01 -8.293100156399995205e-07
1.680000000000000071e+01 -1.008310366860505706e-06
1.685000000000000142e+01 -1.067551078928989255e-06
1.689999999999999858e+01 -9.957675738968857723e-07
1.694999999999999929e+01 -7.613977479689867477e-07
1.700000000000000000e+01 -4.320289105972384855e-07
1.705000000000000071e+01 -9.019253781522628471e-08
1.710000000000000142e+01 3.601048600117493554e-07
1.714999999999999858e+01 7.834330519826026065e-07
1.719999999999999929e+01 1.110870223320989179e-06
1.725000000000000000e+01 1.377422170844760879e-06
1.730000000000000071e+01 1.512735055103429433e-06
1.735000000000000142e+01 1.501186605485739015e-06
1.739999999999999858e+01 1.367811450187965805e-06
1.744999999999999929e+01 1.078178736460287714e-06
1.750000000000000000e+01 7.191292921133933402e-07
1.755000000000000071e+01 3.960648266872173093e-07
1.760000000000000142e+01 9.200709821774068104e-08
1.764999999999999858e+01 -1.494616188531493284e-07
1.769999999999999929e+01 -2.186087736536833232e-07
1.775000000000000000e+01 -2.187161052457672928e-07
1.780000000000000071e+01 -1.775111379086750564e-07
1.785000000000000142e+01 -1.274314541634210349e-07
1.789999999999999858e+01 -7.743331561638657097e-08
1.794999999999999929e+01 0.000000000000000000e+00
1.800000000000000000e+01 1.286428373126025519e-07
1.805000000000000071e+01 2.803277964622626410e-07
1.810000000000000142e+01 4.488102185165774458e-07
1.814999999999999858e+01 6.484959049797540978e-07
1.819999999999999929e+01 8.420395550358058448e-07
1.825000000000000000e+01 9.648146697365123176e-07
1.830000000000000071e+01 9.395493926476084470e-07
1.835000000000000142e+01 8.274043504742245388e-07
1.839999999999999858e+01 6.345060749777528234e-07
1.844999999999999929e+01 4.519459061002945696e-07
1.850000000000000000e+01 2.102379604162863792e-07
1.855000000000000071e+01 5.890150893739515888e-08
1.860000000000000142e+01 -1.216384740423314436e-07
1.864999999999999858e+01 -2.130296520512138130e-07
1.869999999999999929e+01 -2.358224859888453917e-07
1.875000000000000000e+01 -2.392889125585834387e-07
1.880000000000000071e+01 -2.351768765531724312e-07
1.885000000000000142e+01 -1.581138830084189596e-07
1.889999999999999858e+01 -1.235032842660056566e-07
1.894999999999999929e+01 1.189065831239132208e-07
1.900000000000000000e+01 2.561448888454201030e-07
1.905000000000000071e+01 4.530824135512079043e-07
1.910000000000000142e+01 6.341907908379571448e-07
1.914999999999999858e+01 8.196278398873279298e-07
1.919999999999999929e+01 9.556758480419038500e-07
1.925000000000000000e+01 1.054939789364148223e-06
1.930000000000000071e+01 1.047797495624385749e-06
1.935000000000000142e+01 9.817487520974486911e-07
1.939999999999999858e+01 8.370989749590851181e-07
1.944999999999999929e+01 6.638969676640114861e-07
1.950000000000000000e+01 4.352081369287338862e-07
1.955000000000000071e+01 2.358224859888453917e-07
1.960000000000000142e+01 7.484678227102703643e-08
1.964999999999999858e+01 -1.477035088635752085e-07
1.969999999999999929e+01 -2.193171219946130792e-07
1.975000000000000000e+01 -2.312874349181563561e-07
1.980000000000000071e+01 -1.960008329844856509e-07
1.985000000000000142e+01 -1.143749651499891091e-07
1.989999999999999858e+01 1.924493042177018365e-07
1.994999999999999929e+01 3.858835607394795177e-07
2.000000000000000000e+01 5.999064552928571761e-07
2.005000000000000071e+01 7.668980721459824350e-07
2.010000000000000142e+01 8.858582832254737497e-07
2.014999999999999858e+01 8.892980492546709567e-07
2.019999999999999929e+01 8.650409923046114915e-07
2.025000000000000000e+01 7.504352478558625299e-07
2.030000000000000071e+01 6.277088236968943119e-07
2.035000000000000142e+01 4.878608031655197970e-07
2.039999999999999858e+01 3.891277530108400028e-07
2.044999999999999929e+01 3.203473879706089967e-07
2.050000000000000000e+01 2.425418120907091903e-07
2.055000000000000071e+01 1.555044457662263087e-07
2.060000000000000142e+01 8.657897185429577626e-08
2.064999999999999858e+01 7.347080497499306347e-08
2.069999999999999929e+01 -5.758755534498959062e-08
2.075000000000000000e+01 5.192223384396073045e-08
2.080000000000000071e+01 8.283250865328126768e-08
2.085000000000000142e+01 1.191551894953529355e-07
2.089999999999999858e+01 1.514622604034767595e-07
2.094999999999999929e+01 2.384687546383708512e-07
2.100000000000000000e+01 3.403029862475197317e-07
