-5.000000000000000000e+00 -4.933999999999999686e-06
-4.950000000000000178e+00 -4.102000000000000706e-06
-4.900000000000000355e+00 -3.056000000000000472e-06
-4.849999999999999645e+00 -1.698000000000000090e-06
-4.799999999999999822e+00 -1.519999999999999847e-07
-4.750000000000000000e+00 1.297999999999999897e-06
-4.700000000000000178e+00 2.859999999999999722e-06
-4.650000000000000355e+00 4.050000000000000187e-06
-4.599999999999999645e+00 5.074000000000000039e-06
-4.549999999999999822e+00 5.774000000000000961e-06
-4.500000000000000000e+00 6.035999999999999469e-06
-4.450000000000000178e+00 5.878000000000000304e-06
-4.400000000000000355e+00 5.426000000000000227e-06
-4.349999999999999645e+00 4.607999999999999758e-06
-4.299999999999999822e+00 3.316000000000000100e-06
-4.250000000000000000e+00 1.952000000000000115e-06
-4.200000000000000178e+00 4.519999999999999711e-07
-4.150000000000000355e+00 -9.199999999999999795e-07
-4.099999999999999645e+00 -2.314000000000000207e-06
-4.049999999999999822e+00 -3.434000000000000071e-06
-4.000000000000000000e+00 -4.260000000000000718e-06
-3.950000000000000178e+00 -4.728000000000000303e-06
-3.899999999999999911e+00 -4.867999999999999809e-06
-3.850000000000000089e+00 -4.632000000000000714e-06
-3.799999999999999822e+00 -4.173999999999999339e-06
-3.750000000000000000e+00 -3.357999999999999867e-06
-3.700000000000000178e+00 -2.326000000000000261e-06
-3.649999999999999911e+00 -1.115999999999999988e-06
-3.600000000000000089e+00 2.899999999999999763e-07
-3.549999999999999822e+00 1.632000000000000002e-06
-3.500000000000000000e+00 2.861999999999999873e-06
-3.450000000000000178e+00 4.045999999999999887e-06
-3.399999999999999911e+00 4.890000000000000615e-06
-3.350000000000000089e+00 5.352000000000000596e-06
-3.299999999999999822e+00 5.537999999999999324e-06
-3.250000000000000000e+00 5.297999999999999928e-06
-3.200000000000000178e+00 4.775999999999999674e-06
-3.149999999999999911e+00 4.026000000000000078e-06
-3.100000000000000089e+00 2.975999999999999120e-06
-3.049999999999999822e+00 1.878000000000000061e-06
-3.000000000000000000e+00 5.440000000000000008e-07
-2.950000000000000178e+00 -8.220000000000001343e-07
-2.899999999999999911e+00 -2.052000000000000005e-06
-2.850000000000000089e+00 -3.267999999999999882e-06
-2.799999999999999822e+00 -4.064000000000000392e-06
-2.750000000000000000e+00 -4.606000000000000454e-06
-2.700000000000000178e+00 -4.789999999999999879e-06
-2.649999999999999911e+00 -4.578000000000000045e-06
-2.600000000000000089e+00 -4.123999999999999818e-06
-2.549999999999999822e+00 -3.301999999999999895e-06
-2.500000000000000000e+00 -2.250000000000000057e-06
-2.450000000000000178e+00 -1.111999999999999899e-06
-2.399999999999999911e+00 -4.000000000000001076e-09
-2.350000000000000089e+00 1.277999999999999877e-06
-2.299999999999999822e+00 2.430000000000000028e-06
-2.250000000000000000e+00 3.475999999999999838e-06
-2.200000000000000178e+00 4.339999999999999952e-06
-2.149999999999999911e+00 4.843999999999999700e-06
-2.100000000000000089e+00 5.015999999999999917e-06
-2.049999999999999822e+00 4.981999999999999057e-06
-2.000000000000000000e+00 4.549999999999999635e-06
-1.949999999999999956e+00 3.819999999999999848e-06
-1.899999999999999911e+00 3.006000000000000103e-06
-1.850000000000000089e+00 1.928000000000000006e-06
-1.800000000000000044e+00 7.279999999999999544e-07
-1.750000000000000000e+00 -3.759999999999999788e-07
-1.699999999999999956e+00 -1.651999999999999811e-06
-1.649999999999999911e+00 -2.589999999999999766e-06
-1.600000000000000089e+00 -3.407999999999999812e-06
-1.550000000000000044e+00 -3.943999999999999847e-06
-1.500000000000000000e+00 -4.125999999999999121e-06
-1.449999999999999956e+00 -4.057999999999999094e-06
-1.399999999999999911e+00 -3.541999999999999715e-06
-1.350000000000000089e+00 -2.924000000000000295e-06
-1.300000000000000044e+00 -2.003999999999999786e-06
-1.250000000000000000e+00 -1.069999999999999920e-06
-1.199999999999999956e+00 -1.600000000000000431e-08
-1.149999999999999911e+00 1.078000000000000097e-06
-1.100000000000000089e+00 2.137999999999999689e-06
-1.050000000000000044e+00 3.017999999999999734e-06
-1.000000000000000000e+00 3.774000000000000204e-06
-9.499999999999999556e-01 4.326000000000000594e-06
-9.000000000000000222e-01 4.580000000000000195e-06
-8.499999999999999778e-01 4.488000000000000059e-06
-8.000000000000000444e-01 4.178000000000000486e-06
-7.500000000000000000e-01 3.615999999999999769e-06
-6.999999999999999556e-01 2.652000000000000189e-06
-6.500000000000000222e-01 1.694000000000000002e-06
-5.999999999999999778e-01 6.979999999999999239e-07
-5.500000000000000444e-01 -2.960000000000000035e-07
-5.000000000000000000e-01 -1.185999999999999953e-06
-4.500000000000000111e-01 -2.201999999999999839e-06
-4.000000000000000222e-01 -2.846000000000000365e-06
-3.499999999999999778e-01 -3.244000000000000196e-06
-2.999999999999999889e-01 -3.456000000000000877e-06
-2.500000000000000000e-01 -3.484000000000000016e-06
-2.000000000000000111e-01 -3.161999999999999965e-06
-1.499999999999999944e-01 -2.617999999999999752e-06
-1.000000000000000056e-01 -2.009999999999999814e-06
-5.000000000000000278e-02 -1.105999999999999872e-06
0.000000000000000000e+00 -1.199999999999999893e-07
5.000000000000000278e-02 8.719999999999999732e-07
1.000000000000000056e-01 1.813999999999999912e-06
1.499999999999999944e-01 2.624000000000000203e-06
2.000000000000000111e-01 3.271999999999999759e-06
2.500000000000000000e-01 3.683999999999999795e-06
2.999999999999999889e-01 3.994000000000000215e-06
3.499999999999999778e-01 3.980000000000000010e-06
4.000000000000000222e-01 3.871999999999999520e-06
4.500000000000000111e-01 3.413999999999999416e-06
5.000000000000000000e-01 2.812000000000000351e-06
5.500000000000000444e-01 1.981999999999999828e-06
5.999999999999999778e-01 9.840000000000000232e-07
6.500000000000000222e-01 2.399999999999999322e-08
6.999999999999999556e-01 -9.919999999999999890e-07
7.500000000000000000e-01 -1.844000000000000048e-06
8.000000000000000444e-01 -2.544000000000000122e-06
8.499999999999999778e-01 -3.112000000000000020e-06
9.000000000000000222e-01 -3.368000000000000195e-06
9.499999999999999556e-01 -3.453999999999999880e-06
1.000000000000000000e+00 -3.312000000000000223e-06
1.050000000000000044e+00 -2.900000000000000186e-06
1.100000000000000089e+00 -2.315999999999999933e-06
1.149999999999999911e+00 -1.585999999999999723e-06
1.199999999999999956e+00 -5.900000000000000686e-07
1.250000000000000000e+00 4.199999999999999492e-07
1.300000000000000044e+00 1.368000000000000074e-06
1.350000000000000089e+00 2.300000000000000002e-06
1.399999999999999911e+00 3.006000000000000103e-06
1.449999999999999956e+00 3.618000000000000342e-06
1.500000000000000000e+00 3.948000000000000147e-06
1.550000000000000044e+00 4.098000000000000405e-06
1.600000000000000089e+00 4.007999999999999573e-06
1.649999999999999911e+00 3.643999999999999755e-06
1.699999999999999956e+00 3.090000000000000061e-06
1.750000000000000000e+00 2.317999999999999660e-06
1.800000000000000044e+00 1.453999999999999758e-06
1.850000000000000089e+00 4.539999999999999625e-07
1.899999999999999911e+00 -7.439999999999999917e-07
1.949999999999999956e+00 -1.649999999999999872e-06
2.000000000000000000e+00 -2.560000000000000054e-06
2.049999999999999822e+00 -3.189999999999999527e-06
2.100000000000000089e+00 -3.571999999999999851e-06
2.149999999999999911e+00 -3.797999999999999890e-06
2.200000000000000178e+00 -3.661999999999999836e-06
2.250000000000000000e+00 -3.142000000000000156e-06
2.299999999999999822e+00 -2.396000000000000014e-06
2.350000000000000089e+00 -1.307999999999999801e-06
2.399999999999999911e+00 -1.400000000000000129e-08
2.450000000000000178e+00 1.232000000000000020e-06
2.500000000000000000e+00 2.501999999999999931e-06
2.549999999999999822e+00 3.760000000000000423e-06
2.600000000000000089e+00 4.641999999999999771e-06
2.649999999999999911e+00 5.159999999999999724e-06
2.700000000000000178e+00 5.281999999999999573e-06
2.750000000000000000e+00 5.076000000000000190e-06
2.799999999999999822e+00 4.600000000000000004e-06
2.850000000000000089e+00 3.716000000000000505e-06
2.899999999999999911e+00 2.646000000000000162e-06
2.950000000000000178e+00 1.371999999999999739e-06
3.000000000000000000e+00 -6.199999999999999931e-08
3.049999999999999822e+00 -1.583999999999999996e-06
3.100000000000000089e+00 -2.902000000000000337e-06
3.149999999999999911e+00 -4.159999999999999134e-06
3.200000000000000178e+00 -4.959999999999999945e-06
3.250000000000000000e+00 -5.381999999999999462e-06
3.299999999999999822e+00 -5.451999999999999639e-06
3.350000000000000089e+00 -5.091999999999999698e-06
3.399999999999999911e+00 -4.240000000000000062e-06
3.450000000000000178e+00 -3.266000000000000155e-06
3.500000000000000000e+00 -1.984000000000000401e-06
3.549999999999999822e+00 -4.400000000000000224e-07
3.600000000000000089e+00 1.013999999999999948e-06
3.649999999999999911e+00 2.506000000000000232e-06
3.700000000000000178e+00 3.904000000000000230e-06
3.750000000000000000e+00 5.043999999999999480e-06
3.799999999999999822e+00 5.899999999999999415e-06
3.850000000000000089e+00 6.390000000000000653e-06
3.899999999999999911e+00 6.391999999999999956e-06
3.950000000000000178e+00 6.011999999999999359e-06
4.000000000000000000e+00 5.224000000000000297e-06
4.049999999999999822e+00 4.056000000000000638e-06
4.099999999999999645e+00 2.610000000000000422e-06
4.150000000000000355e+00 1.024000000000000064e-06
4.200000000000000178e+00 -6.080000000000000445e-07
4.250000000000000000e+00 -2.123999999999999908e-06
4.299999999999999822e+00 -3.491999999999999770e-06
4.349999999999999645e+00 -4.539999999999999731e-06
4.400000000000000355e+00 -5.075999999999999343e-06
4.450000000000000178e+00 -5.339999999999999695e-06
4.500000000000000000e+00 -5.188000000000000134e-06
4.549999999999999822e+00 -4.613999999999999361e-06
4.599999999999999645e+00 -3.792000000000000286e-06
4.650000000000000355e+00 -2.753999999999999805e-06
4.700000000000000178e+00 -1.632000000000000002e-06
4.750000000000000000e+00 -2.759999999999999833e-07
4.799999999999999822e+00 1.090000000000000152e-06
4.849999999999999645e+00 2.346000000000000070e-06
4.900000000000000355e+00 3.541999999999999715e-06
4.950000000000000178e+00 4.391999999999999623e-06
5.000000000000000000e+00 5.126000000000000558e-06
