-5.000000000000000000e+00 4.211999999999999653e-06
-4.950000000000000178e+00 5.033999999999999575e-06
-4.900000000000000355e+00 5.661999999999999322e-06
-4.849999999999999645e+00 6.092000000000000288e-06
-4.799999999999999822e+00 6.133999999999999208e-06
-4.750000000000000000e+00 5.912000000000000317e-06
-4.700000000000000178e+00 5.227999999999999751e-06
-4.650000000000000355e+00 4.483999999999999759e-06
-4.599999999999999645e+00 3.400000000000000058e-06
-4.549999999999999822e+00 2.232000000000000399e-06
-4.500000000000000000e+00 1.026000000000000002e-06
-4.450000000000000178e+00 -1.080000000000000009e-07
-4.400000000000000355e+00 -1.115999999999999988e-06
-4.349999999999999645e+00 -1.873999999999999972e-06
-4.299999999999999822e+00 -2.424000000000000000e-06
-4.250000000000000000e+00 -2.907999999999999517e-06
-4.200000000000000178e+00 -3.135999999999999706e-06
-4.150000000000000355e+00 -3.099999999999999542e-06
-4.099999999999999645e+00 -2.901999999999999913e-06
-4.049999999999999822e+00 -2.510000000000000109e-06
-4.000000000000000000e+00 -1.837999999999999597e-06
-3.950000000000000178e+00 -1.103999999999999933e-06
-3.899999999999999911e+00 -1.299999999999999729e-07
-3.850000000000000089e+00 7.899999999999998478e-07
-3.799999999999999822e+00 1.554000000000000072e-06
-3.750000000000000000e+00 2.187999999999999634e-06
-3.700000000000000178e+00 2.375999999999999782e-06
-3.649999999999999911e+00 2.219999999999999921e-06
-3.600000000000000089e+00 1.888000000000000177e-06
-3.549999999999999822e+00 1.221999999999999904e-06
-3.500000000000000000e+00 4.639999999999999727e-07
-3.450000000000000178e+00 -3.040000000000000222e-07
-3.399999999999999911e+00 -1.134000000000000069e-06
-3.350000000000000089e+00 -1.834000000000000144e-06
-3.299999999999999822e+00 -2.472000000000000218e-06
-3.250000000000000000e+00 -2.975999999999999543e-06
-3.200000000000000178e+00 -3.203999999999999732e-06
-3.149999999999999911e+00 -3.385999999999999853e-06
-3.100000000000000089e+00 -3.318000000000000250e-06
-3.049999999999999822e+00 -2.947999999999999981e-06
-3.000000000000000000e+00 -2.274000000000000166e-06
-2.950000000000000178e+00 -1.391999999999999971e-06
-2.899999999999999911e+00 -2.479999999999999972e-07
-2.850000000000000089e+00 1.195999999999999857e-06
-2.799999999999999822e+00 2.832000000000000160e-06
-2.750000000000000000e+00 4.531999999999999977e-06
-2.700000000000000178e+00 6.087999999999999987e-06
-2.649999999999999911e+00 7.466000000000001024e-06
-2.600000000000000089e+00 8.465999999999999920e-06
-2.549999999999999822e+00 8.930000000000000898e-06
-2.500000000000000000e+00 8.830000000000000162e-06
-2.450000000000000178e+00 8.186000000000000906e-06
-2.399999999999999911e+00 7.202000000000000671e-06
-2.350000000000000089e+00 5.688000000000000429e-06
-2.299999999999999822e+00 3.931999999999999792e-06
-2.250000000000000000e+00 2.014000000000000114e-06
-2.200000000000000178e+00 2.399999999999999653e-08
-2.149999999999999911e+00 -1.868000000000000157e-06
-2.100000000000000089e+00 -3.668000000000000287e-06
-2.049999999999999822e+00 -5.318000000000000583e-06
-2.000000000000000000e+00 -6.724000000000000335e-06
-1.949999999999999956e+00 -7.963999999999998627e-06
-1.899999999999999911e+00 -8.840000000000000066e-06
-1.850000000000000089e+00 -9.243999999999999925e-06
-1.800000000000000044e+00 -9.216000000000001209e-06
-1.750000000000000000e+00 -8.581999999999998470e-06
-1.699999999999999956e+00 -7.492000000000000436e-06
-1.649999999999999911e+00 -6.021999999999999264e-06
-1.600000000000000089e+00 -4.206000000000000049e-06
-1.550000000000000044e+00 -2.225999999999999948e-06
-1.500000000000000000e+00 -2.920000000000000207e-07
-1.449999999999999956e+00 1.625999999999999975e-06
-1.399999999999999911e+00 3.366000000000000045e-06
-1.350000000000000089e+00 4.795999999999999482e-06
-1.300000000000000044e+00 5.968000000000000289e-06
-1.250000000000000000e+00 6.764000000000000799e-06
-1.199999999999999956e+00 7.318000000000000069e-06
-1.149999999999999911e+00 7.451999999999999972e-06
-1.100000000000000089e+00 7.306000000000000862e-06
-1.050000000000000044e+00 6.941999999999999773e-06
-1.000000000000000000e+00 6.299999999999999821e-06
-9.499999999999999556e-01 5.365999999999999954e-06
-9.000000000000000222e-01 4.342000000000000102e-06
-8.499999999999999778e-01 3.255999999999999827e-06
-8.000000000000000444e-01 2.028000000000000319e-06
-7.500000000000000000e-01 8.080000000000000354e-07
-6.999999999999999556e-01 -1.880000000000000158e-07
-6.500000000000000222e-01 -1.104000000000000145e-06
-5.999999999999999778e-01 -1.703999999999999906e-06
-5.500000000000000444e-01 -2.059999999999999759e-06
-5.000000000000000000e-01 -2.161999999999999798e-06
-4.500000000000000111e-01 -1.983999999999999554e-06
-4.000000000000000222e-01 -1.749999999999999762e-06
-3.499999999999999778e-01 -1.450000000000000093e-06
-2.999999999999999889e-01 -1.153999999999999878e-06
-2.500000000000000000e-01 -9.739999999999999072e-07
-2.000000000000000111e-01 -9.379999999999999554e-07
-1.499999999999999944e-01 -8.120000000000000183e-07
-1.000000000000000056e-01 -8.500000000000000145e-07
-5.000000000000000278e-02 -7.799999999999999435e-07
0.000000000000000000e+00 -7.600000000000000291e-07
5.000000000000000278e-02 -8.219999999999999226e-07
1.000000000000000056e-01 -7.680000000000001008e-07
1.499999999999999944e-01 -9.599999999999999142e-07
2.000000000000000111e-01 -1.197999999999999795e-06
2.500000000000000000e-01 -1.531999999999999901e-06
2.999999999999999889e-01 -2.093999999999999772e-06
3.499999999999999778e-01 -2.446000000000000383e-06
4.000000000000000222e-01 -2.809999999999999354e-06
4.500000000000000111e-01 -2.922000000000000145e-06
5.000000000000000000e-01 -2.671999999999999998e-06
5.500000000000000444e-01 -2.246000000000000180e-06
5.999999999999999778e-01 -1.512000000000000093e-06
6.500000000000000222e-01 -6.659999999999999550e-07
6.999999999999999556e-01 5.019999999999999159e-07
7.500000000000000000e-01 1.637999999999999818e-06
8.000000000000000444e-01 2.815999999999999805e-06
8.499999999999999778e-01 3.983999999999999464e-06
9.000000000000000222e-01 5.117999999999999957e-06
9.499999999999999556e-01 5.925999999999999675e-06
1.000000000000000000e+00 6.552000000000000966e-06
1.050000000000000044e+00 7.038000000000000209e-06
1.100000000000000089e+00 7.253999999999999496e-06
1.149999999999999911e+00 7.259999999999999100e-06
1.199999999999999956e+00 6.896000000000000552e-06
1.250000000000000000e+00 6.365999999999999697e-06
1.300000000000000044e+00 5.391999999999999366e-06
1.350000000000000089e+00 4.082000000000000897e-06
1.399999999999999911e+00 2.596000000000000217e-06
1.449999999999999956e+00 7.959999999999999809e-07
1.500000000000000000e+00 -1.207999999999999911e-06
1.550000000000000044e+00 -3.153999999999999787e-06
1.600000000000000089e+00 -4.969999999999999849e-06
1.649999999999999911e+00 -6.467999999999999737e-06
1.699999999999999956e+00 -7.668000000000000106e-06
1.750000000000000000e+00 -8.497999999999998936e-06
1.800000000000000044e+00 -8.835999999999999765e-06
1.850000000000000089e+00 -8.760000000000000832e-06
1.899999999999999911e+00 -8.253999999999999239e-06
1.949999999999999956e+00 -7.318000000000000069e-06
2.000000000000000000e+00 -5.951999999999999934e-06
2.049999999999999822e+00 -4.133999999999999722e-06
2.100000000000000089e+00 -2.197999999999999538e-06
2.149999999999999911e+00 -1.799999999999999574e-08
2.200000000000000178e+00 2.110000000000000127e-06
2.250000000000000000e+00 4.169999999999999885e-06
2.299999999999999822e+00 5.890000000000000358e-06
2.350000000000000089e+00 7.129999999999999497e-06
2.399999999999999911e+00 7.994000000000000034e-06
2.450000000000000178e+00 8.392000000000000289e-06
2.500000000000000000e+00 8.353999999999999976e-06
2.549999999999999822e+00 7.897999999999999598e-06
2.600000000000000089e+00 6.964000000000000578e-06
2.649999999999999911e+00 5.852000000000000044e-06
2.700000000000000178e+00 4.546000000000000182e-06
2.750000000000000000e+00 2.992000000000000322e-06
2.799999999999999822e+00 1.453999999999999970e-06
2.850000000000000089e+00 1.020000000000000001e-07
2.899999999999999911e+00 -1.010000000000000071e-06
2.950000000000000178e+00 -2.017999999999999991e-06
3.000000000000000000e+00 -2.742000000000000598e-06
3.049999999999999822e+00 -3.227999999999999418e-06
3.100000000000000089e+00 -3.572000000000000275e-06
3.149999999999999911e+00 -3.601999999999999564e-06
3.200000000000000178e+00 -3.272000000000000606e-06
3.250000000000000000e+00 -2.907999999999999940e-06
3.299999999999999822e+00 -2.139999999999999840e-06
3.350000000000000089e+00 -1.377999999999999766e-06
3.399999999999999911e+00 -4.420000000000000139e-07
3.450000000000000178e+00 2.279999999999999770e-07
3.500000000000000000e+00 9.220000000000000239e-07
3.549999999999999822e+00 1.233999999999999959e-06
3.600000000000000089e+00 1.382000000000000067e-06
3.649999999999999911e+00 1.274000000000000000e-06
3.700000000000000178e+00 9.279999999999999453e-07
3.750000000000000000e+00 4.219999999999999407e-07
3.799999999999999822e+00 -1.679999999999999956e-07
3.850000000000000089e+00 -7.119999999999999170e-07
3.899999999999999911e+00 -1.232000000000000020e-06
3.950000000000000178e+00 -1.524000000000000147e-06
4.000000000000000000e+00 -1.737999999999999919e-06
4.049999999999999822e+00 -1.678000000000000282e-06
4.099999999999999645e+00 -1.367999999999999862e-06
4.150000000000000355e+00 -9.660000000000001532e-07
4.200000000000000178e+00 -3.040000000000000752e-07
4.250000000000000000e+00 3.479999999999999927e-07
4.299999999999999822e+00 1.017999999999999825e-06
4.349999999999999645e+00 1.701999999999999967e-06
4.400000000000000355e+00 2.268000000000000139e-06
4.450000000000000178e+00 2.857999999999999996e-06
4.500000000000000000e+00 3.391999999999999880e-06
4.549999999999999822e+00 3.722000000000000109e-06
4.599999999999999645e+00 3.920000000000000585e-06
4.650000000000000355e+00 3.970000000000000106e-06
4.700000000000000178e+00 3.797999999999999890e-06
4.750000000000000000e+00 3.298000000000000018e-06
4.799999999999999822e+00 2.456000000000000287e-06
4.849999999999999645e+00 1.321999999999999794e-06
4.900000000000000355e+00 1.619999999999999948e-07
4.950000000000000178e+00 -9.799999999999999345e-07
5.000000000000000000e+00 -2.143999999999999717e-06
