-5.000000000000000000e+00 -4.666000000000000727e-06
-4.950000000000000178e+00 -3.435999999999999798e-06
-4.900000000000000355e+00 -2.172000000000000126e-06
-4.849999999999999645e+00 -7.040000000000000571e-07
-4.799999999999999822e+00 8.600000000000000246e-07
-4.750000000000000000e+00 2.428000000000000301e-06
-4.700000000000000178e+00 3.805999999999999644e-06
-4.650000000000000355e+00 4.969999999999999849e-06
-4.599999999999999645e+00 5.713999999999999841e-06
-4.549999999999999822e+00 6.171999999999999522e-06
-4.500000000000000000e+00 6.192000000000000177e-06
-4.450000000000000178e+00 5.793999999999999922e-06
-4.400000000000000355e+00 5.069999999999999739e-06
-4.349999999999999645e+00 3.994000000000000215e-06
-4.299999999999999822e+00 2.530000000000000341e-06
-4.250000000000000000e+00 1.067999999999999981e-06
-4.200000000000000178e+00 -4.020000000000000263e-07
-4.150000000000000355e+00 -1.850000000000000287e-06
-4.099999999999999645e+00 -3.067999999999999679e-06
-4.049999999999999822e+00 -4.079999999999999900e-06
-4.000000000000000000e+00 -4.763999999999999619e-06
-3.950000000000000178e+00 -5.025999999999999821e-06
-3.899999999999999911e+00 -4.953999999999999494e-06
-3.850000000000000089e+00 -4.517999999999999772e-06
-3.799999999999999822e+00 -3.785999999999999835e-06
-3.750000000000000000e+00 -2.780000000000000065e-06
-3.700000000000000178e+00 -1.656000000000000111e-06
-3.649999999999999911e+00 -3.040000000000000222e-07
-3.600000000000000089e+00 1.187999999999999891e-06
-3.549999999999999822e+00 2.578000000000000135e-06
-3.500000000000000000e+00 3.784000000000000532e-06
-3.450000000000000178e+00 4.755999999999999865e-06
-3.399999999999999911e+00 5.377999999999999162e-06
-3.350000000000000089e+00 5.719999999999999445e-06
-3.299999999999999822e+00 5.644000000000000511e-06
-3.250000000000000000e+00 5.241999999999999955e-06
-3.200000000000000178e+00 4.534000000000000127e-06
-3.149999999999999911e+00 3.459999999999999907e-06
-3.100000000000000089e+00 2.319999999999999810e-06
-3.049999999999999822e+00 1.072000000000000070e-06
-3.000000000000000000e+00 -3.139999999999999794e-07
-2.950000000000000178e+00 -1.743999999999999946e-06
-2.899999999999999911e+00 -2.949999999999999708e-06
-2.850000000000000089e+00 -3.955999999999999054e-06
-2.799999999999999822e+00 -4.585999999999999799e-06
-2.750000000000000000e+00 -4.850000000000000151e-06
-2.700000000000000178e+00 -4.789999999999999879e-06
-2.649999999999999911e+00 -4.352000000000000006e-06
-2.600000000000000089e+00 -3.650000000000000629e-06
-2.549999999999999822e+00 -2.624000000000000203e-06
-2.500000000000000000e+00 -1.472000000000000052e-06
-2.450000000000000178e+00 -2.479999999999999972e-07
-2.399999999999999911e+00 1.018000000000000037e-06
-2.350000000000000089e+00 2.193999999999999661e-06
-2.299999999999999822e+00 3.328000000000000154e-06
-2.250000000000000000e+00 4.221999999999999557e-06
-2.200000000000000178e+00 4.882000000000000014e-06
-2.149999999999999911e+00 5.222000000000000147e-06
-2.100000000000000089e+00 5.161999999999999874e-06
-2.049999999999999822e+00 4.857999999999999905e-06
-2.000000000000000000e+00 4.320000000000000143e-06
-1.949999999999999956e+00 3.439999999999999675e-06
-1.899999999999999911e+00 2.312000000000000056e-06
-1.850000000000000089e+00 1.163999999999999994e-06
-1.800000000000000044e+00 -1.380000000000000181e-07
-1.750000000000000000e+00 -1.314000000000000040e-06
-1.699999999999999956e+00 -2.402000000000000042e-06
-1.649999999999999911e+00 -3.338000000000000059e-06
-1.600000000000000089e+00 -3.928000000000000339e-06
-1.550000000000000044e+00 -4.221999999999999557e-06
-1.500000000000000000e+00 -4.215999999999999953e-06
-1.449999999999999956e+00 -3.907999999999999683e-06
-1.399999999999999911e+00 -3.199999999999999855e-06
-1.350000000000000089e+00 -2.315999999999999933e-06
-1.300000000000000044e+00 -1.399999999999999937e-06
-1.250000000000000000e+00 -3.040000000000000222e-07
-1.199999999999999956e+00 7.880000000000001210e-07
-1.149999999999999911e+00 1.926000000000000279e-06
-1.100000000000000089e+00 2.874000000000000351e-06
-1.050000000000000044e+00 3.767999999999999753e-06
-1.000000000000000000e+00 4.383999999999999869e-06
-9.499999999999999556e-01 4.675999999999999784e-06
-9.000000000000000222e-01 4.736000000000000057e-06
-8.499999999999999778e-01 4.499999999999999267e-06
-8.000000000000000444e-01 3.907999999999999683e-06
-7.500000000000000000e-01 3.136000000000000553e-06
-6.999999999999999556e-01 2.140000000000000263e-06
-6.500000000000000222e-01 9.760000000000000575e-07
-5.999999999999999778e-01 -5.600000000000000514e-08
-5.500000000000000444e-01 -1.095999999999999967e-06
-5.000000000000000000e-01 -1.963999999999999746e-06
-4.500000000000000111e-01 -2.787999999999999819e-06
-4.000000000000000222e-01 -3.289999999999999841e-06
-3.499999999999999778e-01 -3.498000000000000221e-06
-2.999999999999999889e-01 -3.609999999999999741e-06
-2.500000000000000000e-01 -3.397999999999999484e-06
-2.000000000000000111e-01 -2.891999999999999585e-06
-1.499999999999999944e-01 -2.205999999999999716e-06
-1.000000000000000056e-01 -1.275999999999999938e-06
-5.000000000000000278e-02 -3.959999999999999990e-07
0.000000000000000000e+00 5.999999999999999728e-07
5.000000000000000278e-02 1.673999999999999981e-06
1.000000000000000056e-01 2.550000000000000149e-06
1.499999999999999944e-01 3.313999999999999950e-06
2.000000000000000111e-01 3.841999999999999807e-06
2.500000000000000000e-01 4.064000000000000392e-06
2.999999999999999889e-01 4.227999999999999161e-06
3.499999999999999778e-01 4.153999999999999530e-06
4.000000000000000222e-01 3.652000000000000356e-06
4.500000000000000111e-01 3.088000000000000335e-06
5.000000000000000000e-01 2.222000000000000071e-06
5.500000000000000444e-01 1.292000000000000081e-06
5.999999999999999778e-01 2.419999999999999700e-07
6.500000000000000222e-01 -7.400000000000000089e-07
6.999999999999999556e-01 -1.635999999999999879e-06
7.500000000000000000e-01 -2.459999999999999740e-06
8.000000000000000444e-01 -3.067999999999999679e-06
8.499999999999999778e-01 -3.445999999999999702e-06
9.000000000000000222e-01 -3.588000000000000206e-06
9.499999999999999556e-01 -3.391999999999999880e-06
1.000000000000000000e+00 -3.075999999999999857e-06
1.050000000000000044e+00 -2.520000000000000437e-06
1.100000000000000089e+00 -1.751999999999999912e-06
1.149999999999999911e+00 -8.219999999999999226e-07
1.199999999999999956e+00 2.340000000000000042e-07
1.250000000000000000e+00 1.297999999999999897e-06
1.300000000000000044e+00 2.234000000000000125e-06
1.350000000000000089e+00 3.056000000000000048e-06
1.399999999999999911e+00 3.636000000000000424e-06
1.449999999999999956e+00 4.048000000000000037e-06
1.500000000000000000e+00 4.275999999999999379e-06
1.550000000000000044e+00 4.153999999999999530e-06
1.600000000000000089e+00 3.885999999999999725e-06
1.649999999999999911e+00 3.350000000000000113e-06
1.699999999999999956e+00 2.611999999999999725e-06
1.750000000000000000e+00 1.691999999999999640e-06
1.800000000000000044e+00 6.099999999999999830e-07
1.850000000000000089e+00 -4.500000000000000326e-07
1.899999999999999911e+00 -1.447999999999999943e-06
1.949999999999999956e+00 -2.408000000000000069e-06
2.000000000000000000e+00 -3.160000000000000238e-06
2.049999999999999822e+00 -3.611999999999999892e-06
2.100000000000000089e+00 -3.912000000000000831e-06
2.149999999999999911e+00 -3.747999999999999945e-06
2.200000000000000178e+00 -3.327999999999999307e-06
2.250000000000000000e+00 -2.628000000000000080e-06
2.299999999999999822e+00 -1.633999999999999941e-06
2.350000000000000089e+00 -4.239999999999999850e-07
2.399999999999999911e+00 1.001999999999999893e-06
2.450000000000000178e+00 2.231999999999999975e-06
2.500000000000000000e+00 3.462000000000000481e-06
2.549999999999999822e+00 4.476000000000000005e-06
2.600000000000000089e+00 5.112000000000000353e-06
2.649999999999999911e+00 5.407999999999999721e-06
2.700000000000000178e+00 5.254000000000000010e-06
2.750000000000000000e+00 4.758000000000000016e-06
2.799999999999999822e+00 4.077999999999999750e-06
2.850000000000000089e+00 3.016000000000000008e-06
2.899999999999999911e+00 1.737999999999999919e-06
2.950000000000000178e+00 3.899999999999999718e-07
3.000000000000000000e+00 -1.094000000000000029e-06
3.049999999999999822e+00 -2.504000000000000082e-06
3.100000000000000089e+00 -3.686000000000000369e-06
3.149999999999999911e+00 -4.700000000000000740e-06
3.200000000000000178e+00 -5.325999999999999490e-06
3.250000000000000000e+00 -5.443999999999999885e-06
3.299999999999999822e+00 -5.212000000000000243e-06
3.350000000000000089e+00 -4.497999999999999964e-06
3.399999999999999911e+00 -3.570000000000000124e-06
3.450000000000000178e+00 -2.353999999999999400e-06
3.500000000000000000e+00 -8.679999999999999904e-07
3.549999999999999822e+00 5.419999999999999564e-07
3.600000000000000089e+00 2.112000000000000277e-06
3.649999999999999911e+00 3.588000000000000206e-06
3.700000000000000178e+00 4.805999999999999387e-06
3.750000000000000000e+00 5.730000000000001043e-06
3.799999999999999822e+00 6.292000000000000067e-06
3.850000000000000089e+00 6.503999999999999053e-06
3.899999999999999911e+00 6.171999999999999522e-06
3.950000000000000178e+00 5.546000000000000772e-06
4.000000000000000000e+00 4.463999999999999950e-06
4.049999999999999822e+00 3.090000000000000061e-06
4.099999999999999645e+00 1.562000000000000037e-06
4.150000000000000355e+00 -5.400000000000000047e-08
4.200000000000000178e+00 -1.690000000000000125e-06
4.250000000000000000e+00 -3.074000000000000130e-06
4.299999999999999822e+00 -4.311999999999999542e-06
4.349999999999999645e+00 -5.081999999999999793e-06
4.400000000000000355e+00 -5.417999999999999626e-06
4.450000000000000178e+00 -5.294000000000000474e-06
4.500000000000000000e+00 -4.878000000000000561e-06
4.549999999999999822e+00 -4.103999999999999162e-06
4.599999999999999645e+00 -3.063999999999999802e-06
4.650000000000000355e+00 -1.829999999999999843e-06
4.700000000000000178e+00 -6.279999999999999589e-07
4.750000000000000000e+00 8.479999999999999701e-07
4.799999999999999822e+00 2.139999999999999840e-06
4.849999999999999645e+00 3.330000000000000305e-06
4.900000000000000355e+00 4.308000000000000089e-06
4.950000000000000178e+00 5.166000000000000175e-06
5.000000000000000000e+00 5.630000000000000306e-06
