-5.999999999999999778e-01 -1.724000000000000138e-06
-5.500000000000000444e-01 -2.163999999999999525e-06
-5.000000000000000000e-01 -2.224000000000000221e-06
-4.500000000000000111e-01 -2.241999999999999879e-06
-4.000000000000000222e-01 -2.012000000000000388e-06
-3.499999999999999778e-01 -1.710000000000000145e-06
-2.999999999999999889e-01 -1.525999999999999874e-06
-2.500000000000000000e-01 -1.308000000000000013e-06
-2.000000000000000111e-01 -1.153999999999999878e-06
-1.499999999999999944e-01 -1.080000000000000036e-06
-1.000000000000000056e-01 -9.079999999999999250e-07
-5.000000000000000278e-02 -8.139999999999999568e-07
0.000000000000000000e+00 -6.820000000000000983e-07
5.000000000000000278e-02 -6.780000000000000096e-07
1.000000000000000056e-01 -5.739999999999999253e-07
1.499999999999999944e-01 -8.780000000000001064e-07
2.000000000000000111e-01 -1.092000000000000090e-06
2.500000000000000000e-01 -1.418000000000000230e-06
2.999999999999999889e-01 -1.934000000000000033e-06
3.499999999999999778e-01 -2.324000000000000111e-06
4.000000000000000222e-01 -2.595999999999999794e-06
4.500000000000000111e-01 -2.712000000000000038e-06
5.000000000000000000e-01 -2.482000000000000123e-06
5.500000000000000444e-01 -2.011999999999999964e-06
5.999999999999999778e-01 -1.295999999999999958e-06
