-5.000000000000000000e+00 4.496000000000000661e-06
-4.950000000000000178e+00 5.993999999999999701e-06
-4.900000000000000355e+00 7.166000000000000508e-06
-4.849999999999999645e+00 7.852000000000000377e-06
-4.799999999999999822e+00 8.074000000000000962e-06
-4.750000000000000000e+00 8.251999999999998242e-06
-4.700000000000000178e+00 8.030000000000001045e-06
-4.650000000000000355e+00 7.169999999999999114e-06
-4.599999999999999645e+00 6.212000000000000833e-06
-4.549999999999999822e+00 4.921999999999999631e-06
-4.500000000000000000e+00 3.278000000000000210e-06
-4.450000000000000178e+00 1.450000000000000093e-06
-4.400000000000000355e+00 -1.619999999999999683e-07
-4.349999999999999645e+00 -1.884000000000000300e-06
-4.299999999999999822e+00 -3.182000000000000197e-06
-4.250000000000000000e+00 -4.337999999999999802e-06
-4.200000000000000178e+00 -5.082000000000000640e-06
-4.150000000000000355e+00 -5.780000000000000564e-06
-4.099999999999999645e+00 -5.845999999999999594e-06
-4.049999999999999822e+00 -5.878000000000000304e-06
-4.000000000000000000e+00 -5.540000000000000321e-06
-3.950000000000000178e+00 -5.080000000000000490e-06
-3.899999999999999911e+00 -4.389999999999999473e-06
-3.850000000000000089e+00 -3.376000000000000372e-06
-3.799999999999999822e+00 -2.191999999999999935e-06
-3.750000000000000000e+00 -1.119999999999999865e-06
-3.700000000000000178e+00 -4.000000000000000084e-08
-3.649999999999999911e+00 1.161999999999999844e-06
-3.600000000000000089e+00 2.053999999999999731e-06
-3.549999999999999822e+00 2.864000000000000446e-06
-3.500000000000000000e+00 3.217999999999999937e-06
-3.450000000000000178e+00 3.328000000000000154e-06
-3.399999999999999911e+00 3.117999999999999624e-06
-3.350000000000000089e+00 2.898000000000000036e-06
-3.299999999999999822e+00 2.415999999999999823e-06
-3.250000000000000000e+00 1.487999999999999983e-06
-3.200000000000000178e+00 7.339999999999999816e-07
-3.149999999999999911e+00 -3.200000000000000199e-08
-3.100000000000000089e+00 -5.719999999999999868e-07
-3.049999999999999822e+00 -1.090000000000000152e-06
-3.000000000000000000e+00 -1.457999999999999847e-06
-2.950000000000000178e+00 -1.525999999999999874e-06
-2.899999999999999911e+00 -1.151999999999999939e-06
-2.850000000000000089e+00 -8.619999999999998572e-07
-2.799999999999999822e+00 -3.079999999999999522e-07
-2.750000000000000000e+00 4.060000000000000092e-07
-2.700000000000000178e+00 1.274000000000000000e-06
-2.649999999999999911e+00 2.150000000000000167e-06
-2.600000000000000089e+00 3.020000000000000308e-06
-2.549999999999999822e+00 3.880000000000000968e-06
-2.500000000000000000e+00 4.516000000000000469e-06
-2.450000000000000178e+00 4.961999999999999248e-06
-2.399999999999999911e+00 5.159999999999999724e-06
-2.350000000000000089e+00 4.966000000000000396e-06
-2.299999999999999822e+00 4.517999999999999772e-06
-2.250000000000000000e+00 3.827999999999999602e-06
-2.200000000000000178e+00 3.040000000000000117e-06
-2.149999999999999911e+00 2.150000000000000167e-06
-2.100000000000000089e+00 9.680000000000000917e-07
-2.049999999999999822e+00 -4.359999999999999866e-07
-2.000000000000000000e+00 -1.701999999999999967e-06
-1.949999999999999956e+00 -2.917999999999999845e-06
-1.899999999999999911e+00 -4.185999999999999393e-06
-1.850000000000000089e+00 -5.318000000000000583e-06
-1.800000000000000044e+00 -5.886000000000000058e-06
-1.750000000000000000e+00 -6.593999999999999886e-06
-1.699999999999999956e+00 -6.528000000000000010e-06
-1.649999999999999911e+00 -6.044000000000000070e-06
-1.600000000000000089e+00 -5.336000000000000241e-06
-1.550000000000000044e+00 -4.255999999999999570e-06
-1.500000000000000000e+00 -2.952000000000000281e-06
-1.449999999999999956e+00 -1.469999999999999902e-06
-1.399999999999999911e+00 -3.339999999999999997e-07
-1.350000000000000089e+00 9.719999999999997570e-07
-1.300000000000000044e+00 2.058000000000000032e-06
-1.250000000000000000e+00 2.892000000000000009e-06
-1.199999999999999956e+00 3.550000000000000316e-06
-1.149999999999999911e+00 4.330000000000000048e-06
-1.100000000000000089e+00 5.003999999999999862e-06
-1.050000000000000044e+00 5.483999999999999502e-06
-1.000000000000000000e+00 5.740000000000000100e-06
-9.499999999999999556e-01 5.865999999999999402e-06
-9.000000000000000222e-01 5.599999999999999747e-06
-8.499999999999999778e-01 5.043999999999999480e-06
-8.000000000000000444e-01 4.230000000000000158e-06
-7.500000000000000000e-01 3.250000000000000224e-06
-6.999999999999999556e-01 2.252000000000000207e-06
-6.500000000000000222e-01 1.318000000000000129e-06
-5.999999999999999778e-01 2.819999999999999576e-07
-5.500000000000000444e-01 -3.919999999999999632e-07
-5.000000000000000000e-01 -9.239999999999999624e-07
-4.500000000000000111e-01 -1.303999999999999924e-06
-4.000000000000000222e-01 -1.459999999999999997e-06
-3.499999999999999778e-01 -1.446000000000000004e-06
-2.999999999999999889e-01 -1.552000000000000133e-06
-2.500000000000000000e-01 -1.578000000000000181e-06
-2.000000000000000111e-01 -1.716000000000000172e-06
-1.499999999999999944e-01 -1.863999999999999856e-06
-1.000000000000000056e-01 -2.052000000000000428e-06
-5.000000000000000278e-02 -2.052000000000000005e-06
0.000000000000000000e+00 -2.160000000000000072e-06
5.000000000000000278e-02 -2.054000000000000155e-06
1.000000000000000056e-01 -1.881999999999999938e-06
1.499999999999999944e-01 -1.676000000000000132e-06
2.000000000000000111e-01 -1.411999999999999991e-06
2.500000000000000000e-01 -1.187999999999999891e-06
2.999999999999999889e-01 -1.117999999999999714e-06
3.499999999999999778e-01 -1.088000000000000002e-06
4.000000000000000222e-01 -9.699999999999998185e-07
4.500000000000000111e-01 -8.960000000000000823e-07
5.000000000000000000e-01 -6.379999999999999690e-07
5.500000000000000444e-01 -3.759999999999999788e-07
5.999999999999999778e-01 3.399999999999999343e-08
6.500000000000000222e-01 5.840000000000000413e-07
6.999999999999999556e-01 1.184000000000000014e-06
7.500000000000000000e-01 1.891999999999999842e-06
8.000000000000000444e-01 2.647999999999999889e-06
8.499999999999999778e-01 3.475999999999999838e-06
9.000000000000000222e-01 4.193999999999999147e-06
9.499999999999999556e-01 4.867999999999999809e-06
1.000000000000000000e+00 5.164000000000000025e-06
1.050000000000000044e+00 5.327999999999999640e-06
1.100000000000000089e+00 5.192000000000000434e-06
1.149999999999999911e+00 4.745999999999999961e-06
1.199999999999999956e+00 3.894000000000000326e-06
1.250000000000000000e+00 3.031999999999999939e-06
1.300000000000000044e+00 1.862000000000000130e-06
1.350000000000000089e+00 6.540000000000000064e-07
1.399999999999999911e+00 -7.400000000000000089e-07
1.449999999999999956e+00 -2.112000000000000277e-06
1.500000000000000000e+00 -3.394000000000000454e-06
1.550000000000000044e+00 -4.558000000000000236e-06
1.600000000000000089e+00 -5.446000000000000035e-06
1.649999999999999911e+00 -5.992000000000000398e-06
1.699999999999999956e+00 -5.978000000000000193e-06
1.750000000000000000e+00 -5.771999999999999963e-06
1.800000000000000044e+00 -4.734000000000000754e-06
1.850000000000000089e+00 -3.459999999999999907e-06
1.899999999999999911e+00 -1.862000000000000130e-06
1.949999999999999956e+00 -3.119999999999999880e-07
2.000000000000000000e+00 1.464000000000000086e-06
2.049999999999999822e+00 2.827999999999999859e-06
2.100000000000000089e+00 4.140000000000000173e-06
2.149999999999999911e+00 5.371999999999999558e-06
2.200000000000000178e+00 6.278000000000000709e-06
2.250000000000000000e+00 6.928000000000000415e-06
2.299999999999999822e+00 7.296000000000000957e-06
2.350000000000000089e+00 6.990000000000000838e-06
2.399999999999999911e+00 6.185999999999999726e-06
2.450000000000000178e+00 4.954000000000000341e-06
2.500000000000000000e+00 3.284000000000000237e-06
2.549999999999999822e+00 1.246000000000000013e-06
2.600000000000000089e+00 -1.235999999999999897e-06
2.649999999999999911e+00 -3.452000000000000153e-06
2.700000000000000178e+00 -5.433999999999999981e-06
2.750000000000000000e+00 -7.255999999999999646e-06
2.799999999999999822e+00 -8.422000000000000002e-06
2.850000000000000089e+00 -8.776000000000002034e-06
2.899999999999999911e+00 -8.498000000000000630e-06
2.950000000000000178e+00 -7.904000000000000896e-06
3.000000000000000000e+00 -6.523999999999998862e-06
3.049999999999999822e+00 -4.850000000000000151e-06
3.100000000000000089e+00 -2.938000000000000077e-06
3.149999999999999911e+00 -6.860000000000000812e-07
3.200000000000000178e+00 1.508000000000000216e-06
3.250000000000000000e+00 3.860000000000000312e-06
3.299999999999999822e+00 6.327999999999999383e-06
3.350000000000000089e+00 8.199999999999999417e-06
3.399999999999999911e+00 1.004199999999999974e-05
3.450000000000000178e+00 1.129199999999999963e-05
3.500000000000000000e+00 1.199000000000000040e-05
3.549999999999999822e+00 1.204400000000000022e-05
3.600000000000000089e+00 1.131799999999999904e-05
3.649999999999999911e+00 9.703999999999998909e-06
3.700000000000000178e+00 7.741999999999999736e-06
3.750000000000000000e+00 4.804000000000000083e-06
3.799999999999999822e+00 2.009999999999999814e-06
3.850000000000000089e+00 -6.679999999999999994e-07
3.899999999999999911e+00 -3.345999999999999389e-06
3.950000000000000178e+00 -5.922000000000000221e-06
4.000000000000000000e+00 -8.263999999999999143e-06
4.049999999999999822e+00 -9.938000000000000395e-06
4.099999999999999645e+00 -1.118799999999999859e-05
4.150000000000000355e+00 -1.173199999999999880e-05
4.200000000000000178e+00 -1.165200000000000126e-05
4.250000000000000000e+00 -1.109000000000000055e-05
4.299999999999999822e+00 -9.836000000000000355e-06
4.349999999999999645e+00 -8.397999999999999893e-06
4.400000000000000355e+00 -6.280000000000000859e-06
4.450000000000000178e+00 -4.143999999999999626e-06
4.500000000000000000e+00 -1.752000000000000124e-06
4.549999999999999822e+00 5.680000000000000039e-07
4.599999999999999645e+00 2.991999999999999898e-06
4.650000000000000355e+00 5.251999999999999013e-06
4.700000000000000178e+00 7.042000000000000509e-06
4.750000000000000000e+00 8.464000000000000616e-06
4.799999999999999822e+00 9.410000000000001385e-06
4.849999999999999645e+00 9.882000000000001270e-06
4.900000000000000355e+00 9.759999999999998034e-06
4.950000000000000178e+00 9.603999999999999866e-06
5.000000000000000000e+00 8.804000000000000749e-06
