-50.00000000	-0.00000530	0.00000060
-49.95000000	-0.00000685	0.00000089
-49.90000000	-0.00000817	-0.00000012
-49.85000000	-0.00000495	0.00000161
-49.80000000	-0.00000429	-0.00000155
-49.75000000	-0.00000477	-0.00000095
-49.70000000	-0.00000787	0.00000042
-49.65000000	-0.00001055	-0.00000095
-49.60000000	-0.00000679	0.00000226
-49.55000000	-0.00000709	0.00000089
-49.50000000	-0.00000620	0.00000083
-49.45000000	-0.00000644	-0.00000048
-49.40000000	-0.00000674	-0.00000244
-49.35000000	-0.00000614	-0.00000012
-49.30000000	-0.00000596	0.00000119
-49.25000000	-0.00000352	0.00000077
-49.20000000	-0.00000429	0.00000036
-49.15000000	-0.00000328	0.00000137
-49.10000000	-0.00000358	0.00000173
-49.05000000	-0.00000459	0.00000060
-49.00000000	-0.00000405	0.00000083
-48.95000000	-0.00000292	0.00000018
-48.90000000	-0.00000268	-0.00000197
-48.85000000	-0.00000209	-0.00000149
-48.80000000	-0.00000310	-0.00000042
-48.75000000	-0.00000077	0.00000072
-48.70000000	-0.00000191	0.00000149
-48.65000000	-0.00000125	0.00000060
-48.60000000	-0.00000054	0.00000131
-48.55000000	0.00000000	0.00000107
-48.50000000	-0.00000036	-0.00000083
-48.45000000	-0.00000077	-0.00000042
-48.40000000	-0.00000042	0.00000209
-48.35000000	-0.00000137	-0.00000048
-48.30000000	-0.00000226	0.00000036
-48.25000000	-0.00000274	0.00000048
-48.20000000	-0.00000399	0.00000095
-48.15000000	-0.00000387	0.00000030
-48.10000000	-0.00000757	0.00000161
-48.05000000	-0.00000685	0.00000036
-48.00000000	-0.00000459	0.00000268
-47.95000000	-0.00000614	0.00000083
-47.90000000	-0.00000614	0.00000024
-47.85000000	-0.00000602	0.00000042
-47.80000000	-0.00000596	0.00000113
-47.75000000	-0.00000691	0.00000066
-47.70000000	-0.00000483	0.00000012
-47.65000000	-0.00000864	0.00000000
-47.60000000	-0.00000566	0.00000107
-47.55000000	-0.00000662	-0.00000036
-47.50000000	-0.00000709	0.00000077
-47.45000000	-0.00000441	-0.00000024
-47.40000000	-0.00000584	0.00000197
-47.35000000	-0.00000632	-0.00000137
-47.30000000	-0.00000530	0.00000012
-47.25000000	-0.00000358	0.00000000
-47.20000000	-0.00000530	-0.00000203
-47.15000000	-0.00000238	0.00000018
-47.10000000	-0.00000429	-0.00000072
-47.05000000	-0.00000256	0.00000185
-47.00000000	-0.00000083	-0.00000054
-46.95000000	-0.00000191	-0.00000066
-46.90000000	-0.00000185	0.00000185
-46.85000000	-0.00000209	0.00000066
-46.80000000	-0.00000095	0.00000083
-46.75000000	0.00000000	0.00000143
-46.70000000	0.00000000	0.00000018
-46.65000000	0.00000024	0.00000185
-46.60000000	0.00000000	-0.00000066
-46.55000000	0.00000095	-0.00000113
-46.50000000	-0.00000066	0.00000030
-46.45000000	-0.00000191	-0.00000131
-46.40000000	-0.00000131	0.00000048
-46.35000000	-0.00000149	0.00000066
-46.30000000	-0.00000209	-0.00000018
-46.25000000	-0.00000280	0.00000000
-46.20000000	-0.00000316	0.00000060
-46.15000000	-0.00000292	0.00000006
-46.10000000	-0.00000387	0.00000060
-46.05000000	-0.00000310	0.00000036
-46.00000000	-0.00000435	-0.00000083
-45.95000000	-0.00000590	0.00000018
-45.90000000	-0.00000471	-0.00000030
-45.85000000	-0.00000608	-0.00000066
-45.80000000	-0.00000495	0.00000000
-45.75000000	-0.00000691	-0.00000125
-45.70000000	-0.00000626	-0.00000131
-45.65000000	-0.00000548	-0.00000042
-45.60000000	-0.00000495	0.00000101
-45.55000000	-0.00000471	0.00000077
-45.50000000	-0.00000507	-0.00000083
-45.45000000	-0.00000447	0.00000089
-45.40000000	-0.00000519	0.00000042
-45.35000000	-0.00000381	-0.00000125
-45.30000000	-0.00000513	-0.00000030
-45.25000000	-0.00000405	0.00000006
-45.20000000	-0.00000304	-0.00000042
-45.15000000	-0.00000274	0.00000036
-45.10000000	-0.00000358	-0.00000018
-45.05000000	-0.00000238	0.00000012
-45.00000000	-0.00000298	-0.00000036
-44.95000000	-0.00000161	0.00000018
-44.90000000	-0.00000268	0.00000000
-44.85000000	-0.00000173	-0.00000042
-44.80000000	-0.00000298	-0.00000048
-44.75000000	-0.00000066	0.00000131
-44.70000000	-0.00000185	-0.00000012
-44.65000000	-0.00000107	-0.00000054
-44.60000000	0.00000006	-0.00000024
-44.55000000	-0.00000232	0.00000000
-44.50000000	-0.00000149	0.00000113
-44.45000000	-0.00000101	0.00000042
-44.40000000	-0.00000209	-0.00000054
-44.35000000	-0.00000250	-0.00000024
-44.30000000	-0.00000250	-0.00000024
-44.25000000	-0.00000310	-0.00000012
-44.20000000	-0.00000393	-0.00000024
-44.15000000	-0.00000501	0.00000060
-44.10000000	-0.00000387	0.00000012
-44.05000000	-0.00000447	-0.00000054
-44.00000000	-0.00000477	-0.00000083
-43.95000000	-0.00000232	-0.00000048
-43.90000000	-0.00000477	0.00000101
-43.85000000	-0.00000381	-0.00000048
-43.80000000	-0.00000614	0.00000000
-43.75000000	-0.00000387	0.00000042
-43.70000000	-0.00000340	0.00000030
-43.65000000	-0.00000316	-0.00000054
-43.60000000	-0.00000310	0.00000012
-43.55000000	-0.00000191	0.00000012
-43.50000000	-0.00000334	0.00000042
-43.45000000	-0.00000465	0.00000066
-43.40000000	-0.00000572	-0.00000036
-43.35000000	-0.00000864	0.00000000
-43.30000000	-0.00001341	-0.00000083
-43.25000000	-0.00002289	-0.00000006
-43.20000000	-0.00002682	0.00000089
-43.15000000	-0.00003183	0.00000012
-43.10000000	-0.00003511	0.00000131
-43.05000000	-0.00003475	0.00000095
-43.00000000	-0.00003082	0.00000119
-42.95000000	-0.00002462	0.00000185
-42.90000000	-0.00001550	0.00000072
-42.85000000	-0.00000328	0.00000048
-42.80000000	0.00000542	0.00000048
-42.75000000	0.00001711	0.00000042
-42.70000000	0.00002563	-0.00000036
-42.65000000	0.00003135	0.00000155
-42.60000000	0.00003767	-0.00000072
-42.55000000	0.00003958	0.00000054
-42.50000000	0.00004178	-0.00000066
-42.45000000	0.00004345	-0.00000054
-42.40000000	0.00004298	-0.00000095
-42.35000000	0.00004029	-0.00000185
-42.30000000	0.00003839	0.00000018
-42.25000000	0.00003332	-0.00000143
-42.20000000	0.00002706	-0.00000006
-42.15000000	0.00001806	-0.00000107
-42.10000000	0.00000739	-0.00000030
-42.05000000	-0.00000405	-0.00000012
-42.00000000	-0.00001574	0.00000024
-41.95000000	-0.00002933	0.00000060
-41.90000000	-0.00003988	0.00000006
-41.85000000	-0.00005037	-0.00000066
-41.80000000	-0.00006068	0.00000095
-41.75000000	-0.00006628	0.00000125
-41.70000000	-0.00006878	0.00000060
-41.65000000	-0.00006861	0.00000018
-41.60000000	-0.00006557	0.00000012
-41.55000000	-0.00006002	-0.00000042
-41.50000000	-0.00005376	0.00000048
-41.45000000	-0.00004423	0.00000012
-41.40000000	-0.00003517	-0.00000066
-41.35000000	-0.00002784	-0.00000101
-41.30000000	-0.00001937	0.00000107
-41.25000000	-0.00001228	0.00000083
-41.20000000	-0.00000608	-0.00000072
-41.15000000	-0.00000137	0.00000006
-41.10000000	0.00000584	-0.00000161
-41.05000000	0.00001150	-0.00000036
-41.00000000	0.00001913	-0.00000054
-40.95000000	0.00002825	0.00000042
-40.90000000	0.00003672	0.00000012
-40.85000000	0.00004768	0.00000012
-40.80000000	0.00005507	0.00000167
-40.75000000	0.00006098	-0.00000060
-40.70000000	0.00006324	-0.00000167
-40.65000000	0.00006372	-0.00000072
-40.60000000	0.00005746	-0.00000030
-40.55000000	0.00005072	-0.00000131
-40.50000000	0.00004226	-0.00000179
-40.45000000	0.00003654	-0.00000185
-40.40000000	0.00002855	-0.00000066
-40.35000000	0.00002253	0.00000048
-40.30000000	0.00001746	0.00000060
-40.25000000	0.00000900	-0.00000018
-40.20000000	0.00000268	-0.00000066
-40.15000000	-0.00000566	-0.00000024
-40.10000000	-0.00001442	-0.00000107
-40.05000000	-0.00002825	-0.00000077
-40.00000000	-0.00004071	-0.00000137
-39.95000000	-0.00005031	-0.00000072
-39.90000000	-0.00005984	0.00000089
-39.85000000	-0.00007087	0.00000042
-39.80000000	-0.00007892	-0.00000066
-39.75000000	-0.00008130	0.00000042
-39.70000000	-0.00008196	-0.00000161
-39.65000000	-0.00007719	0.00000018
-39.60000000	-0.00006789	0.00000197
-39.55000000	-0.00005877	0.00000232
-39.50000000	-0.00004709	0.00000119
-39.45000000	-0.00003725	0.00000221
-39.40000000	-0.00002569	0.00000119
-39.35000000	-0.00001764	0.00000083
-39.30000000	-0.00000751	0.00000125
-39.25000000	-0.00000244	0.00000018
-39.20000000	0.00000364	-0.00000036
-39.15000000	0.00001031	0.00000012
-39.10000000	0.00002038	0.00000119
-39.05000000	0.00003201	0.00000131
-39.00000000	0.00004315	-0.00000101
-38.95000000	0.00005257	-0.00000113
-38.90000000	0.00006098	0.00000024
-38.85000000	0.00007027	0.00000143
-38.80000000	0.00007135	-0.00000012
-38.75000000	0.00007272	0.00000113
-38.70000000	0.00006682	0.00000000
-38.65000000	0.00005800	0.00000072
-38.60000000	0.00005043	-0.00000119
-38.55000000	0.00003833	0.00000042
-38.50000000	0.00002581	-0.00000012
-38.45000000	0.00001746	-0.00000119
-38.40000000	0.00000554	-0.00000072
-38.35000000	0.00000191	0.00000066
-38.30000000	-0.00000465	-0.00000095
-38.25000000	-0.00001276	-0.00000095
-38.20000000	-0.00001836	-0.00000036
-38.15000000	-0.00002384	-0.00000155
-38.10000000	-0.00003314	-0.00000030
-38.05000000	-0.00004125	-0.00000042
-38.00000000	-0.00005060	-0.00000119
-37.95000000	-0.00005656	0.00000089
-37.90000000	-0.00006247	0.00000077
-37.85000000	-0.00006664	0.00000125
-37.80000000	-0.00006896	0.00000006
-37.75000000	-0.00006622	-0.00000095
-37.70000000	-0.00006360	0.00000060
-37.65000000	-0.00005668	0.00000101
-37.60000000	-0.00004607	0.00000018
-37.55000000	-0.00003803	0.00000113
-37.50000000	-0.00002790	-0.00000125
-37.45000000	-0.00002253	0.00000006
-37.40000000	-0.00001186	0.00000077
-37.35000000	-0.00000393	-0.00000012
-37.30000000	-0.00000107	-0.00000143
-37.25000000	0.00000572	0.00000095
-37.20000000	0.00001329	-0.00000125
-37.15000000	0.00001681	-0.00000107
-37.10000000	0.00002384	0.00000161
-37.05000000	0.00003284	-0.00000083
-37.00000000	0.00004047	-0.00000030
-36.95000000	0.00004911	-0.00000036
-36.90000000	0.00005662	-0.00000006
-36.85000000	0.00006533	-0.00000066
-36.80000000	0.00006336	-0.00000250
-36.75000000	0.00005758	-0.00000107
-36.70000000	0.00005478	-0.00000250
-36.65000000	0.00004441	-0.00000048
-36.60000000	0.00003278	-0.00000060
-36.55000000	0.00002229	-0.00000155
-36.50000000	0.00001222	0.00000077
-36.45000000	0.00000370	0.00000006
-36.40000000	-0.00000155	0.00000012
-36.35000000	-0.00000912	-0.00000060
-36.30000000	-0.00001067	-0.00000012
-36.25000000	-0.00001740	-0.00000083
-36.20000000	-0.00002110	-0.00000030
-36.15000000	-0.00002706	-0.00000018
-36.10000000	-0.00003386	0.00000048
-36.05000000	-0.00004226	0.00000286
-36.00000000	-0.00005323	0.00000286
-35.95000000	-0.00005686	0.00000006
-35.90000000	-0.00006253	0.00000328
-35.85000000	-0.00006408	0.00000197
-35.80000000	-0.00006348	0.00000399
-35.75000000	-0.00006098	0.00000101
-35.70000000	-0.00005639	0.00000173
-35.65000000	-0.00004709	0.00000268
-35.60000000	-0.00003982	-0.00000077
-35.55000000	-0.00003213	0.00000185
-35.50000000	-0.00002265	-0.00000167
-35.45000000	-0.00001335	0.00000167
-35.40000000	-0.00000811	0.00000018
-35.35000000	-0.00000161	-0.00000244
-35.30000000	0.00000554	-0.00000119
-35.25000000	0.00001103	-0.00000250
-35.20000000	0.00002021	0.00000161
-35.15000000	0.00002605	-0.00000101
-35.10000000	0.00003505	-0.00000191
-35.05000000	0.00004399	-0.00000125
-35.00000000	0.00004983	-0.00000447
-34.95000000	0.00005466	-0.00000167
-34.90000000	0.00005895	-0.00000077
-34.85000000	0.00005889	-0.00000077
-34.80000000	0.00005698	-0.00000185
-34.75000000	0.00005084	-0.00000018
-34.70000000	0.00004643	-0.00000232
-34.65000000	0.00003618	0.00000119
-34.60000000	0.00002843	0.00000000
-34.55000000	0.00001556	0.00000048
-34.50000000	0.00000638	0.00000012
-34.45000000	-0.00000584	0.00000149
-34.40000000	-0.00000942	-0.00000042
-34.35000000	-0.00001705	0.00000036
-34.30000000	-0.00002307	0.00000000
-34.25000000	-0.00002569	0.00000030
-34.20000000	-0.00003332	-0.00000101
-34.15000000	-0.00003904	0.00000215
-34.10000000	-0.00004452	0.00000006
-34.05000000	-0.00004840	-0.00000077
-34.00000000	-0.00005394	0.00000161
-33.95000000	-0.00005895	0.00000018
-33.90000000	-0.00006098	0.00000125
-33.85000000	-0.00006008	0.00000042
-33.80000000	-0.00005901	0.00000232
-33.75000000	-0.00005496	0.00000155
-33.70000000	-0.00004870	0.00000221
-33.65000000	-0.00004131	0.00000048
-33.60000000	-0.00003487	-0.00000066
-33.55000000	-0.00002718	-0.00000179
-33.50000000	-0.00001735	0.00000042
-33.45000000	-0.00000614	0.00000018
-33.40000000	0.00000066	0.00000042
-33.35000000	0.00000781	-0.00000036
-33.30000000	0.00001609	-0.00000232
-33.25000000	0.00002313	0.00000012
-33.20000000	0.00003094	-0.00000155
-33.15000000	0.00003809	0.00000066
-33.10000000	0.00004476	-0.00000060
-33.05000000	0.00005227	0.00000101
-33.00000000	0.00005615	0.00000042
-32.95000000	0.00006032	-0.00000072
-32.90000000	0.00006318	0.00000012
-32.85000000	0.00006062	-0.00000101
-32.80000000	0.00005454	-0.00000095
-32.75000000	0.00004989	0.00000209
-32.70000000	0.00004149	0.00000042
-32.65000000	0.00003034	-0.00000024
-32.60000000	0.00001931	-0.00000095
-32.55000000	0.00000995	0.00000304
-32.50000000	-0.00000232	-0.00000024
-32.45000000	-0.00001073	-0.00000131
-32.40000000	-0.00002354	-0.00000006
-32.35000000	-0.00002944	0.00000191
-32.30000000	-0.00003642	-0.00000060
-32.25000000	-0.00003785	0.00000101
-32.20000000	-0.00004399	0.00000012
-32.15000000	-0.00004822	0.00000030
-32.10000000	-0.00005412	-0.00000185
-32.05000000	-0.00005555	0.00000125
-32.00000000	-0.00005901	0.00000060
-31.95000000	-0.00005585	-0.00000018
-31.90000000	-0.00005454	-0.00000101
-31.85000000	-0.00005245	-0.00000137
-31.80000000	-0.00004727	-0.00000054
-31.75000000	-0.00004029	-0.00000119
-31.70000000	-0.00003529	-0.00000036
-31.65000000	-0.00003022	-0.00000072
-31.60000000	-0.00002557	-0.00000048
-31.55000000	-0.00001848	-0.00000048
-31.50000000	-0.00001174	-0.00000131
-31.45000000	-0.00000447	-0.00000036
-31.40000000	0.00000125	0.00000119
-31.35000000	0.00000829	0.00000155
-31.30000000	0.00001705	-0.00000119
-31.25000000	0.00002480	-0.00000083
-31.20000000	0.00003433	-0.00000036
-31.15000000	0.00004095	0.00000101
-31.10000000	0.00004423	0.00000125
-31.05000000	0.00005096	-0.00000024
-31.00000000	0.00005478	-0.00000060
-30.95000000	0.00005639	-0.00000036
-30.90000000	0.00005692	-0.00000304
-30.85000000	0.00005370	-0.00000185
-30.80000000	0.00004917	0.00000042
-30.75000000	0.00004548	0.00000125
-30.70000000	0.00003618	-0.00000072
-30.65000000	0.00002533	-0.00000024
-30.60000000	0.00001848	0.00000298
-30.55000000	0.00000793	0.00000036
-30.50000000	0.00000113	-0.00000054
-30.45000000	-0.00000572	0.00000089
-30.40000000	-0.00001144	-0.00000262
-30.35000000	-0.00002271	-0.00000095
-30.30000000	-0.00003219	0.00000066
-30.25000000	-0.00003535	0.00000083
-30.20000000	-0.00004458	0.00000417
-30.15000000	-0.00005108	0.00000030
-30.10000000	-0.00005800	0.00000286
-30.05000000	-0.00005972	0.00000006
-30.00000000	-0.00006270	-0.00000215
-29.95000000	-0.00006360	0.00000077
-29.90000000	-0.00006241	0.00000185
-29.85000000	-0.00005752	0.00000209
-29.80000000	-0.00005049	0.00000030
-29.75000000	-0.00004590	0.00000244
-29.70000000	-0.00004011	-0.00000018
-29.65000000	-0.00003171	0.00000060
-29.60000000	-0.00002897	-0.00000018
-29.55000000	-0.00001979	-0.00000191
-29.50000000	-0.00001150	0.00000000
-29.45000000	-0.00000668	0.00000131
-29.40000000	0.00000721	0.00000125
-29.35000000	0.00001407	0.00000060
-29.30000000	0.00002736	0.00000226
-29.25000000	0.00003493	0.00000411
-29.20000000	0.00004482	-0.00000221
-29.15000000	0.00005496	-0.00000191
-29.10000000	0.00006044	0.00000060
-29.05000000	0.00006229	-0.00000137
-29.00000000	0.00006026	-0.00000012
-28.95000000	0.00005913	-0.00000095
-28.90000000	0.00005460	0.00000066
-28.85000000	0.00005156	0.00000101
-28.80000000	0.00004655	0.00000036
-28.75000000	0.00003862	0.00000012
-28.70000000	0.00003082	0.00000203
-28.65000000	0.00002491	-0.00000209
-28.60000000	0.00001699	-0.00000161
-28.55000000	0.00000775	0.00000030
-28.50000000	-0.00000095	-0.00000107
-28.45000000	-0.00000948	0.00000137
-28.40000000	-0.00001979	0.00000072
-28.35000000	-0.00003111	0.00000066
-28.30000000	-0.00004250	-0.00000167
-28.25000000	-0.00005370	0.00000048
-28.20000000	-0.00006032	-0.00000077
-28.15000000	-0.00006706	-0.00000030
-28.10000000	-0.00007093	0.00000089
-28.05000000	-0.00007355	-0.00000018
-28.00000000	-0.00007260	-0.00000167
-27.95000000	-0.00007176	-0.00000012
-27.90000000	-0.00006914	-0.00000095
-27.85000000	-0.00006139	-0.00000072
-27.80000000	-0.00005388	0.00000089
-27.75000000	-0.00004500	0.00000107
-27.70000000	-0.00003678	-0.00000030
-27.65000000	-0.00002378	0.00000077
-27.60000000	-0.00001335	-0.00000042
-27.55000000	-0.00000131	-0.00000137
-27.50000000	0.00000912	0.00000089
-27.45000000	0.00002205	0.00000054
-27.40000000	0.00003082	0.00000060
-27.35000000	0.00003999	-0.00000125
-27.30000000	0.00004917	0.00000077
-27.25000000	0.00005686	0.00000024
-27.20000000	0.00006372	-0.00000185
-27.15000000	0.00006706	0.00000113
-27.10000000	0.00006717	-0.00000048
-27.05000000	0.00006908	-0.00000042
-27.00000000	0.00006485	-0.00000125
-26.95000000	0.00005829	0.00000030
-26.90000000	0.00005198	-0.00000089
-26.85000000	0.00004601	-0.00000060
-26.80000000	0.00003415	0.00000060
-26.75000000	0.00002408	-0.00000167
-26.70000000	0.00001448	-0.00000066
-26.65000000	0.00000447	-0.00000113
-26.60000000	-0.00000781	-0.00000179
-26.55000000	-0.00001997	-0.00000107
-26.50000000	-0.00002801	-0.00000185
-26.45000000	-0.00003600	-0.00000155
-26.40000000	-0.00004584	0.00000101
-26.35000000	-0.00005472	-0.00000238
-26.30000000	-0.00006312	0.00000137
-26.25000000	-0.00006682	0.00000060
-26.20000000	-0.00007194	0.00000036
-26.15000000	-0.00007683	0.00000072
-26.10000000	-0.00007504	0.00000232
-26.05000000	-0.00007242	0.00000077
-26.00000000	-0.00006682	0.00000042
-25.95000000	-0.00005913	0.00000018
-25.90000000	-0.00004870	0.00000125
-25.85000000	-0.00004149	0.00000131
-25.80000000	-0.00003135	0.00000101
-25.75000000	-0.00002199	0.00000113
-25.70000000	-0.00001109	0.00000018
-25.65000000	-0.00000364	-0.00000060
-25.60000000	0.00000751	0.00000119
-25.55000000	0.00001645	0.00000089
-25.50000000	0.00002766	-0.00000060
-25.45000000	0.00003797	-0.00000066
-25.40000000	0.00004601	0.00000006
-25.35000000	0.00005311	0.00000060
-25.30000000	0.00005913	-0.00000054
-25.25000000	0.00006241	0.00000060
-25.20000000	0.00006408	0.00000054
-25.15000000	0.00006360	-0.00000054
-25.10000000	0.00005859	0.00000006
-25.05000000	0.00005364	0.00000113
-25.00000000	0.00004679	-0.00000077
-24.95000000	0.00003910	-0.00000209
-24.90000000	0.00002962	-0.00000185
-24.85000000	0.00002378	0.00000167
-24.80000000	0.00001204	-0.00000012
-24.75000000	0.00000566	0.00000060
-24.70000000	-0.00000405	0.00000006
-24.65000000	-0.00001687	-0.00000012
-24.60000000	-0.00002414	0.00000072
-24.55000000	-0.00003547	-0.00000179
-24.50000000	-0.00004363	-0.00000060
-24.45000000	-0.00005394	0.00000000
-24.40000000	-0.00005734	0.00000191
-24.35000000	-0.00006068	-0.00000048
-24.30000000	-0.00006133	-0.00000072
-24.25000000	-0.00006473	0.00000137
-24.20000000	-0.00006455	-0.00000012
-24.15000000	-0.00006032	0.00000155
-24.10000000	-0.00006020	0.00000179
-24.05000000	-0.00005454	0.00000173
-24.00000000	-0.00004643	0.00000000
-23.95000000	-0.00004172	0.00000066
-23.90000000	-0.00003105	0.00000119
-23.85000000	-0.00002176	0.00000095
-23.80000000	-0.00001490	0.00000149
-23.75000000	-0.00000626	-0.00000024
-23.70000000	0.00000429	0.00000066
-23.65000000	0.00001299	0.00000060
-23.60000000	0.00002569	0.00000095
-23.55000000	0.00003111	0.00000072
-23.50000000	0.00004095	-0.00000066
-23.45000000	0.00004560	-0.00000030
-23.40000000	0.00005084	0.00000083
-23.35000000	0.00005507	-0.00000131
-23.30000000	0.00005662	-0.00000119
-23.25000000	0.00005728	0.00000107
-23.20000000	0.00005776	-0.00000101
-23.15000000	0.00005329	-0.00000131
-23.10000000	0.00004804	-0.00000137
-23.05000000	0.00004309	-0.00000042
-23.00000000	0.00003225	-0.00000012
-22.95000000	0.00002486	-0.00000137
-22.90000000	0.00001574	0.00000125
-22.85000000	0.00000650	-0.00000072
-22.80000000	-0.00000387	0.00000030
-22.75000000	-0.00001466	0.00000000
-22.70000000	-0.00002468	0.00000268
-22.65000000	-0.00003147	0.00000066
-22.60000000	-0.00004065	-0.00000077
-22.55000000	-0.00004709	-0.00000125
-22.50000000	-0.00005311	0.00000083
-22.45000000	-0.00005645	0.00000077
-22.40000000	-0.00005877	-0.00000149
-22.35000000	-0.00005865	0.00000095
-22.30000000	-0.00006193	0.00000083
-22.25000000	-0.00005978	-0.00000030
-22.20000000	-0.00005639	0.00000089
-22.15000000	-0.00005412	-0.00000036
-22.10000000	-0.00004947	0.00000042
-22.05000000	-0.00004226	0.00000226
-22.00000000	-0.00003481	0.00000155
-21.95000000	-0.00002414	0.00000000
-21.90000000	-0.00001723	-0.00000036
-21.85000000	-0.00000519	0.00000155
-21.80000000	0.00000525	0.00000048
-21.75000000	0.00001657	0.00000101
-21.70000000	0.00002539	-0.00000018
-21.65000000	0.00003415	-0.00000083
-21.60000000	0.00004292	-0.00000077
-21.55000000	0.00004959	-0.00000101
-21.50000000	0.00005245	-0.00000316
-21.45000000	0.00005549	-0.00000161
-21.40000000	0.00005817	-0.00000286
-21.35000000	0.00005776	-0.00000161
-21.30000000	0.00005305	-0.00000238
-21.25000000	0.00005192	-0.00000036
-21.20000000	0.00004524	0.00000101
-21.15000000	0.00003922	-0.00000250
-21.10000000	0.00002849	-0.00000006
-21.05000000	0.00002021	0.00000060
-21.00000000	0.00000840	0.00000131
-20.95000000	-0.00000018	0.00000179
-20.90000000	-0.00000805	-0.00000143
-20.85000000	-0.00001752	0.00000012
-20.80000000	-0.00002557	-0.00000244
-20.75000000	-0.00002891	0.00000286
-20.70000000	-0.00003159	0.00000191
-20.65000000	-0.00003624	0.00000143
-20.60000000	-0.00004149	0.00000012
-20.55000000	-0.00004369	0.00000012
-20.50000000	-0.00004673	-0.00000036
-20.45000000	-0.00004828	0.00000149
-20.40000000	-0.00005281	-0.00000024
-20.35000000	-0.00005752	-0.00000197
-20.30000000	-0.00006104	0.00000072
-20.25000000	-0.00006062	0.00000209
-20.20000000	-0.00006086	-0.00000042
-20.15000000	-0.00005734	0.00000226
-20.10000000	-0.00005108	-0.00000107
-20.05000000	-0.00004554	0.00000089
-20.00000000	-0.00003934	0.00000125
-19.95000000	-0.00002891	-0.00000179
-19.90000000	-0.00001752	-0.00000131
-19.85000000	-0.00000882	0.00000036
-19.80000000	0.00000352	0.00000191
-19.75000000	0.00001585	0.00000048
-19.70000000	0.00002772	0.00000107
-19.65000000	0.00003696	0.00000107
-19.60000000	0.00004941	0.00000203
-19.55000000	0.00005627	-0.00000173
-19.50000000	0.00006563	0.00000125
-19.45000000	0.00007302	-0.00000238
-19.40000000	0.00007498	-0.00000334
-19.35000000	0.00008154	0.00000000
-19.30000000	0.00008100	-0.00000012
-19.25000000	0.00007719	-0.00000185
-19.20000000	0.00007236	0.00000066
-19.15000000	0.00005966	0.00000167
-19.10000000	0.00004810	-0.00000119
-19.05000000	0.00003380	0.00000089
-19.00000000	0.00001830	0.00000042
-18.95000000	0.00000376	0.00000083
-18.90000000	-0.00001162	-0.00000232
-18.85000000	-0.00002480	0.00000018
-18.80000000	-0.00003660	0.00000244
-18.75000000	-0.00004739	0.00000066
-18.70000000	-0.00005877	0.00000131
-18.65000000	-0.00006199	0.00000167
-18.60000000	-0.00006998	-0.00000006
-18.55000000	-0.00007236	-0.00000006
-18.50000000	-0.00007612	0.00000173
-18.45000000	-0.00007898	0.00000000
-18.40000000	-0.00007886	-0.00000077
-18.35000000	-0.00008261	-0.00000101
-18.30000000	-0.00007618	0.00000209
-18.25000000	-0.00007421	0.00000125
-18.20000000	-0.00006408	0.00000113
-18.15000000	-0.00005162	-0.00000083
-18.10000000	-0.00003868	0.00000161
-18.05000000	-0.00002676	-0.00000155
-18.00000000	-0.00001824	-0.00000238
-17.95000000	-0.00000423	-0.00000215
-17.90000000	0.00000793	0.00000072
-17.85000000	0.00001609	0.00000089
-17.80000000	0.00002712	0.00000042
-17.75000000	0.00003934	-0.00000101
-17.70000000	0.00004721	0.00000226
-17.65000000	0.00005364	-0.00000095
-17.60000000	0.00006342	0.00000113
-17.55000000	0.00006861	-0.00000107
-17.50000000	0.00007236	-0.00000197
-17.45000000	0.00007659	0.00000018
-17.40000000	0.00007534	0.00000036
-17.35000000	0.00007463	-0.00000066
-17.30000000	0.00007135	0.00000036
-17.25000000	0.00006223	-0.00000107
-17.20000000	0.00005418	0.00000072
-17.15000000	0.00003946	0.00000161
-17.10000000	0.00002861	0.00000036
-17.05000000	0.00000888	-0.00000089
-17.00000000	-0.00000685	-0.00000155
-16.95000000	-0.00001657	-0.00000018
-16.90000000	-0.00002885	-0.00000048
-16.85000000	-0.00004029	0.00000119
-16.80000000	-0.00004393	-0.00000179
-16.75000000	-0.00005341	-0.00000012
-16.70000000	-0.00006068	-0.00000024
-16.65000000	-0.00006425	0.00000060
-16.60000000	-0.00006890	-0.00000042
-16.55000000	-0.00007618	0.00000238
-16.50000000	-0.00007832	0.00000000
-16.45000000	-0.00007540	0.00000149
-16.40000000	-0.00007993	-0.00000077
-16.35000000	-0.00007570	-0.00000030
-16.30000000	-0.00007087	0.00000268
-16.25000000	-0.00006127	0.00000000
-16.20000000	-0.00004941	0.00000185
-16.15000000	-0.00003672	-0.00000089
-16.10000000	-0.00002235	-0.00000209
-16.05000000	-0.00001103	-0.00000024
-16.00000000	0.00000173	-0.00000012
-15.95000000	0.00001657	0.00000131
-15.90000000	0.00002176	0.00000304
-15.85000000	0.00003350	-0.00000048
-15.80000000	0.00003958	-0.00000083
-15.75000000	0.00004637	-0.00000119
-15.70000000	0.00005341	-0.00000054
-15.65000000	0.00005829	-0.00000209
-15.60000000	0.00006378	0.00000185
-15.55000000	0.00006604	-0.00000167
-15.50000000	0.00006753	-0.00000292
-15.45000000	0.00006551	-0.00000381
-15.40000000	0.00006574	0.00000095
-15.35000000	0.00006115	-0.00000209
-15.30000000	0.00005209	-0.00000137
-15.25000000	0.00003856	0.00000298
-15.20000000	0.00002879	-0.00000328
-15.15000000	0.00001699	-0.00000042
-15.10000000	0.00000435	0.00000173
-15.05000000	-0.00000578	0.00000149
-15.00000000	-0.00001597	-0.00000119
-14.95000000	-0.00002599	0.00000036
-14.90000000	-0.00003290	-0.00000137
-14.85000000	-0.00004137	-0.00000125
-14.80000000	-0.00004697	0.00000155
-14.75000000	-0.00005341	0.00000364
-14.70000000	-0.00005722	0.00000036
-14.65000000	-0.00006294	-0.00000161
-14.60000000	-0.00006604	-0.00000018
-14.55000000	-0.00007027	0.00000012
-14.50000000	-0.00007206	-0.00000048
-14.45000000	-0.00006735	-0.00000006
-14.40000000	-0.00007010	-0.00000048
-14.35000000	-0.00006312	0.00000250
-14.30000000	-0.00005561	-0.00000077
-14.25000000	-0.00004679	0.00000173
-14.20000000	-0.00003088	0.00000340
-14.15000000	-0.00001800	0.00000125
-14.10000000	-0.00000703	-0.00000030
-14.05000000	0.00000316	0.00000066
-14.00000000	0.00001794	-0.00000095
-13.95000000	0.00002569	-0.00000042
-13.90000000	0.00003427	-0.00000048
-13.85000000	0.00003982	-0.00000095
-13.80000000	0.00004685	-0.00000060
-13.75000000	0.00005162	-0.00000185
-13.70000000	0.00005281	-0.00000244
-13.65000000	0.00005579	-0.00000054
-13.60000000	0.00005883	0.00000006
-13.55000000	0.00005895	0.00000006
-13.50000000	0.00005561	0.00000000
-13.45000000	0.00005347	-0.00000304
-13.40000000	0.00005108	-0.00000018
-13.35000000	0.00004423	0.00000042
-13.30000000	0.00003535	-0.00000083
-13.25000000	0.00002706	-0.00000119
-13.20000000	0.00001735	0.00000048
-13.15000000	0.00000316	-0.00000215
-13.10000000	-0.00001144	0.00000030
-13.05000000	-0.00001866	-0.00000131
-13.00000000	-0.00002784	0.00000042
-12.95000000	-0.00003594	-0.00000030
-12.90000000	-0.00004101	-0.00000238
-12.85000000	-0.00004840	-0.00000125
-12.80000000	-0.00005299	0.00000298
-12.75000000	-0.00005716	0.00000173
-12.70000000	-0.00005871	-0.00000149
-12.65000000	-0.00006187	0.00000262
-12.60000000	-0.00006396	0.00000054
-12.55000000	-0.00006443	0.00000191
-12.50000000	-0.00006568	0.00000191
-12.45000000	-0.00006080	-0.00000232
-12.40000000	-0.00005591	-0.00000054
-12.35000000	-0.00004745	0.00000107
-12.30000000	-0.00003922	-0.00000089
-12.25000000	-0.00003123	0.00000197
-12.20000000	-0.00002146	-0.00000197
-12.15000000	-0.00001031	-0.00000119
-12.10000000	0.00000536	-0.00000012
-12.05000000	0.00001693	0.00000179
-12.00000000	0.00002563	0.00000018
-11.95000000	0.00003374	0.00000000
-11.90000000	0.00004262	0.00000113
-11.85000000	0.00004613	-0.00000083
-11.80000000	0.00004864	-0.00000179
-11.75000000	0.00005251	-0.00000083
-11.70000000	0.00005448	0.00000012
-11.65000000	0.00005347	-0.00000185
-11.60000000	0.00005639	-0.00000167
-11.55000000	0.00005412	-0.00000095
-11.50000000	0.00004804	-0.00000203
-11.45000000	0.00004303	-0.00000226
-11.40000000	0.00004089	0.00000000
-11.35000000	0.00002986	-0.00000083
-11.30000000	0.00002176	0.00000173
-11.25000000	0.00001270	-0.00000125
-11.20000000	0.00000161	0.00000000
-11.15000000	-0.00000662	-0.00000119
-11.10000000	-0.00001782	0.00000185
-11.05000000	-0.00002611	0.00000197
-11.00000000	-0.00003010	-0.00000066
-10.95000000	-0.00004107	-0.00000030
-10.90000000	-0.00004762	0.00000185
-10.85000000	-0.00005209	-0.00000012
-10.80000000	-0.00005609	-0.00000060
-10.75000000	-0.00005668	-0.00000012
-10.70000000	-0.00005972	-0.00000048
-10.65000000	-0.00006032	-0.00000018
-10.60000000	-0.00006163	-0.00000077
-10.55000000	-0.00006104	-0.00000083
-10.50000000	-0.00005639	0.00000036
-10.45000000	-0.00005519	0.00000066
-10.40000000	-0.00004923	0.00000137
-10.35000000	-0.00004041	-0.00000024
-10.30000000	-0.00003320	0.00000137
-10.25000000	-0.00002068	0.00000107
-10.20000000	-0.00000602	0.00000101
-10.15000000	0.00000215	0.00000161
-10.10000000	0.00001216	-0.00000238
-10.05000000	0.00002414	0.00000036
-10.00000000	0.00003171	0.00000072
-9.95000000	0.00004178	-0.00000048
-9.90000000	0.00004619	-0.00000268
-9.85000000	0.00005382	-0.00000143
-9.80000000	0.00005388	0.00000036
-9.75000000	0.00005496	-0.00000304
-9.70000000	0.00005806	0.00000077
-9.65000000	0.00006014	-0.00000191
-9.60000000	0.00005674	-0.00000018
-9.55000000	0.00005806	-0.00000161
-9.50000000	0.00005347	-0.00000143
-9.45000000	0.00005031	0.00000054
-9.40000000	0.00004280	-0.00000143
-9.35000000	0.00003201	-0.00000185
-9.30000000	0.00002509	-0.00000066
-9.25000000	0.00001317	-0.00000024
-9.20000000	-0.00000381	0.00000012
-9.15000000	-0.00001585	-0.00000226
-9.10000000	-0.00002915	-0.00000072
-9.05000000	-0.00004125	0.00000042
-9.00000000	-0.00005221	0.00000244
-8.95000000	-0.00006026	0.00000101
-8.90000000	-0.00006717	0.00000077
-8.85000000	-0.00007308	0.00000268
-8.80000000	-0.00008005	0.00000256
-8.75000000	-0.00008035	-0.00000203
-8.70000000	-0.00008303	0.00000226
-8.65000000	-0.00008172	0.00000197
-8.60000000	-0.00007838	0.00000161
-8.55000000	-0.00007623	0.00000137
-8.50000000	-0.00006521	0.00000066
-8.45000000	-0.00005662	0.00000185
-8.40000000	-0.00004423	0.00000215
-8.35000000	-0.00003022	0.00000238
-8.30000000	-0.00001395	0.00000018
-8.25000000	0.00000322	-0.00000030
-8.20000000	0.00002033	-0.00000083
-8.15000000	0.00003409	0.00000042
-8.10000000	0.00004655	-0.00000054
-8.05000000	0.00006062	-0.00000226
-8.00000000	0.00006849	-0.00000006
-7.95000000	0.00007230	0.00000089
-7.90000000	0.00007647	-0.00000119
-7.85000000	0.00007737	0.00000143
-7.80000000	0.00007355	-0.00000101
-7.75000000	0.00007170	-0.00000072
-7.70000000	0.00006837	-0.00000358
-7.65000000	0.00006467	-0.00000167
-7.60000000	0.00005668	-0.00000256
-7.55000000	0.00005186	0.00000060
-7.50000000	0.00004190	0.00000286
-7.45000000	0.00003266	-0.00000048
-7.40000000	0.00002182	0.00000179
-7.35000000	0.00000703	0.00000024
-7.30000000	-0.00000268	-0.00000137
-7.25000000	-0.00001872	-0.00000042
-7.20000000	-0.00003201	-0.00000095
-7.15000000	-0.00004637	0.00000131
-7.10000000	-0.00005794	-0.00000209
-7.05000000	-0.00007004	-0.00000042
-7.00000000	-0.00007540	-0.00000012
-6.95000000	-0.00008172	0.00000286
-6.90000000	-0.00008273	0.00000095
-6.85000000	-0.00008684	0.00000042
-6.80000000	-0.00008655	-0.00000125
-6.75000000	-0.00008726	-0.00000066
-6.70000000	-0.00008088	-0.00000328
-6.65000000	-0.00007767	-0.00000018
-6.60000000	-0.00006998	-0.00000018
-6.55000000	-0.00005931	-0.00000066
-6.50000000	-0.00005031	0.00000012
-6.45000000	-0.00003660	0.00000060
-6.40000000	-0.00002271	-0.00000018
-6.35000000	-0.00000834	-0.00000143
-6.30000000	0.00000978	-0.00000018
-6.25000000	0.00002497	-0.00000077
-6.20000000	0.00003701	-0.00000203
-6.15000000	0.00005096	0.00000030
-6.10000000	0.00006098	-0.00000012
-6.05000000	0.00007308	-0.00000310
-6.00000000	0.00007862	0.00000066
-5.95000000	0.00008237	-0.00000066
-5.90000000	0.00008392	-0.00000012
-5.85000000	0.00008410	0.00000066
-5.80000000	0.00008005	-0.00000095
-5.75000000	0.00007743	0.00000066
-5.70000000	0.00007004	0.00000036
-5.65000000	0.00006354	0.00000042
-5.60000000	0.00005436	-0.00000101
-5.55000000	0.00004506	0.00000030
-5.50000000	0.00003296	-0.00000012
-5.45000000	0.00002158	0.00000209
-5.40000000	0.00000620	0.00000113
-5.35000000	-0.00000739	0.00000203
-5.30000000	-0.00002342	0.00000089
-5.25000000	-0.00004500	0.00000048
-5.20000000	-0.00005722	-0.00000030
-5.15000000	-0.00006962	0.00000161
-5.10000000	-0.00008136	0.00000238
-5.05000000	-0.00009006	0.00000066
-5.00000000	-0.00009757	0.00000089
-4.95000000	-0.00009525	0.00000101
-4.90000000	-0.00009352	0.00000012
-4.85000000	-0.00009221	0.00000226
-4.80000000	-0.00008768	-0.00000030
-4.75000000	-0.00008071	-0.00000042
-4.70000000	-0.00007188	0.00000107
-4.65000000	-0.00006163	-0.00000042
-4.60000000	-0.00004894	0.00000042
-4.55000000	-0.00004274	0.00000101
-4.50000000	-0.00002694	-0.00000298
-4.45000000	-0.00001526	-0.00000304
-4.40000000	0.00000226	-0.00000250
-4.35000000	0.00001621	0.00000328
-4.30000000	0.00003004	-0.00000072
-4.25000000	0.00004607	-0.00000149
-4.20000000	0.00006014	0.00000232
-4.15000000	0.00006956	0.00000095
-4.10000000	0.00008035	-0.00000167
-4.05000000	0.00008524	0.00000048
-4.00000000	0.00008702	-0.00000131
-3.95000000	0.00008637	-0.00000161
-3.90000000	0.00008333	-0.00000113
-3.85000000	0.00008148	0.00000119
-3.80000000	0.00007165	-0.00000024
-3.75000000	0.00006616	0.00000012
-3.70000000	0.00005597	-0.00000155
-3.65000000	0.00004423	0.00000018
-3.60000000	0.00003225	-0.00000137
-3.55000000	0.00002277	-0.00000101
-3.50000000	0.00001097	0.00000107
-3.45000000	-0.00000548	0.00000006
-3.40000000	-0.00002050	0.00000036
-3.35000000	-0.00003392	0.00000018
-3.30000000	-0.00004894	0.00000006
-3.25000000	-0.00006396	0.00000048
-3.20000000	-0.00007540	0.00000155
-3.15000000	-0.00008678	-0.00000107
-3.10000000	-0.00009275	0.00000036
-3.05000000	-0.00009567	0.00000036
-3.00000000	-0.00009567	-0.00000012
-2.95000000	-0.00009280	0.00000077
-2.90000000	-0.00008607	0.00000018
-2.85000000	-0.00008088	-0.00000042
-2.80000000	-0.00007135	0.00000167
-2.75000000	-0.00006336	0.00000101
-2.70000000	-0.00005442	0.00000018
-2.65000000	-0.00004047	0.00000012
-2.60000000	-0.00002855	-0.00000125
-2.55000000	-0.00001591	0.00000042
-2.50000000	-0.00000149	0.00000000
-2.45000000	0.00001019	0.00000006
-2.40000000	0.00002199	-0.00000077
-2.35000000	0.00003529	-0.00000256
-2.30000000	0.00004941	0.00000018
-2.25000000	0.00006467	-0.00000060
-2.20000000	0.00007033	-0.00000072
-2.15000000	0.00007761	0.00000030
-2.10000000	0.00008339	0.00000012
-2.05000000	0.00008857	-0.00000197
-2.00000000	0.00008398	-0.00000072
-1.95000000	0.00008023	-0.00000191
-1.90000000	0.00007582	-0.00000048
-1.85000000	0.00006551	-0.00000250
-1.80000000	0.00005406	0.00000101
-1.75000000	0.00004554	-0.00000155
-1.70000000	0.00003296	0.00000060
-1.65000000	0.00002420	0.00000072
-1.60000000	0.00001049	0.00000125
-1.55000000	-0.00000226	0.00000012
-1.50000000	-0.00001794	0.00000113
-1.45000000	-0.00003159	0.00000143
-1.40000000	-0.00004327	-0.00000262
-1.35000000	-0.00005549	-0.00000066
-1.30000000	-0.00006825	0.00000048
-1.25000000	-0.00007808	0.00000268
-1.20000000	-0.00008440	0.00000370
-1.15000000	-0.00009191	0.00000089
-1.10000000	-0.00009084	-0.00000018
-1.05000000	-0.00009102	0.00000286
-1.00000000	-0.00008822	-0.00000244
-0.95000000	-0.00008345	0.00000048
-0.90000000	-0.00007248	0.00000113
-0.85000000	-0.00006175	-0.00000107
-0.80000000	-0.00005317	0.00000137
-0.75000000	-0.00004160	-0.00000107
-0.70000000	-0.00002640	0.00000012
-0.65000000	-0.00001454	-0.00000393
-0.60000000	-0.00000286	-0.00000083
-0.55000000	0.00001049	-0.00000268
-0.50000000	0.00002378	0.00000012
-0.45000000	0.00003630	-0.00000232
-0.40000000	0.00004745	-0.00000215
-0.35000000	0.00005603	-0.00000405
-0.30000000	0.00006545	0.00000191
-0.25000000	0.00007218	-0.00000101
-0.20000000	0.00007749	-0.00000381
-0.15000000	0.00008047	-0.00000006
-0.10000000	0.00007767	-0.00000376
-0.05000000	0.00007778	-0.00000137
0.00000000	0.00007176	-0.00000119
0.05000000	0.00006366	-0.00000024
0.10000000	0.00005555	0.00000203
0.15000000	0.00004393	-0.00000250
0.20000000	0.00003380	0.00000155
0.25000000	0.00002164	-0.00000012
0.30000000	0.00001001	0.00000125
0.35000000	-0.00000340	0.00000066
0.40000000	-0.00001693	-0.00000024
0.45000000	-0.00002682	-0.00000179
0.50000000	-0.00003570	-0.00000042
0.55000000	-0.00004941	0.00000221
0.60000000	-0.00005990	0.00000125
0.65000000	-0.00006717	0.00000149
0.70000000	-0.00007832	-0.00000268
0.75000000	-0.00008297	-0.00000072
0.80000000	-0.00008655	-0.00000006
0.85000000	-0.00008750	0.00000119
0.90000000	-0.00008732	0.00000000
0.95000000	-0.00008345	-0.00000018
1.00000000	-0.00007755	-0.00000066
1.05000000	-0.00006694	-0.00000060
1.10000000	-0.00005931	-0.00000101
1.15000000	-0.00004935	-0.00000006
1.20000000	-0.00003237	-0.00000048
1.25000000	-0.00002217	0.00000077
1.30000000	-0.00000924	-0.00000161
1.35000000	0.00000590	0.00000250
1.40000000	0.00001496	-0.00000012
1.45000000	0.00003052	-0.00000197
1.50000000	0.00004292	0.00000119
1.55000000	0.00005281	0.00000006
1.60000000	0.00006592	0.00000006
1.65000000	0.00007516	0.00000131
1.70000000	0.00007951	0.00000018
1.75000000	0.00008404	0.00000179
1.80000000	0.00008535	0.00000149
1.85000000	0.00008285	-0.00000167
1.90000000	0.00007618	-0.00000072
1.95000000	0.00007111	-0.00000119
2.00000000	0.00006270	-0.00000042
2.05000000	0.00005066	-0.00000328
2.10000000	0.00003552	0.00000000
2.15000000	0.00002491	0.00000042
2.20000000	0.00001055	0.00000036
2.25000000	-0.00000215	0.00000173
2.30000000	-0.00001651	0.00000101
2.35000000	-0.00003219	0.00000203
2.40000000	-0.00004286	0.00000036
2.45000000	-0.00005358	0.00000006
2.50000000	-0.00006634	-0.00000083
2.55000000	-0.00007266	-0.00000030
2.60000000	-0.00008369	0.00000018
2.65000000	-0.00008947	0.00000161
2.70000000	-0.00008935	0.00000083
2.75000000	-0.00009036	0.00000030
2.80000000	-0.00009000	-0.00000149
2.85000000	-0.00008583	0.00000012
2.90000000	-0.00007528	-0.00000161
2.95000000	-0.00006872	0.00000131
3.00000000	-0.00005525	-0.00000149
3.05000000	-0.00004458	-0.00000089
3.10000000	-0.00003153	0.00000274
3.15000000	-0.00001675	0.00000012
3.20000000	-0.00000423	0.00000000
3.25000000	0.00001085	0.00000125
3.30000000	0.00002009	-0.00000143
3.35000000	0.00003213	-0.00000083
3.40000000	0.00004011	-0.00000119
3.45000000	0.00005168	0.00000030
3.50000000	0.00006181	-0.00000012
3.55000000	0.00006896	0.00000209
3.60000000	0.00007772	0.00000310
3.65000000	0.00008106	-0.00000149
3.70000000	0.00008237	-0.00000072
3.75000000	0.00008118	-0.00000221
3.80000000	0.00007975	0.00000006
3.85000000	0.00007528	0.00000030
3.90000000	0.00006449	-0.00000238
3.95000000	0.00005281	-0.00000048
4.00000000	0.00004250	-0.00000149
4.05000000	0.00002956	0.00000107
4.10000000	0.00001562	-0.00000137
4.15000000	0.00000024	-0.00000048
4.20000000	-0.00000930	-0.00000077
4.25000000	-0.00002486	0.00000143
4.30000000	-0.00003457	0.00000036
4.35000000	-0.00005019	0.00000072
4.40000000	-0.00005782	-0.00000310
4.45000000	-0.00006974	0.00000131
4.50000000	-0.00007767	0.00000149
4.55000000	-0.00008422	0.00000119
4.60000000	-0.00008959	0.00000024
4.65000000	-0.00008726	0.00000089
4.70000000	-0.00008744	0.00000066
4.75000000	-0.00008583	0.00000083
4.80000000	-0.00008053	-0.00000054
4.85000000	-0.00007421	0.00000006
4.90000000	-0.00006402	0.00000072
4.95000000	-0.00004953	0.00000042
5.00000000	-0.00003976	0.00000095
5.05000000	-0.00002497	-0.00000030
5.10000000	-0.00001419	-0.00000185
5.15000000	0.00000101	0.00000024
5.20000000	0.00001341	-0.00000161
5.25000000	0.00002480	0.00000089
5.30000000	0.00003856	0.00000006
5.35000000	0.00004548	-0.00000137
5.40000000	0.00005573	-0.00000125
5.45000000	0.00006306	-0.00000048
5.50000000	0.00007010	0.00000018
5.55000000	0.00007111	-0.00000137
5.60000000	0.00007451	0.00000131
5.65000000	0.00007981	-0.00000101
5.70000000	0.00007683	0.00000048
5.75000000	0.00006920	-0.00000054
5.80000000	0.00006425	-0.00000083
5.85000000	0.00005686	-0.00000083
5.90000000	0.00004905	0.00000048
5.95000000	0.00003421	-0.00000161
6.00000000	0.00002283	0.00000072
6.05000000	0.00000894	-0.00000018
6.10000000	-0.00000465	-0.00000089
6.15000000	-0.00001383	-0.00000048
6.20000000	-0.00002658	-0.00000060
6.25000000	-0.00003475	0.00000006
6.30000000	-0.00004554	-0.00000131
6.35000000	-0.00005478	-0.00000018
6.40000000	-0.00006270	-0.00000012
6.45000000	-0.00006813	-0.00000024
6.50000000	-0.00007182	0.00000072
6.55000000	-0.00008011	0.00000066
6.60000000	-0.00007814	-0.00000012
6.65000000	-0.00007945	0.00000149
6.70000000	-0.00007421	0.00000000
6.75000000	-0.00007069	0.00000006
6.80000000	-0.00006807	0.00000232
6.85000000	-0.00005937	0.00000012
6.90000000	-0.00005150	0.00000101
6.95000000	-0.00003791	-0.00000101
7.00000000	-0.00002581	0.00000101
7.05000000	-0.00001776	-0.00000101
7.10000000	-0.00000507	-0.00000036
7.15000000	0.00000608	0.00000066
7.20000000	0.00001705	-0.00000036
7.25000000	0.00002724	-0.00000024
7.30000000	0.00003642	0.00000107
7.35000000	0.00004524	-0.00000089
7.40000000	0.00005645	0.00000048
7.45000000	0.00006110	-0.00000107
7.50000000	0.00006598	-0.00000107
7.55000000	0.00006765	-0.00000155
7.60000000	0.00006986	-0.00000185
7.65000000	0.00006706	0.00000018
7.70000000	0.00006408	0.00000012
7.75000000	0.00006115	-0.00000024
7.80000000	0.00005311	-0.00000066
7.85000000	0.00004590	-0.00000066
7.90000000	0.00003558	0.00000036
7.95000000	0.00002474	-0.00000107
8.00000000	0.00001317	-0.00000077
8.05000000	0.00000077	0.00000060
8.10000000	-0.00000840	0.00000215
8.15000000	-0.00002086	0.00000000
8.20000000	-0.00003278	-0.00000137
8.25000000	-0.00004089	-0.00000107
8.30000000	-0.00005156	0.00000018
8.35000000	-0.00005817	0.00000006
8.40000000	-0.00006366	-0.00000036
8.45000000	-0.00006735	0.00000125
8.50000000	-0.00007242	-0.00000179
8.55000000	-0.00007111	0.00000083
8.60000000	-0.00007045	-0.00000155
8.65000000	-0.00006837	-0.00000012
8.70000000	-0.00006455	-0.00000048
8.75000000	-0.00005782	0.00000030
8.80000000	-0.00005251	-0.00000042
8.85000000	-0.00004065	0.00000185
8.90000000	-0.00003314	0.00000125
8.95000000	-0.00002259	0.00000101
9.00000000	-0.00001061	-0.00000101
9.05000000	0.00000346	0.00000012
9.10000000	0.00001359	-0.00000083
9.15000000	0.00002432	-0.00000024
9.20000000	0.00003159	-0.00000280
9.25000000	0.00004184	-0.00000221
9.30000000	0.00004876	-0.00000179
9.35000000	0.00005609	0.00000060
9.40000000	0.00006038	-0.00000054
9.45000000	0.00006193	-0.00000089
9.50000000	0.00006288	-0.00000197
9.55000000	0.00006300	-0.00000024
9.60000000	0.00006235	0.00000173
9.65000000	0.00005865	-0.00000066
9.70000000	0.00005269	-0.00000066
9.75000000	0.00004643	-0.00000012
9.80000000	0.00003904	-0.00000066
9.85000000	0.00002664	-0.00000149
9.90000000	0.00001627	0.00000101
9.95000000	0.00000620	0.00000042
10.00000000	-0.00000966	-0.00000095
10.05000000	-0.00002003	0.00000036
10.10000000	-0.00002944	-0.00000042
10.15000000	-0.00003868	0.00000161
10.20000000	-0.00004697	0.00000173
10.25000000	-0.00005758	-0.00000083
10.30000000	-0.00006175	0.00000149
10.35000000	-0.00006765	0.00000006
10.40000000	-0.00007182	-0.00000006
10.45000000	-0.00007260	0.00000161
10.50000000	-0.00007278	-0.00000191
10.55000000	-0.00007141	0.00000036
10.60000000	-0.00006414	0.00000191
10.65000000	-0.00006098	-0.00000030
10.70000000	-0.00005358	0.00000191
10.75000000	-0.00004149	0.00000054
10.80000000	-0.00003415	0.00000042
10.85000000	-0.00002372	0.00000018
10.90000000	-0.00001144	0.00000125
10.95000000	-0.00000173	-0.00000095
11.00000000	0.00000983	0.00000072
11.05000000	0.00002033	0.00000095
11.10000000	0.00003129	0.00000107
11.15000000	0.00003958	-0.00000113
11.20000000	0.00004601	-0.00000030
11.25000000	0.00005174	0.00000232
11.30000000	0.00005877	-0.00000042
11.35000000	0.00005955	-0.00000024
11.40000000	0.00006098	0.00000000
11.45000000	0.00005662	-0.00000066
11.50000000	0.00005668	-0.00000292
11.55000000	0.00005502	-0.00000095
11.60000000	0.00004792	-0.00000352
11.65000000	0.00004226	-0.00000036
11.70000000	0.00003308	-0.00000048
11.75000000	0.00002062	0.00000060
11.80000000	0.00001329	-0.00000042
11.85000000	0.00000155	0.00000060
11.90000000	-0.00000924	-0.00000036
11.95000000	-0.00002438	0.00000185
12.00000000	-0.00003445	0.00000268
12.05000000	-0.00004244	0.00000006
12.10000000	-0.00005227	-0.00000095
12.15000000	-0.00005770	0.00000077
12.20000000	-0.00006390	0.00000197
12.25000000	-0.00006807	0.00000209
12.30000000	-0.00006849	-0.00000095
12.35000000	-0.00006837	0.00000072
12.40000000	-0.00007141	0.00000089
12.45000000	-0.00006497	-0.00000060
12.50000000	-0.00006175	-0.00000095
12.55000000	-0.00005668	0.00000089
12.60000000	-0.00004816	-0.00000125
12.65000000	-0.00004065	0.00000018
12.70000000	-0.00002968	-0.00000203
12.75000000	-0.00001901	0.00000101
12.80000000	-0.00000739	0.00000221
12.85000000	0.00000376	-0.00000089
12.90000000	0.00001735	-0.00000113
12.95000000	0.00002503	0.00000077
13.00000000	0.00003660	0.00000203
13.05000000	0.00004309	-0.00000077
13.10000000	0.00004685	0.00000155
13.15000000	0.00005341	-0.00000221
13.20000000	0.00005519	0.00000018
13.25000000	0.00005847	-0.00000149
13.30000000	0.00005925	-0.00000042
13.35000000	0.00005651	0.00000226
13.40000000	0.00005603	0.00000095
13.45000000	0.00005227	-0.00000131
13.50000000	0.00004661	-0.00000054
13.55000000	0.00004160	0.00000316
13.60000000	0.00003195	0.00000125
13.65000000	0.00002325	0.00000316
13.70000000	0.00001413	-0.00000101
13.75000000	0.00000656	0.00000054
13.80000000	-0.00000721	-0.00000054
13.85000000	-0.00001472	0.00000018
13.90000000	-0.00002682	0.00000030
13.95000000	-0.00003314	0.00000000
14.00000000	-0.00004190	-0.00000077
14.05000000	-0.00004923	0.00000095
14.10000000	-0.00005621	-0.00000149
14.15000000	-0.00005835	0.00000089
14.20000000	-0.00006133	0.00000250
14.25000000	-0.00006312	0.00000244
14.30000000	-0.00006354	-0.00000018
14.35000000	-0.00006294	-0.00000185
14.40000000	-0.00005960	0.00000060
14.45000000	-0.00005561	0.00000256
14.50000000	-0.00005001	0.00000304
14.55000000	-0.00004214	0.00000185
14.60000000	-0.00003332	0.00000000
14.65000000	-0.00002134	-0.00000054
14.70000000	-0.00000972	-0.00000221
14.75000000	-0.00000179	0.00000125
14.80000000	0.00000912	0.00000024
14.85000000	0.00001973	-0.00000054
14.90000000	0.00002879	0.00000119
14.95000000	0.00003618	0.00000149
15.00000000	0.00004214	0.00000030
15.05000000	0.00004572	-0.00000358
15.10000000	0.00005007	0.00000060
15.15000000	0.00005353	-0.00000179
15.20000000	0.00005144	0.00000185
15.25000000	0.00005448	0.00000095
15.30000000	0.00005162	-0.00000125
15.35000000	0.00004876	0.00000012
15.40000000	0.00004566	-0.00000125
15.45000000	0.00003999	-0.00000250
15.50000000	0.00003326	0.00000179
15.55000000	0.00002581	-0.00000137
15.60000000	0.00001562	0.00000030
15.65000000	0.00000662	-0.00000161
15.70000000	-0.00000542	0.00000161
15.75000000	-0.00001788	-0.00000125
15.80000000	-0.00002414	0.00000077
15.85000000	-0.00003284	0.00000173
15.90000000	-0.00003958	0.00000006
15.95000000	-0.00004745	-0.00000131
16.00000000	-0.00005162	0.00000310
16.05000000	-0.00005513	-0.00000006
16.10000000	-0.00006098	0.00000024
16.15000000	-0.00006115	0.00000155
16.20000000	-0.00006068	-0.00000072
16.25000000	-0.00006175	-0.00000012
16.30000000	-0.00005901	0.00000149
16.35000000	-0.00005174	0.00000036
16.40000000	-0.00004822	0.00000137
16.45000000	-0.00004315	-0.00000066
16.50000000	-0.00003159	0.00000179
16.55000000	-0.00002557	0.00000000
16.60000000	-0.00001621	0.00000024
16.65000000	-0.00000578	0.00000006
16.70000000	0.00000507	-0.00000155
16.75000000	0.00001287	-0.00000191
16.80000000	0.00002223	-0.00000083
16.85000000	0.00003505	-0.00000054
16.90000000	0.00003630	-0.00000066
16.95000000	0.00004029	0.00000018
17.00000000	0.00004548	0.00000143
17.05000000	0.00004828	-0.00000018
17.10000000	0.00004995	-0.00000179
17.15000000	0.00004762	0.00000119
17.20000000	0.00004685	0.00000036
17.25000000	0.00004399	-0.00000083
17.30000000	0.00003958	-0.00000137
17.35000000	0.00003904	-0.00000012
17.40000000	0.00002939	-0.00000209
17.45000000	0.00002348	0.00000077
17.50000000	0.00001532	0.00000137
17.55000000	0.00000709	0.00000083
17.60000000	-0.00000608	0.00000203
17.65000000	-0.00001079	0.00000215
17.70000000	-0.00001937	0.00000155
17.75000000	-0.00002748	-0.00000209
17.80000000	-0.00003535	-0.00000018
17.85000000	-0.00004071	-0.00000089
17.90000000	-0.00004679	0.00000048
17.95000000	-0.00005215	-0.00000012
18.00000000	-0.00005400	0.00000268
18.05000000	-0.00005639	-0.00000125
18.10000000	-0.00005460	-0.00000060
18.15000000	-0.00005478	0.00000012
18.20000000	-0.00005221	0.00000125
18.25000000	-0.00005025	-0.00000101
18.30000000	-0.00004238	0.00000215
18.35000000	-0.00003576	-0.00000006
18.40000000	-0.00002831	0.00000197
18.45000000	-0.00002223	0.00000036
18.50000000	-0.00001079	0.00000244
18.55000000	-0.00000727	0.00000197
18.60000000	0.00000596	0.00000238
18.65000000	0.00001240	-0.00000167
18.70000000	0.00001889	0.00000095
18.75000000	0.00002986	-0.00000095
18.80000000	0.00003368	0.00000036
18.85000000	0.00003928	-0.00000161
18.90000000	0.00004548	-0.00000048
18.95000000	0.00004417	-0.00000077
19.00000000	0.00004917	-0.00000036
19.05000000	0.00004709	0.00000262
19.10000000	0.00004625	-0.00000048
19.15000000	0.00004834	-0.00000083
19.20000000	0.00004303	-0.00000048
19.25000000	0.00003713	-0.00000137
19.30000000	0.00002891	0.00000072
19.35000000	0.00002545	-0.00000036
19.40000000	0.00001782	-0.00000197
19.45000000	0.00000715	0.00000077
19.50000000	-0.00000024	0.00000095
19.55000000	-0.00000727	-0.00000066
19.60000000	-0.00001758	0.00000143
19.65000000	-0.00002557	0.00000066
19.70000000	-0.00003129	-0.00000018
19.75000000	-0.00003994	0.00000072
19.80000000	-0.00004280	0.00000083
19.85000000	-0.00004697	-0.00000072
19.90000000	-0.00005049	-0.00000030
19.95000000	-0.00004965	-0.00000042
20.00000000	-0.00004894	-0.00000191
20.05000000	-0.00005025	0.00000024
20.10000000	-0.00005066	0.00000066
20.15000000	-0.00004935	-0.00000101
20.20000000	-0.00004381	0.00000197
20.25000000	-0.00003707	0.00000155
20.30000000	-0.00002980	-0.00000095
20.35000000	-0.00002307	0.00000215
20.40000000	-0.00001615	-0.00000137
20.45000000	-0.00001061	-0.00000072
20.50000000	-0.00000274	0.00000101
20.55000000	0.00000447	0.00000060
20.60000000	0.00001425	0.00000143
20.65000000	0.00002199	-0.00000137
20.70000000	0.00002408	-0.00000042
20.75000000	0.00002939	0.00000042
20.80000000	0.00003415	-0.00000066
20.85000000	0.00004071	-0.00000173
20.90000000	0.00003970	0.00000030
20.95000000	0.00003886	0.00000149
21.00000000	0.00003725	-0.00000036
21.05000000	0.00003558	-0.00000209
21.10000000	0.00003409	-0.00000161
21.15000000	0.00002956	-0.00000048
21.20000000	0.00002187	0.00000185
21.25000000	0.00001878	-0.00000048
21.30000000	0.00001287	0.00000185
21.35000000	0.00000614	-0.00000149
21.40000000	0.00000030	-0.00000179
21.45000000	-0.00000829	0.00000101
21.50000000	-0.00001669	-0.00000161
21.55000000	-0.00002068	0.00000226
21.60000000	-0.00002742	0.00000215
21.65000000	-0.00003248	0.00000042
21.70000000	-0.00003684	-0.00000048
21.75000000	-0.00004333	0.00000024
21.80000000	-0.00004709	0.00000119
21.85000000	-0.00004768	-0.00000179
21.90000000	-0.00004798	-0.00000179
21.95000000	-0.00004905	0.00000215
22.00000000	-0.00004834	0.00000072
22.05000000	-0.00004429	0.00000119
22.10000000	-0.00003856	0.00000089
22.15000000	-0.00003481	0.00000101
22.20000000	-0.00003088	0.00000030
22.25000000	-0.00002503	0.00000256
22.30000000	-0.00001627	0.00000060
22.35000000	-0.00000936	-0.00000012
22.40000000	-0.00000352	0.00000024
22.45000000	0.00000674	0.00000238
22.50000000	0.00001305	0.00000006
22.55000000	0.00002152	-0.00000250
22.60000000	0.00002515	0.00000060
22.65000000	0.00003171	0.00000012
22.70000000	0.00003743	-0.00000149
22.75000000	0.00003815	-0.00000137
22.80000000	0.00004125	-0.00000328
22.85000000	0.00004321	-0.00000054
22.90000000	0.00004405	0.00000101
22.95000000	0.00004065	-0.00000042
23.00000000	0.00003701	0.00000018
23.05000000	0.00003332	-0.00000274
23.10000000	0.00003153	-0.00000125
23.15000000	0.00002319	-0.00000161
23.20000000	0.00001895	-0.00000179
23.25000000	0.00001210	0.00000030
23.30000000	0.00000387	0.00000000
23.35000000	-0.00000274	0.00000060
23.40000000	-0.00000924	-0.00000012
23.45000000	-0.00001544	0.00000125
23.50000000	-0.00002390	-0.00000048
23.55000000	-0.00003177	-0.00000048
23.60000000	-0.00003368	0.00000209
23.65000000	-0.00003886	0.00000113
23.70000000	-0.00004196	-0.00000036
23.75000000	-0.00004530	-0.00000042
23.80000000	-0.00004601	-0.00000066
23.85000000	-0.00004536	0.00000095
23.90000000	-0.00004333	-0.00000012
23.95000000	-0.00004232	0.00000101
24.00000000	-0.00004089	-0.00000125
24.05000000	-0.00003374	-0.00000066
24.10000000	-0.00002891	0.00000328
24.15000000	-0.00002235	0.00000125
24.20000000	-0.00001818	-0.00000185
24.25000000	-0.00001282	0.00000089
24.30000000	-0.00000745	-0.00000077
24.35000000	0.00000113	-0.00000107
24.40000000	0.00000751	0.00000030
24.45000000	0.00001407	-0.00000018
24.50000000	0.00001806	0.00000125
24.55000000	0.00002545	0.00000185
24.60000000	0.00003409	-0.00000066
24.65000000	0.00003642	0.00000089
24.70000000	0.00003874	0.00000089
24.75000000	0.00004083	-0.00000310
24.80000000	0.00004059	-0.00000077
24.85000000	0.00004071	0.00000083
24.90000000	0.00003690	-0.00000292
24.95000000	0.00003451	-0.00000238
25.00000000	0.00002897	0.00000060
25.05000000	0.00002551	-0.00000018
25.10000000	0.00002003	-0.00000113
25.15000000	0.00001007	0.00000143
25.20000000	0.00000215	-0.00000131
25.25000000	-0.00000221	-0.00000077
25.30000000	-0.00000829	0.00000060
25.35000000	-0.00001866	0.00000286
25.40000000	-0.00002539	0.00000191
25.45000000	-0.00002986	-0.00000083
25.50000000	-0.00003994	0.00000077
25.55000000	-0.00004590	0.00000089
25.60000000	-0.00005037	-0.00000101
25.65000000	-0.00005186	-0.00000036
25.70000000	-0.00005418	0.00000256
25.75000000	-0.00005418	0.00000048
25.80000000	-0.00005192	0.00000000
25.85000000	-0.00005102	0.00000101
25.90000000	-0.00004518	-0.00000137
25.95000000	-0.00003880	-0.00000006
26.00000000	-0.00003517	0.00000107
26.05000000	-0.00002605	-0.00000077
26.10000000	-0.00002104	-0.00000131
26.15000000	-0.00001419	0.00000024
26.20000000	-0.00000727	0.00000077
26.25000000	-0.00000221	-0.00000131
26.30000000	0.00000507	0.00000101
26.35000000	0.00001091	-0.00000072
26.40000000	0.00001478	0.00000018
26.45000000	0.00002104	0.00000209
26.50000000	0.00002688	0.00000054
26.55000000	0.00003368	-0.00000089
26.60000000	0.00003666	0.00000179
26.65000000	0.00004071	-0.00000048
26.70000000	0.00004041	-0.00000268
26.75000000	0.00004059	-0.00000095
26.80000000	0.00004119	-0.00000048
26.85000000	0.00004029	-0.00000226
26.90000000	0.00003213	-0.00000149
26.95000000	0.00002867	-0.00000137
27.00000000	0.00002366	0.00000095
27.05000000	0.00001693	0.00000006
27.10000000	0.00001270	0.00000209
27.15000000	0.00000733	-0.00000119
27.20000000	-0.00000244	-0.00000072
27.25000000	-0.00001007	0.00000000
27.30000000	-0.00001645	0.00000054
27.35000000	-0.00002253	0.00000137
27.40000000	-0.00002813	0.00000149
27.45000000	-0.00003481	0.00000101
27.50000000	-0.00003850	-0.00000322
27.55000000	-0.00004363	0.00000119
27.60000000	-0.00004524	0.00000018
27.65000000	-0.00004685	0.00000012
27.70000000	-0.00004506	0.00000215
27.75000000	-0.00004357	0.00000340
27.80000000	-0.00004202	0.00000256
27.85000000	-0.00004005	0.00000060
27.90000000	-0.00003141	-0.00000143
27.95000000	-0.00002879	0.00000066
28.00000000	-0.00002116	-0.00000095
28.05000000	-0.00001556	0.00000179
28.10000000	-0.00001341	0.00000179
28.15000000	-0.00000435	0.00000173
28.20000000	-0.00000066	-0.00000107
28.25000000	0.00000489	0.00000012
28.30000000	0.00000978	-0.00000167
28.35000000	0.00001943	0.00000036
28.40000000	0.00002068	-0.00000072
28.45000000	0.00002682	0.00000179
28.50000000	0.00003302	-0.00000089
28.55000000	0.00003368	-0.00000018
28.60000000	0.00003761	-0.00000012
28.65000000	0.00003845	0.00000143
28.70000000	0.00003445	-0.00000101
28.75000000	0.00003511	0.00000179
28.80000000	0.00002760	-0.00000042
28.85000000	0.00002623	-0.00000155
28.90000000	0.00001878	0.00000179
28.95000000	0.00001383	0.00000149
29.00000000	0.00001115	0.00000203
29.05000000	0.00000393	-0.00000161
29.10000000	-0.00000179	0.00000370
29.15000000	-0.00000721	-0.00000107
29.20000000	-0.00001150	0.00000101
29.25000000	-0.00001514	-0.00000030
29.30000000	-0.00002044	-0.00000095
29.35000000	-0.00002694	-0.00000215
29.40000000	-0.00002867	-0.00000083
29.45000000	-0.00003332	0.00000226
29.50000000	-0.00003618	0.00000083
29.55000000	-0.00003576	-0.00000113
29.60000000	-0.00003809	-0.00000083
29.65000000	-0.00003767	0.00000000
29.70000000	-0.00003362	0.00000215
29.75000000	-0.00003362	-0.00000054
29.80000000	-0.00002879	0.00000048
29.85000000	-0.00002456	-0.00000006
29.90000000	-0.00002253	-0.00000107
29.95000000	-0.00001729	-0.00000411
30.00000000	-0.00001150	0.00000072
30.05000000	-0.00000900	0.00000072
30.10000000	-0.00000161	-0.00000077
30.15000000	0.00000113	-0.00000060
30.20000000	0.00000656	-0.00000149
30.25000000	0.00001103	-0.00000006
30.30000000	0.00001425	-0.00000077
30.35000000	0.00001818	-0.00000203
30.40000000	0.00001997	-0.00000095
30.45000000	0.00002217	0.00000042
30.50000000	0.00002551	0.00000095
30.55000000	0.00002617	0.00000042
30.60000000	0.00002629	-0.00000143
30.65000000	0.00002354	-0.00000167
30.70000000	0.00002408	-0.00000137
30.75000000	0.00001943	0.00000042
30.80000000	0.00001639	0.00000107
30.85000000	0.00001103	0.00000149
30.90000000	0.00000489	-0.00000119
30.95000000	-0.00000244	-0.00000024
31.00000000	-0.00000411	0.00000072
31.05000000	-0.00000954	-0.00000161
31.10000000	-0.00001293	0.00000089
31.15000000	-0.00001740	0.00000143
31.20000000	-0.00002158	0.00000125
31.25000000	-0.00002468	0.00000215
31.30000000	-0.00002968	-0.00000018
31.35000000	-0.00003314	-0.00000066
31.40000000	-0.00003392	0.00000030
31.45000000	-0.00003678	-0.00000072
31.50000000	-0.00003672	-0.00000244
31.55000000	-0.00003731	0.00000024
31.60000000	-0.00003541	0.00000185
31.65000000	-0.00003481	-0.00000083
31.70000000	-0.00002962	0.00000262
31.75000000	-0.00002718	-0.00000036
31.80000000	-0.00002182	-0.00000042
31.85000000	-0.00001651	-0.00000095
31.90000000	-0.00000930	0.00000131
31.95000000	-0.00000662	0.00000006
32.00000000	-0.00000113	0.00000036
32.05000000	0.00000226	0.00000012
32.10000000	0.00000799	0.00000101
32.15000000	0.00001085	-0.00000018
32.20000000	0.00001693	-0.00000077
32.25000000	0.00001895	-0.00000083
32.30000000	0.00002044	-0.00000143
32.35000000	0.00002664	0.00000185
32.40000000	0.00002760	-0.00000131
32.45000000	0.00002968	0.00000101
32.50000000	0.00002861	-0.00000119
32.55000000	0.00002903	-0.00000012
32.60000000	0.00002742	0.00000048
32.65000000	0.00002438	0.00000012
32.70000000	0.00002122	-0.00000024
32.75000000	0.00001830	-0.00000042
32.80000000	0.00001228	-0.00000024
32.85000000	0.00000817	0.00000024
32.90000000	0.00000191	-0.00000012
32.95000000	-0.00000507	0.00000018
33.00000000	-0.00000888	-0.00000042
33.05000000	-0.00001448	0.00000036
33.10000000	-0.00001842	0.00000077
33.15000000	-0.00002223	0.00000030
33.20000000	-0.00002831	-0.00000012
33.25000000	-0.00003046	0.00000000
33.30000000	-0.00003344	0.00000048
33.35000000	-0.00003427	0.00000036
33.40000000	-0.00003344	0.00000006
33.45000000	-0.00003481	-0.00000042
33.50000000	-0.00003403	0.00000018
33.55000000	-0.00003147	0.00000125
33.60000000	-0.00002968	0.00000060
33.65000000	-0.00002611	0.00000077
33.70000000	-0.00002033	0.00000042
33.75000000	-0.00001651	0.00000095
33.80000000	-0.00000972	0.00000012
33.85000000	-0.00000542	-0.00000012
33.90000000	0.00000155	0.00000030
33.95000000	0.00000626	0.00000077
34.00000000	0.00001085	-0.00000036
34.05000000	0.00001436	-0.00000036
34.10000000	0.00001895	0.00000024
34.15000000	0.00002122	0.00000054
34.20000000	0.00002539	-0.00000113
34.25000000	0.00002688	0.00000012
34.30000000	0.00002772	-0.00000101
34.35000000	0.00002944	0.00000024
34.40000000	0.00002855	-0.00000089
34.45000000	0.00002545	-0.00000179
34.50000000	0.00002664	0.00000048
34.55000000	0.00002122	0.00000000
34.60000000	0.00001943	0.00000060
34.65000000	0.00001371	0.00000030
34.70000000	0.00000882	-0.00000119
34.75000000	0.00000584	-0.00000036
34.80000000	-0.00000107	0.00000000
34.85000000	-0.00000584	0.00000018
34.90000000	-0.00001115	0.00000006
34.95000000	-0.00001907	0.00000191
35.00000000	-0.00002271	0.00000024
35.05000000	-0.00002819	0.00000012
35.10000000	-0.00003314	-0.00000113
35.15000000	-0.00003403	0.00000077
35.20000000	-0.00003594	-0.00000048
35.25000000	-0.00003880	0.00000119
35.30000000	-0.00004101	0.00000077
35.35000000	-0.00003749	-0.00000006
35.40000000	-0.00003940	0.00000024
35.45000000	-0.00003648	0.00000113
35.50000000	-0.00003547	-0.00000083
35.55000000	-0.00003260	0.00000101
35.60000000	-0.00002813	0.00000101
35.65000000	-0.00002658	0.00000113
35.70000000	-0.00001764	-0.00000322
35.75000000	-0.00001079	-0.00000083
35.80000000	-0.00000197	0.00000608
35.85000000	0.00000381	0.00000215
35.90000000	0.00001252	0.00000000
35.95000000	0.00001454	0.00000310
36.00000000	0.00001979	0.00000101
36.05000000	0.00002462	0.00000256
36.10000000	0.00002366	-0.00000054
36.15000000	0.00002980	0.00000268
36.20000000	0.00003076	-0.00000113
36.25000000	0.00003105	0.00000006
36.30000000	0.00003159	0.00000077
36.35000000	0.00002944	0.00000179
36.40000000	0.00002247	-0.00000226
36.45000000	0.00002003	-0.00000215
36.50000000	0.00002199	0.00000006
36.55000000	0.00001454	-0.00000387
36.60000000	0.00000864	-0.00000012
36.65000000	0.00000459	0.00000107
36.70000000	-0.00000072	0.00000066
36.75000000	-0.00001007	0.00000095
36.80000000	-0.00001442	0.00000030
36.85000000	-0.00002265	0.00000185
36.90000000	-0.00002801	-0.00000381
36.95000000	-0.00003040	-0.00000060
37.00000000	-0.00003529	0.00000262
37.05000000	-0.00003785	0.00000000
37.10000000	-0.00003791	-0.00000292
37.15000000	-0.00003713	-0.00000018
37.20000000	-0.00003761	0.00000507
37.25000000	-0.00003761	-0.00000125
37.30000000	-0.00003403	-0.00000024
37.35000000	-0.00003368	0.00000167
37.40000000	-0.00003022	0.00000340
37.45000000	-0.00002497	0.00000483
37.50000000	-0.00002354	-0.00000393
37.55000000	-0.00001699	0.00000185
37.60000000	-0.00001490	0.00000048
37.65000000	-0.00000268	-0.00000292
37.70000000	0.00000542	-0.00000173
37.75000000	0.00000888	0.00000101
37.80000000	0.00001425	0.00000006
37.85000000	0.00002122	-0.00000137
37.90000000	0.00002545	0.00000209
37.95000000	0.00003225	-0.00000066
38.00000000	0.00002623	-0.00000119
38.05000000	0.00003243	0.00000161
38.10000000	0.00002974	0.00000250
38.15000000	0.00003153	0.00000113
38.20000000	0.00002819	-0.00000018
38.25000000	0.00002694	-0.00000107
38.30000000	0.00002551	-0.00000119
38.35000000	0.00002497	-0.00000042
38.40000000	0.00001842	0.00000012
38.45000000	0.00001639	0.00000089
38.50000000	0.00000745	0.00000060
38.55000000	0.00000554	0.00000125
38.60000000	-0.00000018	0.00000072
38.65000000	-0.00000751	0.00000060
38.70000000	-0.00001276	-0.00000173
38.75000000	-0.00001955	-0.00000119
38.80000000	-0.00002247	0.00000131
38.85000000	-0.00002819	0.00000167
38.90000000	-0.00002944	0.00000215
38.95000000	-0.00003517	-0.00000054
39.00000000	-0.00003392	-0.00000179
39.05000000	-0.00003290	0.00000083
39.10000000	-0.00003707	0.00000066
39.15000000	-0.00003338	-0.00000083
39.20000000	-0.00003064	0.00000000
39.25000000	-0.00003040	0.00000072
39.30000000	-0.00002688	0.00000113
39.35000000	-0.00002635	-0.00000066
39.40000000	-0.00002122	0.00000030
39.45000000	-0.00001431	0.00000221
39.50000000	-0.00001246	-0.00000137
39.55000000	-0.00000685	0.00000018
39.60000000	-0.00000143	-0.00000042
39.65000000	0.00000405	-0.00000042
39.70000000	0.00000972	0.00000072
39.75000000	0.00001532	0.00000006
39.80000000	0.00002092	0.00000000
39.85000000	0.00002015	-0.00000095
39.90000000	0.00002140	0.00000113
39.95000000	0.00002295	0.00000179
40.00000000	0.00002611	-0.00000107
40.05000000	0.00001979	0.00000101
40.10000000	0.00002009	-0.00000006
40.15000000	0.00001824	-0.00000072
40.20000000	0.00001651	-0.00000006
40.25000000	0.00001156	-0.00000167
40.30000000	0.00000906	-0.00000268
40.35000000	0.00000918	-0.00000215
40.40000000	0.00000596	0.00000072
40.45000000	0.00000221	-0.00000179
40.50000000	0.00000048	-0.00000083
40.55000000	-0.00000530	0.00000191
40.60000000	-0.00000930	0.00000131
40.65000000	-0.00001347	0.00000006
40.70000000	-0.00001895	0.00000131
40.75000000	-0.00002050	-0.00000215
40.80000000	-0.00002474	0.00000042
40.85000000	-0.00002581	0.00000310
40.90000000	-0.00002736	0.00000119
40.95000000	-0.00002873	0.00000244
41.00000000	-0.00003022	0.00000077
41.05000000	-0.00003064	-0.00000101
41.10000000	-0.00002533	0.00000137
41.15000000	-0.00002748	0.00000077
41.20000000	-0.00002223	-0.00000024
41.25000000	-0.00002247	-0.00000089
41.30000000	-0.00002182	0.00000429
41.35000000	-0.00001621	0.00000036
41.40000000	-0.00001371	0.00000137
41.45000000	-0.00000793	-0.00000101
41.50000000	-0.00000578	0.00000268
41.55000000	-0.00000262	0.00000095
41.60000000	0.00000346	-0.00000143
41.65000000	0.00000542	0.00000226
41.70000000	0.00001061	-0.00000101
41.75000000	0.00001067	0.00000101
41.80000000	0.00001097	0.00000030
41.85000000	0.00001752	-0.00000072
41.90000000	0.00001615	-0.00000334
41.95000000	0.00001681	0.00000036
42.00000000	0.00001752	0.00000191
42.05000000	0.00001651	-0.00000012
42.10000000	0.00001276	0.00000322
42.15000000	0.00000995	-0.00000036
42.20000000	0.00000709	0.00000000
42.25000000	0.00000650	-0.00000012
42.30000000	0.00000310	0.00000292
42.35000000	-0.00000101	0.00000304
42.40000000	-0.00000161	0.00000662
42.45000000	-0.00000519	-0.00000072
42.50000000	-0.00000715	-0.00000018
42.55000000	-0.00000817	0.00000221
42.60000000	-0.00001115	-0.00000030
42.65000000	-0.00001669	-0.00000191
42.70000000	-0.00001472	0.00000137
42.75000000	-0.00001770	0.00000399
42.80000000	-0.00001961	-0.00000179
42.85000000	-0.00001884	0.00000268
42.90000000	-0.00002468	0.00000209
42.95000000	-0.00002724	-0.00000012
43.00000000	-0.00002581	-0.00000191
43.05000000	-0.00001651	-0.00000244
43.10000000	-0.00002307	0.00000292
43.15000000	-0.00001502	-0.00000072
43.20000000	-0.00001419	-0.00000101
43.25000000	-0.00001013	-0.00000250
43.30000000	-0.00000811	0.00000209
43.35000000	-0.00000978	0.00000101
43.40000000	-0.00000054	0.00000048
43.45000000	0.00000048	-0.00000048
43.50000000	0.00000596	-0.00000441
43.55000000	0.00000483	0.00000042
43.60000000	0.00000995	0.00000077
43.65000000	0.00001621	-0.00000072
43.70000000	0.00001788	0.00000030
43.75000000	0.00001699	0.00000006
43.80000000	0.00001621	0.00000042
43.85000000	0.00002021	-0.00000221
43.90000000	0.00002122	-0.00000095
43.95000000	0.00002086	-0.00000167
44.00000000	0.00001699	-0.00000018
44.05000000	0.00001073	0.00000143
44.10000000	0.00001198	-0.00000012
44.15000000	0.00001299	-0.00000048
44.20000000	0.00000834	0.00000191
44.25000000	0.00000256	-0.00000292
44.30000000	0.00000226	-0.00000048
44.35000000	-0.00000077	-0.00000197
44.40000000	-0.00001144	0.00000083
44.45000000	-0.00001252	-0.00000054
44.50000000	-0.00001115	0.00000465
44.55000000	-0.00001556	0.00000089
44.60000000	-0.00002021	-0.00000024
44.65000000	-0.00002176	0.00000000
44.70000000	-0.00002331	-0.00000066
44.75000000	-0.00002724	0.00000185
44.80000000	-0.00002426	-0.00000012
44.85000000	-0.00002605	0.00000048
44.90000000	-0.00002652	0.00000113
44.95000000	-0.00002289	-0.00000161
45.00000000	-0.00002283	0.00000292
45.05000000	-0.00002307	0.00000411
45.10000000	-0.00001705	0.00000149
45.15000000	-0.00001782	-0.00000072
45.20000000	-0.00001431	0.00000012
45.25000000	-0.00001025	-0.00000364
45.30000000	-0.00000912	0.00000012
45.35000000	-0.00000560	-0.00000238
45.40000000	0.00000125	-0.00000095
45.45000000	0.00000101	0.00000060
45.50000000	0.00000435	0.00000286
45.55000000	0.00000995	0.00000226
45.60000000	0.00001204	0.00000030
45.65000000	0.00001520	-0.00000030
45.70000000	0.00001711	-0.00000006
45.75000000	0.00001842	0.00000143
45.80000000	0.00001919	-0.00000155
45.85000000	0.00001735	-0.00000119
45.90000000	0.00001758	0.00000155
45.95000000	0.00001735	0.00000072
46.00000000	0.00001079	-0.00000095
46.05000000	0.00001067	0.00000131
46.10000000	0.00000566	0.00000209
46.15000000	0.00000179	-0.00000143
46.20000000	-0.00000042	-0.00000024
46.25000000	-0.00000715	0.00000000
46.30000000	-0.00000852	0.00000012
46.35000000	-0.00001144	-0.00000131
46.40000000	-0.00001580	0.00000077
46.45000000	-0.00001949	0.00000149
46.50000000	-0.00002128	0.00000048
46.55000000	-0.00002563	-0.00000083
46.60000000	-0.00002843	0.00000113
46.65000000	-0.00003099	0.00000054
46.70000000	-0.00003219	0.00000042
46.75000000	-0.00003219	-0.00000072
46.80000000	-0.00003195	-0.00000024
46.85000000	-0.00002939	-0.00000042
46.90000000	-0.00002742	-0.00000030
46.95000000	-0.00002354	-0.00000125
47.00000000	-0.00002140	0.00000066
47.05000000	-0.00001454	0.00000095
47.10000000	-0.00001031	0.00000030
47.15000000	-0.00000656	0.00000024
47.20000000	-0.00000358	0.00000077
47.25000000	0.00000107	0.00000018
47.30000000	0.00000650	0.00000060
47.35000000	0.00000978	0.00000024
47.40000000	0.00001228	0.00000054
47.45000000	0.00001585	-0.00000030
47.50000000	0.00001901	-0.00000012
47.55000000	0.00002098	-0.00000072
47.60000000	0.00002229	-0.00000036
47.65000000	0.00002342	-0.00000012
47.70000000	0.00002629	0.00000018
47.75000000	0.00002486	-0.00000012
47.80000000	0.00002325	-0.00000042
47.85000000	0.00002182	0.00000077
47.90000000	0.00001794	-0.00000018
47.95000000	0.00001442	-0.00000024
48.00000000	0.00001025	-0.00000048
48.05000000	0.00000435	0.00000077
48.10000000	0.00000000	-0.00000024
48.15000000	-0.00000370	0.00000119
48.20000000	-0.00000811	-0.00000060
48.25000000	-0.00001186	0.00000000
48.30000000	-0.00001389	-0.00000012
48.35000000	-0.00001729	0.00000077
48.40000000	-0.00001979	0.00000089
48.45000000	-0.00002319	0.00000006
48.50000000	-0.00002456	-0.00000012
48.55000000	-0.00002474	0.00000072
48.60000000	-0.00002611	0.00000060
48.65000000	-0.00002706	0.00000131
48.70000000	-0.00002670	0.00000060
48.75000000	-0.00002384	0.00000072
48.80000000	-0.00002140	0.00000036
48.85000000	-0.00001901	-0.00000060
48.90000000	-0.00001532	-0.00000089
48.95000000	-0.00001448	0.00000155
49.00000000	-0.00001007	0.00000125
49.05000000	-0.00000435	-0.00000012
49.10000000	-0.00000155	0.00000036
49.15000000	0.00000298	0.00000018
49.20000000	0.00000668	-0.00000054
49.25000000	0.00000805	-0.00000036
49.30000000	0.00001073	-0.00000012
49.35000000	0.00001341	0.00000042
49.40000000	0.00001425	0.00000042
49.45000000	0.00001645	-0.00000107
49.50000000	0.00001872	-0.00000083
49.55000000	0.00001818	0.00000000
49.60000000	0.00001907	-0.00000024
49.65000000	0.00001651	0.00000030
49.70000000	0.00001609	-0.00000012
49.75000000	0.00001484	-0.00000012
49.80000000	0.00001103	0.00000054
49.85000000	0.00000775	0.00000018
49.90000000	0.00000417	0.00000072
49.95000000	-0.00000012	0.00000036
50.00000000	-0.00000399	0.00000066
50.05000000	-0.00000912	0.00000077
50.10000000	-0.00001246	0.00000018
50.15000000	-0.00001699	0.00000089
50.20000000	-0.00001967	0.00000250
50.25000000	-0.00002193	0.00000232
50.30000000	-0.00002402	0.00000036
50.35000000	-0.00002670	-0.00000024
50.40000000	-0.00002646	0.00000161
50.45000000	-0.00002730	-0.00000042
50.50000000	-0.00002766	-0.00000048
50.55000000	-0.00002748	0.00000030
50.60000000	-0.00002700	0.00000077
50.65000000	-0.00002581	0.00000000
50.70000000	-0.00002486	0.00000095
50.75000000	-0.00002259	0.00000095
50.80000000	-0.00002027	0.00000089
50.85000000	-0.00001645	-0.00000012
50.90000000	-0.00001264	0.00000173
50.95000000	-0.00000751	-0.00000006
51.00000000	-0.00000465	-0.00000083
51.05000000	-0.00000137	0.00000036
51.10000000	0.00000399	-0.00000042
51.15000000	0.00000507	0.00000030
51.20000000	0.00000811	0.00000042
51.25000000	0.00000799	0.00000006
51.30000000	0.00000989	0.00000060
51.35000000	0.00001025	0.00000018
51.40000000	0.00001240	-0.00000018
51.45000000	0.00001049	0.00000006
51.50000000	0.00001359	-0.00000012
51.55000000	0.00001389	0.00000066
51.60000000	0.00001287	-0.00000018
51.65000000	0.00001210	0.00000131
51.70000000	0.00000960	-0.00000060
51.75000000	0.00000972	0.00000185
51.80000000	0.00000554	0.00000113
51.85000000	0.00000262	0.00000030
51.90000000	0.00000095	0.00000072
51.95000000	-0.00000322	-0.00000036
52.00000000	-0.00000584	-0.00000054
52.05000000	-0.00000995	-0.00000030
52.10000000	-0.00001204	-0.00000006
52.15000000	-0.00001371	-0.00000149
52.20000000	-0.00001580	0.00000119
52.25000000	-0.00001568	-0.00000125
52.30000000	-0.00001687	0.00000143
52.35000000	-0.00002122	0.00000000
52.40000000	-0.00001961	0.00000262
52.45000000	-0.00002104	-0.00000137
52.50000000	-0.00001687	0.00000226
52.55000000	-0.00001812	0.00000089
52.60000000	-0.00001967	-0.00000119
52.65000000	-0.00001967	-0.00000012
52.70000000	-0.00001317	0.00000054
52.75000000	-0.00000811	0.00000173
52.80000000	-0.00000435	0.00000292
52.85000000	-0.00000191	-0.00000101
52.90000000	0.00000226	-0.00000185
52.95000000	0.00000256	-0.00000125
53.00000000	0.00000495	-0.00000560
53.05000000	0.00000989	0.00000387
53.10000000	0.00000918	0.00000125
53.15000000	0.00001127	0.00000095
53.20000000	0.00000852	-0.00000274
53.25000000	0.00001520	0.00000191
53.30000000	0.00001401	-0.00000036
53.35000000	0.00001538	-0.00000030
53.40000000	0.00001663	-0.00000179
53.45000000	0.00001037	-0.00000107
53.50000000	0.00001550	-0.00000346
53.55000000	0.00001419	0.00000006
53.60000000	0.00001276	0.00000185
53.65000000	0.00001138	-0.00000256
53.70000000	0.00000525	0.00000155
53.75000000	0.00000453	0.00000018
53.80000000	0.00000352	0.00000095
53.85000000	-0.00000107	-0.00000018
53.90000000	-0.00000620	0.00000226
53.95000000	-0.00000954	0.00000095
54.00000000	-0.00000978	0.00000364
54.05000000	-0.00001377	-0.00000137
54.10000000	-0.00001776	0.00000483
54.15000000	-0.00001752	0.00000119
54.20000000	-0.00001782	0.00000125
54.25000000	-0.00002074	-0.00000095
54.30000000	-0.00002027	0.00000364
54.35000000	-0.00001782	0.00000304
54.40000000	-0.00001520	0.00000018
54.45000000	-0.00001895	0.00000119
54.50000000	-0.00001925	-0.00000149
54.55000000	-0.00002080	-0.00000095
54.60000000	-0.00001544	-0.00000006
54.65000000	-0.00001472	-0.00000036
54.70000000	-0.00001144	-0.00000346
54.75000000	-0.00000942	-0.00000173
54.80000000	-0.00000209	0.00000691
54.85000000	-0.00000477	-0.00000304
54.90000000	-0.00000149	0.00000048
54.95000000	0.00000364	-0.00000173
55.00000000	0.00000769	0.00000185
55.05000000	0.00000405	0.00000548
55.10000000	0.00000620	0.00000292
55.15000000	0.00000489	-0.00000310
55.20000000	0.00001109	-0.00000203
55.25000000	0.00000542	-0.00000077
55.30000000	0.00000697	-0.00000089
55.35000000	0.00000358	0.00000125
55.40000000	0.00000989	-0.00000107
55.45000000	0.00000387	-0.00000161
55.50000000	0.00000638	0.00000161
55.55000000	0.00000292	-0.00000024
55.60000000	0.00000197	-0.00000089
55.65000000	0.00000131	-0.00000042
55.70000000	0.00000018	-0.00000048
55.75000000	-0.00000471	-0.00000161
55.80000000	-0.00000817	0.00000006
55.85000000	-0.00000870	-0.00000060
55.90000000	-0.00001222	0.00000322
55.95000000	-0.00001407	-0.00000298
56.00000000	-0.00001609	-0.00000167
56.05000000	-0.00001824	0.00000125
56.10000000	-0.00001794	0.00000030
56.15000000	-0.00002080	-0.00000072
56.20000000	-0.00002277	0.00000089
56.25000000	-0.00002253	0.00000316
56.30000000	-0.00002074	-0.00000048
56.35000000	-0.00001627	0.00000322
56.40000000	-0.00001985	0.00000143
56.45000000	-0.00002134	-0.00000334
56.50000000	-0.00001794	0.00000226
56.55000000	-0.00001603	-0.00000203
56.60000000	-0.00001496	0.00000113
56.65000000	-0.00001252	-0.00000042
56.70000000	-0.00000656	0.00000203
56.75000000	-0.00000328	0.00000060
56.80000000	-0.00000149	-0.00000280
56.85000000	0.00000226	0.00000316
56.90000000	0.00000793	-0.00000364
56.95000000	0.00000781	0.00000298
57.00000000	0.00000924	0.00000232
57.05000000	0.00001436	-0.00000018
57.10000000	0.00001699	-0.00000066
57.15000000	0.00001478	-0.00000054
57.20000000	0.00001353	0.00000095
57.25000000	0.00001639	-0.00000185
57.30000000	0.00001597	-0.00000423
57.35000000	0.00001454	-0.00000185
57.40000000	0.00001162	0.00000250
57.45000000	0.00000912	-0.00000036
57.50000000	0.00000745	-0.00000060
57.55000000	0.00000763	0.00000077
57.60000000	0.00000626	-0.00000060
57.65000000	0.00000501	0.00000042
57.70000000	-0.00000072	0.00000048
57.75000000	-0.00000232	0.00000012
57.80000000	-0.00000805	-0.00000024
57.85000000	-0.00000989	0.00000018
57.90000000	-0.00001419	-0.00000185
57.95000000	-0.00001472	-0.00000119
58.00000000	-0.00001997	-0.00000048
58.05000000	-0.00001949	-0.00000012
58.10000000	-0.00001788	-0.00000221
58.15000000	-0.00002193	0.00000030
58.20000000	-0.00001884	0.00000173
58.25000000	-0.00002027	0.00000054
58.30000000	-0.00001878	0.00000185
58.35000000	-0.00001675	-0.00000107
58.40000000	-0.00001454	-0.00000280
58.45000000	-0.00001222	-0.00000077
58.50000000	-0.00001031	0.00000238
58.55000000	-0.00000650	0.00000095
58.60000000	-0.00000584	-0.00000149
58.65000000	-0.00000298	0.00000089
58.70000000	0.00000113	-0.00000048
58.75000000	0.00000316	-0.00000107
58.80000000	0.00000745	-0.00000095
58.85000000	0.00001144	0.00000095
58.90000000	0.00001258	0.00000024
58.95000000	0.00001407	-0.00000179
59.00000000	0.00001532	0.00000226
59.05000000	0.00001365	-0.00000006
59.10000000	0.00001466	0.00000006
59.15000000	0.00001258	0.00000155
59.20000000	0.00001121	-0.00000054
59.25000000	0.00000769	0.00000012
59.30000000	0.00000727	0.00000077
59.35000000	0.00000441	0.00000012
59.40000000	0.00000203	-0.00000089
59.45000000	-0.00000072	-0.00000012
59.50000000	-0.00000387	0.00000089
59.55000000	-0.00000364	-0.00000012
59.60000000	-0.00000668	0.00000131
59.65000000	-0.00001007	0.00000119
59.70000000	-0.00001359	-0.00000030
59.75000000	-0.00001568	0.00000089
59.80000000	-0.00001717	0.00000107
59.85000000	-0.00002134	-0.00000185
59.90000000	-0.00001973	0.00000048
59.95000000	-0.00002575	0.00000119
60.00000000	-0.00002372	-0.00000185
60.05000000	-0.00002348	0.00000072
60.10000000	-0.00002491	-0.00000048
60.15000000	-0.00002199	-0.00000066
60.20000000	-0.00001925	0.00000077
60.25000000	-0.00002044	0.00000000
60.30000000	-0.00001752	-0.00000018
60.35000000	-0.00001359	0.00000322
60.40000000	-0.00001264	0.00000131
60.45000000	-0.00001168	0.00000161
60.50000000	-0.00000608	-0.00000030
60.55000000	-0.00000542	-0.00000083
60.60000000	-0.00000226	0.00000042
60.65000000	0.00000125	-0.00000066
60.70000000	0.00000346	0.00000095
60.75000000	0.00000697	0.00000113
60.80000000	0.00000900	0.00000083
60.85000000	0.00000936	-0.00000095
60.90000000	0.00001216	-0.00000060
60.95000000	0.00001276	-0.00000018
61.00000000	0.00001144	-0.00000012
61.05000000	0.00001001	-0.00000048
61.10000000	0.00001085	0.00000018
61.15000000	0.00000882	-0.00000054
61.20000000	0.00000668	-0.00000101
61.25000000	0.00000703	-0.00000125
61.30000000	0.00000489	0.00000131
61.35000000	-0.00000083	0.00000131
61.40000000	-0.00000304	-0.00000107
61.45000000	-0.00000399	0.00000024
61.50000000	-0.00000751	0.00000018
61.55000000	-0.00000948	0.00000095
61.60000000	-0.00001043	0.00000113
61.65000000	-0.00001347	-0.00000107
61.70000000	-0.00001472	0.00000066
61.75000000	-0.00001568	-0.00000024
61.80000000	-0.00001788	-0.00000024
61.85000000	-0.00001937	0.00000113
61.90000000	-0.00002044	0.00000042
61.95000000	-0.00002056	0.00000095
62.00000000	-0.00001758	-0.00000018
62.05000000	-0.00001681	0.00000077
62.10000000	-0.00001538	-0.00000048
62.15000000	-0.00001293	0.00000089
62.20000000	-0.00000894	-0.00000095
62.25000000	-0.00000823	-0.00000024
62.30000000	-0.00000507	0.00000066
62.35000000	-0.00000238	-0.00000143
62.40000000	-0.00000024	0.00000066
62.45000000	0.00000161	-0.00000030
62.50000000	0.00000185	0.00000083
62.55000000	0.00000519	0.00000185
62.60000000	0.00000626	-0.00000012
62.65000000	0.00001025	0.00000042
62.70000000	0.00000966	0.00000167
62.75000000	0.00001103	0.00000119
62.80000000	0.00001442	-0.00000107
62.85000000	0.00001287	0.00000077
62.90000000	0.00001621	-0.00000054
62.95000000	0.00001144	0.00000018
63.00000000	0.00001258	0.00000048
63.05000000	0.00001103	-0.00000072
63.10000000	0.00000739	-0.00000095
63.15000000	0.00000554	0.00000072
63.20000000	0.00000286	-0.00000107
63.25000000	-0.00000018	-0.00000018
63.30000000	-0.00000322	0.00000000
63.35000000	-0.00000620	0.00000173
63.40000000	-0.00000578	0.00000030
63.45000000	-0.00000864	-0.00000137
63.50000000	-0.00001240	-0.00000083
63.55000000	-0.00001174	-0.00000173
63.60000000	-0.00001490	0.00000191
63.65000000	-0.00001645	-0.00000072
63.70000000	-0.00001609	0.00000125
63.75000000	-0.00001949	0.00000036
63.80000000	-0.00001901	-0.00000054
63.85000000	-0.00001878	-0.00000083
63.90000000	-0.00001842	0.00000101
63.95000000	-0.00001931	0.00000095
64.00000000	-0.00001729	-0.00000012
64.05000000	-0.00001371	0.00000072
64.10000000	-0.00001228	0.00000054
64.15000000	-0.00000876	-0.00000012
64.20000000	-0.00000787	-0.00000042
64.25000000	-0.00000405	-0.00000119
64.30000000	-0.00000304	-0.00000018
64.35000000	0.00000054	0.00000024
64.40000000	0.00000018	-0.00000125
64.45000000	0.00000238	-0.00000036
64.50000000	0.00000429	0.00000137
64.55000000	0.00000578	0.00000107
64.60000000	0.00000620	0.00000125
64.65000000	0.00000817	0.00000042
64.70000000	0.00000793	-0.00000054
64.75000000	0.00000972	-0.00000066
64.80000000	0.00000727	-0.00000191
64.85000000	0.00000823	-0.00000083
64.90000000	0.00000685	-0.00000077
64.95000000	0.00000662	0.00000101
65.00000000	0.00000530	0.00000060
65.05000000	0.00000501	0.00000089
65.10000000	0.00000042	0.00000042
65.15000000	-0.00000066	0.00000083
65.20000000	-0.00000441	0.00000101
65.25000000	-0.00000548	-0.00000072
65.30000000	-0.00000942	0.00000048
65.35000000	-0.00001121	0.00000048
65.40000000	-0.00001365	-0.00000107
65.45000000	-0.00001383	0.00000012
65.50000000	-0.00001568	0.00000077
65.55000000	-0.00001574	0.00000077
65.60000000	-0.00001764	0.00000119
65.65000000	-0.00001788	0.00000036
65.70000000	-0.00001854	-0.00000012
65.75000000	-0.00001842	0.00000089
65.80000000	-0.00001681	-0.00000060
65.85000000	-0.00001949	-0.00000215
65.90000000	-0.00001621	-0.00000024
65.95000000	-0.00001526	0.00000191
66.00000000	-0.00001174	-0.00000095
66.05000000	-0.00000978	0.00000131
66.10000000	-0.00000751	0.00000149
66.15000000	-0.00000441	-0.00000006
66.20000000	-0.00000161	0.00000042
66.25000000	0.00000024	0.00000000
66.30000000	0.00000232	0.00000066
66.35000000	0.00000399	0.00000048
66.40000000	0.00000370	-0.00000042
66.45000000	0.00000668	0.00000060
66.50000000	0.00000596	0.00000048
66.55000000	0.00000697	0.00000042
66.60000000	0.00000763	0.00000012
66.65000000	0.00000846	0.00000006
66.70000000	0.00000924	0.00000042
66.75000000	0.00000894	-0.00000042
66.80000000	0.00000656	-0.00000024
66.85000000	0.00000691	-0.00000119
66.90000000	0.00000614	-0.00000095
66.95000000	0.00000441	0.00000089
67.00000000	0.00000268	-0.00000030
67.05000000	0.00000161	-0.00000024
67.10000000	-0.00000107	0.00000042
67.15000000	-0.00000411	-0.00000018
67.20000000	-0.00000483	0.00000143
67.25000000	-0.00000834	-0.00000054
67.30000000	-0.00000995	0.00000060
67.35000000	-0.00001156	-0.00000113
67.40000000	-0.00001431	-0.00000107
67.45000000	-0.00001353	-0.00000107
67.50000000	-0.00001591	-0.00000131
67.55000000	-0.00001466	0.00000083
67.60000000	-0.00001526	-0.00000024
67.65000000	-0.00001568	-0.00000012
67.70000000	-0.00001532	-0.00000006
67.75000000	-0.00001490	0.00000125
67.80000000	-0.00001198	-0.00000119
67.85000000	-0.00001252	0.00000143
67.90000000	-0.00001013	-0.00000072
67.95000000	-0.00000745	0.00000095
68.00000000	-0.00000834	0.00000030
68.05000000	-0.00000489	-0.00000054
68.10000000	-0.00000352	0.00000066
68.15000000	-0.00000179	0.00000095
68.20000000	0.00000155	0.00000083
68.25000000	0.00000405	0.00000036
68.30000000	0.00000572	0.00000012
68.35000000	0.00000668	0.00000095
68.40000000	0.00000900	-0.00000238
68.45000000	0.00000709	0.00000018
68.50000000	0.00000966	-0.00000077
68.55000000	0.00000936	0.00000089
68.60000000	0.00000912	-0.00000077
68.65000000	0.00000781	0.00000119
68.70000000	0.00000626	0.00000006
68.75000000	0.00000596	0.00000089
68.80000000	0.00000799	-0.00000018
68.85000000	0.00000733	0.00000131
68.90000000	0.00000352	0.00000101
68.95000000	0.00000292	0.00000066
69.00000000	-0.00000030	0.00000006
69.05000000	-0.00000471	0.00000006
69.10000000	-0.00000560	-0.00000048
69.15000000	-0.00000739	0.00000161
69.20000000	-0.00001240	-0.00000006
69.25000000	-0.00001365	-0.00000167
69.30000000	-0.00001585	-0.00000107
69.35000000	-0.00001687	0.00000036
69.40000000	-0.00001371	0.00000221
69.45000000	-0.00001574	-0.00000137
69.50000000	-0.00001675	0.00000066
69.55000000	-0.00001585	0.00000006
69.60000000	-0.00001764	-0.00000024
69.65000000	-0.00001800	0.00000054
69.70000000	-0.00001436	0.00000060
69.75000000	-0.00001383	0.00000048
69.80000000	-0.00001264	-0.00000042
69.85000000	-0.00001252	-0.00000072
69.90000000	-0.00000739	0.00000048
69.95000000	-0.00000775	0.00000113
70.00000000	-0.00000513	-0.00000024
