-5.000000000000000000e+00 1.173999999999999898e-06
-4.950000000000000178e+00 2.295999999999999701e-06
-4.900000000000000355e+00 3.279999999999999936e-06
-4.849999999999999645e+00 3.962000000000000352e-06
-4.799999999999999822e+00 4.627999999999999566e-06
-4.750000000000000000e+00 4.978000000000000450e-06
-4.700000000000000178e+00 4.981999999999999904e-06
-4.650000000000000355e+00 4.750000000000000262e-06
-4.599999999999999645e+00 4.206000000000000049e-06
-4.549999999999999822e+00 3.545999999999999592e-06
-4.500000000000000000e+00 2.720000000000000216e-06
-4.450000000000000178e+00 1.855999999999999891e-06
-4.400000000000000355e+00 1.034000000000000180e-06
-4.349999999999999645e+00 1.100000000000000056e-07
-4.299999999999999822e+00 -4.479999999999999353e-07
-4.250000000000000000e+00 -1.100000000000000056e-06
-4.200000000000000178e+00 -1.591999999999999962e-06
-4.150000000000000355e+00 -1.908000000000000197e-06
-4.099999999999999645e+00 -2.200000000000000112e-06
-4.049999999999999822e+00 -2.135999999999999963e-06
-4.000000000000000000e+00 -1.981999999999999828e-06
-3.950000000000000178e+00 -1.661999999999999927e-06
-3.899999999999999911e+00 -1.170000000000000021e-06
-3.850000000000000089e+00 -7.119999999999999170e-07
-3.799999999999999822e+00 -1.699999999999999870e-07
-3.750000000000000000e+00 1.919999999999999723e-07
-3.700000000000000178e+00 4.140000000000000279e-07
-3.649999999999999911e+00 3.540000000000000200e-07
-3.600000000000000089e+00 1.559999999999999940e-07
-3.549999999999999822e+00 -6.999999999999999154e-08
-3.500000000000000000e+00 -3.599999999999999943e-07
-3.450000000000000178e+00 -7.299999999999999987e-07
-3.399999999999999911e+00 -1.024000000000000064e-06
-3.350000000000000089e+00 -1.260000000000000007e-06
-3.299999999999999822e+00 -1.452000000000000032e-06
-3.250000000000000000e+00 -1.624000000000000037e-06
-3.200000000000000178e+00 -1.756000000000000213e-06
-3.149999999999999911e+00 -1.813999999999999912e-06
-3.100000000000000089e+00 -1.743999999999999946e-06
-3.049999999999999822e+00 -1.520000000000000058e-06
-3.000000000000000000e+00 -9.819999999999998730e-07
-2.950000000000000178e+00 -2.680000000000000175e-07
-2.899999999999999911e+00 7.279999999999999544e-07
-2.850000000000000089e+00 1.894000000000000204e-06
-2.799999999999999822e+00 3.219999999999999664e-06
-2.750000000000000000e+00 4.579999999999999348e-06
-2.700000000000000178e+00 5.854000000000000195e-06
-2.649999999999999911e+00 6.868000000000000142e-06
-2.600000000000000089e+00 7.549999999999998864e-06
-2.549999999999999822e+00 7.656000000000000899e-06
-2.500000000000000000e+00 7.364000000000000984e-06
-2.450000000000000178e+00 6.493999999999999996e-06
-2.399999999999999911e+00 5.489999999999999106e-06
-2.350000000000000089e+00 4.020000000000000475e-06
-2.299999999999999822e+00 2.466000000000000191e-06
-2.250000000000000000e+00 7.760000000000000665e-07
-2.200000000000000178e+00 -8.559999999999999359e-07
-2.149999999999999911e+00 -2.445999999999999959e-06
-2.100000000000000089e+00 -3.895999999999999629e-06
-2.049999999999999822e+00 -5.281999999999999573e-06
-2.000000000000000000e+00 -6.632000000000000200e-06
-1.949999999999999956e+00 -7.642000000000000694e-06
-1.899999999999999911e+00 -8.353999999999999976e-06
-1.850000000000000089e+00 -8.664000000000000396e-06
-1.800000000000000044e+00 -8.483999999999998731e-06
-1.750000000000000000e+00 -7.814000000000000064e-06
-1.699999999999999956e+00 -6.600000000000000337e-06
-1.649999999999999911e+00 -5.074000000000000039e-06
-1.600000000000000089e+00 -3.319999999999999977e-06
-1.550000000000000044e+00 -1.379999999999999916e-06
-1.500000000000000000e+00 5.800000000000000585e-07
-1.449999999999999956e+00 2.380000000000000083e-06
-1.399999999999999911e+00 3.998000000000000516e-06
-1.350000000000000089e+00 5.426000000000000227e-06
-1.300000000000000044e+00 6.516000000000000802e-06
-1.250000000000000000e+00 7.240000000000000138e-06
-1.199999999999999956e+00 7.624000000000000189e-06
-1.149999999999999911e+00 7.522000000000000149e-06
-1.100000000000000089e+00 7.308000000000000165e-06
-1.050000000000000044e+00 6.704000000000000527e-06
-1.000000000000000000e+00 5.918000000000000768e-06
-9.499999999999999556e-01 4.860000000000000055e-06
-9.000000000000000222e-01 3.781999999999999958e-06
-8.499999999999999778e-01 2.510000000000000109e-06
-8.000000000000000444e-01 1.399999999999999937e-06
-7.500000000000000000e-01 1.600000000000000033e-07
-6.999999999999999556e-01 -7.080000000000000400e-07
-6.500000000000000222e-01 -1.565999999999999914e-06
-5.999999999999999778e-01 -2.117999999999999881e-06
-5.500000000000000444e-01 -2.343999999999999919e-06
-5.000000000000000000e-01 -2.488000000000000150e-06
-4.500000000000000111e-01 -2.297999999999999852e-06
-4.000000000000000222e-01 -2.070000000000000086e-06
-3.499999999999999778e-01 -1.673999999999999981e-06
-2.999999999999999889e-01 -1.421999999999999895e-06
-2.500000000000000000e-01 -1.085999999999999851e-06
-2.000000000000000111e-01 -8.880000000000000106e-07
-1.499999999999999944e-01 -6.940000000000001528e-07
-1.000000000000000056e-01 -4.979999999999999330e-07
-5.000000000000000278e-02 -3.280000000000000254e-07
0.000000000000000000e+00 -1.759999999999999878e-07
5.000000000000000278e-02 -7.800000000000001023e-08
1.000000000000000056e-01 -7.599999999999999233e-08
1.499999999999999944e-01 -2.640000000000000346e-07
2.000000000000000111e-01 -5.859999999999999798e-07
2.500000000000000000e-01 -1.056000000000000139e-06
2.999999999999999889e-01 -1.651999999999999811e-06
3.499999999999999778e-01 -2.203999999999999989e-06
4.000000000000000222e-01 -2.759999999999999833e-06
4.500000000000000111e-01 -3.025999999999999912e-06
5.000000000000000000e-01 -3.109999999999999870e-06
5.500000000000000444e-01 -2.761999999999999983e-06
5.999999999999999778e-01 -2.180000000000000304e-06
6.500000000000000222e-01 -1.340000000000000088e-06
6.999999999999999556e-01 -3.120000000000000409e-07
7.500000000000000000e-01 6.780000000000000096e-07
8.000000000000000444e-01 1.817999999999999789e-06
8.499999999999999778e-01 3.047999999999999871e-06
9.000000000000000222e-01 4.143999999999999626e-06
9.499999999999999556e-01 5.171999999999999779e-06
1.000000000000000000e+00 6.083999999999999687e-06
1.050000000000000044e+00 6.834000000000000129e-06
1.100000000000000089e+00 7.490000000000000286e-06
1.149999999999999911e+00 7.829999999999999572e-06
1.199999999999999956e+00 7.867999999999999885e-06
1.250000000000000000e+00 7.516000000000000545e-06
1.300000000000000044e+00 6.868000000000000142e-06
1.350000000000000089e+00 5.679999999999999828e-06
1.399999999999999911e+00 4.104000000000000009e-06
1.449999999999999956e+00 2.185999999999999907e-06
1.500000000000000000e+00 -1.439999999999999660e-07
1.550000000000000044e+00 -2.353999999999999824e-06
1.600000000000000089e+00 -4.513999999999999472e-06
1.649999999999999911e+00 -6.409999999999999615e-06
1.699999999999999956e+00 -8.029999999999999351e-06
1.750000000000000000e+00 -9.231999999999999023e-06
1.800000000000000044e+00 -1.003600000000000013e-05
1.850000000000000089e+00 -1.028799999999999874e-05
1.899999999999999911e+00 -1.007800000000000075e-05
1.949999999999999956e+00 -9.360000000000000169e-06
2.000000000000000000e+00 -8.077999999999999569e-06
2.049999999999999822e+00 -6.341999999999999588e-06
2.100000000000000089e+00 -4.023999999999999081e-06
2.149999999999999911e+00 -1.494000000000000011e-06
2.200000000000000178e+00 1.052000000000000050e-06
2.250000000000000000e+00 3.642000000000000028e-06
2.299999999999999822e+00 5.856000000000000345e-06
2.350000000000000089e+00 7.672000000000000407e-06
2.399999999999999911e+00 9.054000000000000050e-06
2.450000000000000178e+00 9.856000000000000164e-06
2.500000000000000000e+00 1.013200000000000057e-05
2.549999999999999822e+00 9.911999999999999289e-06
2.600000000000000089e+00 9.282000000000000239e-06
2.649999999999999911e+00 8.251999999999998242e-06
2.700000000000000178e+00 6.794000000000000512e-06
2.750000000000000000e+00 5.100000000000000299e-06
2.799999999999999822e+00 3.248000000000000073e-06
2.850000000000000089e+00 1.377999999999999978e-06
2.899999999999999911e+00 -4.799999999999999571e-07
2.950000000000000178e+00 -2.152000000000000318e-06
3.000000000000000000e+00 -3.556000000000000343e-06
3.049999999999999822e+00 -4.593999999999999553e-06
3.100000000000000089e+00 -5.368000000000000104e-06
3.149999999999999911e+00 -5.708000000000000237e-06
3.200000000000000178e+00 -5.723999999999999745e-06
3.250000000000000000e+00 -5.328000000000000487e-06
3.299999999999999822e+00 -4.680000000000000085e-06
3.350000000000000089e+00 -3.706000000000000177e-06
3.399999999999999911e+00 -2.618000000000000176e-06
3.450000000000000178e+00 -1.488000000000000195e-06
3.500000000000000000e+00 -3.299999999999999639e-07
3.549999999999999822e+00 5.199999999999998918e-07
3.600000000000000089e+00 1.314000000000000040e-06
3.649999999999999911e+00 1.735999999999999981e-06
3.700000000000000178e+00 2.011999999999999540e-06
3.750000000000000000e+00 2.056000000000000305e-06
3.799999999999999822e+00 1.931999999999999883e-06
3.850000000000000089e+00 1.684000000000000097e-06
3.899999999999999911e+00 1.369999999999999800e-06
3.950000000000000178e+00 1.033999999999999968e-06
4.000000000000000000e+00 8.759999999999999561e-07
4.049999999999999822e+00 7.080000000000000400e-07
4.099999999999999645e+00 6.800000000000000539e-07
4.150000000000000355e+00 8.259999999999999054e-07
4.200000000000000178e+00 9.340000000000000784e-07
4.250000000000000000e+00 9.080000000000001368e-07
4.299999999999999822e+00 1.027999999999999941e-06
4.349999999999999645e+00 1.005999999999999982e-06
4.400000000000000355e+00 9.520000000000000543e-07
4.450000000000000178e+00 9.779999999999999960e-07
4.500000000000000000e+00 9.259999999999999009e-07
4.549999999999999822e+00 9.939999999999999275e-07
4.599999999999999645e+00 1.027999999999999941e-06
4.650000000000000355e+00 1.041999999999999934e-06
4.700000000000000178e+00 9.220000000000000239e-07
4.750000000000000000e+00 7.239999999999999715e-07
4.799999999999999822e+00 2.619999999999999903e-07
4.849999999999999645e+00 -1.840000000000000065e-07
4.900000000000000355e+00 -8.160000000000000012e-07
4.950000000000000178e+00 -1.434000000000000162e-06
5.000000000000000000e+00 -1.819999999999999939e-06
