-5.999999999999999778e-01 -2.065999999999999786e-06
-5.500000000000000444e-01 -2.384000000000000383e-06
-5.000000000000000000e-01 -2.419999999999999700e-06
-4.500000000000000111e-01 -2.367999999999999605e-06
-4.000000000000000222e-01 -2.048000000000000128e-06
-3.499999999999999778e-01 -1.711999999999999872e-06
-2.999999999999999889e-01 -1.382000000000000067e-06
-2.500000000000000000e-01 -1.106000000000000083e-06
-2.000000000000000111e-01 -8.960000000000000823e-07
-1.499999999999999944e-01 -6.339999999999999861e-07
-1.000000000000000056e-01 -4.620000000000000871e-07
-5.000000000000000278e-02 -2.920000000000000207e-07
0.000000000000000000e+00 -1.699999999999999870e-07
5.000000000000000278e-02 -4.999999999999999774e-08
1.000000000000000056e-01 -6.000000000000000787e-09
1.499999999999999944e-01 -2.140000000000000369e-07
2.000000000000000111e-01 -5.019999999999999159e-07
2.500000000000000000e-01 -1.069999999999999920e-06
2.999999999999999889e-01 -1.618000000000000009e-06
3.499999999999999778e-01 -2.184000000000000181e-06
4.000000000000000222e-01 -2.783999999999999942e-06
4.500000000000000111e-01 -3.056000000000000048e-06
5.000000000000000000e-01 -3.058000000000000198e-06
5.500000000000000444e-01 -2.830000000000000433e-06
5.999999999999999778e-01 -2.234000000000000125e-06
