-5.000000000000000000e+00 5.750000000000000004e-06
-4.950000000000000178e+00 7.814000000000000064e-06
-4.900000000000000355e+00 9.506000000000000127e-06
-4.849999999999999645e+00 1.075600000000000002e-05
-4.799999999999999822e+00 1.151799999999999882e-05
-4.750000000000000000e+00 1.177599999999999872e-05
-4.700000000000000178e+00 1.151400000000000021e-05
-4.650000000000000355e+00 1.073799999999999951e-05
-4.599999999999999645e+00 9.239999999999999624e-06
-4.549999999999999822e+00 7.286000000000000206e-06
-4.500000000000000000e+00 4.782000000000000125e-06
-4.450000000000000178e+00 1.977999999999999951e-06
-4.400000000000000355e+00 -8.699999999999999289e-07
-4.349999999999999645e+00 -3.738000000000000464e-06
-4.299999999999999822e+00 -6.535999999999999764e-06
-4.250000000000000000e+00 -8.960000000000000611e-06
-4.200000000000000178e+00 -1.098399999999999851e-05
-4.150000000000000355e+00 -1.224400000000000000e-05
-4.099999999999999645e+00 -1.320199999999999998e-05
-4.049999999999999822e+00 -1.319799999999999968e-05
-4.000000000000000000e+00 -1.262199999999999875e-05
-3.950000000000000178e+00 -1.136800000000000026e-05
-3.899999999999999911e+00 -9.457999999999999909e-06
-3.850000000000000089e+00 -7.237999999999999141e-06
-3.799999999999999822e+00 -4.456000000000001043e-06
-3.750000000000000000e+00 -1.326000000000000095e-06
-3.700000000000000178e+00 1.943999999999999937e-06
-3.649999999999999911e+00 5.100000000000000299e-06
-3.600000000000000089e+00 7.992000000000000731e-06
-3.549999999999999822e+00 1.037399999999999927e-05
-3.500000000000000000e+00 1.203599999999999962e-05
-3.450000000000000178e+00 1.281999999999999923e-05
-3.399999999999999911e+00 1.277599999999999762e-05
-3.350000000000000089e+00 1.208200000000000054e-05
-3.299999999999999822e+00 1.076000000000000032e-05
-3.250000000000000000e+00 8.986000000000001717e-06
-3.200000000000000178e+00 7.036000000000000059e-06
-3.149999999999999911e+00 4.882000000000000014e-06
-3.100000000000000089e+00 2.674000000000000148e-06
-3.049999999999999822e+00 3.339999999999999997e-07
-3.000000000000000000e+00 -1.862000000000000130e-06
-2.950000000000000178e+00 -3.962000000000000352e-06
-2.899999999999999911e+00 -5.748000000000000701e-06
-2.850000000000000089e+00 -7.297999999999999414e-06
-2.799999999999999822e+00 -8.108000000000000976e-06
-2.750000000000000000e+00 -8.449999999999998718e-06
-2.700000000000000178e+00 -8.044000000000001250e-06
-2.649999999999999911e+00 -7.274000000000000999e-06
-2.600000000000000089e+00 -5.993999999999999701e-06
-2.549999999999999822e+00 -4.416000000000000579e-06
-2.500000000000000000e+00 -2.589999999999999766e-06
-2.450000000000000178e+00 -6.719999999999999823e-07
-2.399999999999999911e+00 9.059999999999999865e-07
-2.350000000000000089e+00 2.521999999999999740e-06
-2.299999999999999822e+00 3.724000000000000259e-06
-2.250000000000000000e+00 4.658000000000000126e-06
-2.200000000000000178e+00 5.219999999999999997e-06
-2.149999999999999911e+00 5.238000000000001349e-06
-2.100000000000000089e+00 4.993999999999999958e-06
-2.049999999999999822e+00 4.330000000000000048e-06
-2.000000000000000000e+00 3.584000000000000329e-06
-1.949999999999999956e+00 2.419999999999999700e-06
-1.899999999999999911e+00 1.267999999999999972e-06
-1.850000000000000089e+00 1.020000000000000001e-07
-1.800000000000000044e+00 -9.300000000000000956e-07
-1.750000000000000000e+00 -1.763999999999999967e-06
-1.699999999999999956e+00 -2.411999999999999946e-06
-1.649999999999999911e+00 -2.668000000000000121e-06
-1.600000000000000089e+00 -2.798000000000000147e-06
-1.550000000000000044e+00 -2.521999999999999740e-06
-1.500000000000000000e+00 -2.222000000000000071e-06
-1.449999999999999956e+00 -1.707999999999999995e-06
-1.399999999999999911e+00 -1.124000000000000165e-06
-1.350000000000000089e+00 -3.420000000000000184e-07
-1.300000000000000044e+00 4.220000000000000465e-07
-1.250000000000000000e+00 1.194000000000000130e-06
-1.199999999999999956e+00 1.986000000000000128e-06
-1.149999999999999911e+00 2.738000000000000297e-06
-1.100000000000000089e+00 3.359999999999999594e-06
-1.050000000000000044e+00 3.865999999999999916e-06
-1.000000000000000000e+00 4.138000000000000022e-06
-9.499999999999999556e-01 4.119999999999999517e-06
-9.000000000000000222e-01 3.765999999999999603e-06
-8.499999999999999778e-01 3.105999999999999569e-06
-8.000000000000000444e-01 2.198000000000000385e-06
-7.500000000000000000e-01 1.238000000000000048e-06
-6.999999999999999556e-01 3.260000000000000340e-07
-6.500000000000000222e-01 -5.599999999999999323e-07
-5.999999999999999778e-01 -1.261999999999999945e-06
-5.500000000000000444e-01 -1.666000000000000016e-06
-5.000000000000000000e-01 -1.828000000000000116e-06
-4.500000000000000111e-01 -1.969999999999999773e-06
-4.000000000000000222e-01 -1.776000000000000021e-06
-3.499999999999999778e-01 -1.596000000000000262e-06
-2.999999999999999889e-01 -1.345999999999999903e-06
-2.500000000000000000e-01 -1.114000000000000049e-06
-2.000000000000000111e-01 -9.799999999999999345e-07
-1.499999999999999944e-01 -7.799999999999999435e-07
-1.000000000000000056e-01 -5.980000000000000343e-07
-5.000000000000000278e-02 -4.440000000000000053e-07
0.000000000000000000e+00 -4.119999999999999305e-07
5.000000000000000278e-02 -3.200000000000000067e-07
1.000000000000000056e-01 -3.379999999999999826e-07
1.499999999999999944e-01 -3.619999999999999857e-07
2.000000000000000111e-01 -4.220000000000000465e-07
2.500000000000000000e-01 -4.359999999999999866e-07
2.999999999999999889e-01 -6.519999999999999620e-07
3.499999999999999778e-01 -7.199999999999999886e-07
4.000000000000000222e-01 -8.600000000000000246e-07
4.500000000000000111e-01 -9.859999999999999617e-07
5.000000000000000000e-01 -1.032000000000000030e-06
5.500000000000000444e-01 -9.360000000000000169e-07
5.999999999999999778e-01 -3.940000000000000605e-07
6.500000000000000222e-01 3.839999999999999445e-07
6.999999999999999556e-01 1.438000000000000039e-06
7.500000000000000000e-01 2.753999999999999805e-06
8.000000000000000444e-01 4.108000000000000310e-06
8.499999999999999778e-01 5.381999999999999462e-06
9.000000000000000222e-01 6.403999999999999164e-06
9.499999999999999556e-01 7.193999999999999223e-06
1.000000000000000000e+00 7.499999999999999343e-06
1.050000000000000044e+00 7.568000000000001064e-06
1.100000000000000089e+00 7.208000000000000275e-06
1.149999999999999911e+00 6.482000000000000789e-06
1.199999999999999956e+00 5.446000000000000035e-06
1.250000000000000000e+00 4.069999999999999996e-06
1.300000000000000044e+00 2.486000000000000423e-06
1.350000000000000089e+00 6.760000000000000711e-07
1.399999999999999911e+00 -1.446000000000000004e-06
1.449999999999999956e+00 -3.563999999999999674e-06
1.500000000000000000e+00 -5.737999999999999950e-06
1.550000000000000044e+00 -7.631999999999999096e-06
1.600000000000000089e+00 -9.448000000000000004e-06
1.649999999999999911e+00 -1.059999999999999846e-05
1.699999999999999956e+00 -1.152600000000000112e-05
1.750000000000000000e+00 -1.169999999999999979e-05
1.800000000000000044e+00 -1.132800000000000064e-05
1.850000000000000089e+00 -1.028999999999999804e-05
1.899999999999999911e+00 -8.722000000000000518e-06
1.949999999999999956e+00 -6.727999999999998942e-06
2.000000000000000000e+00 -4.249999999999999966e-06
2.049999999999999822e+00 -1.703999999999999906e-06
2.100000000000000089e+00 1.044000000000000084e-06
2.149999999999999911e+00 3.980000000000000010e-06
2.200000000000000178e+00 6.517999999999999258e-06
2.250000000000000000e+00 9.059999999999999654e-06
2.299999999999999822e+00 1.116199999999999918e-05
2.350000000000000089e+00 1.291199999999999767e-05
2.399999999999999911e+00 1.406199999999999852e-05
2.450000000000000178e+00 1.448599999999999988e-05
2.500000000000000000e+00 1.423799999999999988e-05
2.549999999999999822e+00 1.319200000000000007e-05
2.600000000000000089e+00 1.146800000000000099e-05
2.649999999999999911e+00 9.069999999999999558e-06
2.700000000000000178e+00 6.503999999999999900e-06
2.750000000000000000e+00 3.745999999999999794e-06
2.799999999999999822e+00 1.005999999999999982e-06
2.850000000000000089e+00 -1.633999999999999941e-06
2.899999999999999911e+00 -4.233999999999999611e-06
2.950000000000000178e+00 -6.348000000000000886e-06
3.000000000000000000e+00 -8.136000000000001385e-06
3.049999999999999822e+00 -9.569999999999999853e-06
3.100000000000000089e+00 -1.057600000000000005e-05
3.149999999999999911e+00 -1.111599999999999826e-05
3.200000000000000178e+00 -1.115199999999999928e-05
3.250000000000000000e+00 -1.053199999999999843e-05
3.299999999999999822e+00 -9.394000000000001877e-06
3.350000000000000089e+00 -7.782000000000001048e-06
3.399999999999999911e+00 -5.674000000000000224e-06
3.450000000000000178e+00 -3.555999999999999920e-06
3.500000000000000000e+00 -1.284000000000000327e-06
3.549999999999999822e+00 8.339999999999999771e-07
3.600000000000000089e+00 2.736000000000000147e-06
3.649999999999999911e+00 4.314000000000000540e-06
3.700000000000000178e+00 5.532000000000000567e-06
3.750000000000000000e+00 6.446000000000000625e-06
3.799999999999999822e+00 6.845999999999999337e-06
3.850000000000000089e+00 7.048000000000000113e-06
3.899999999999999911e+00 6.906000000000000456e-06
3.950000000000000178e+00 6.333999999999999834e-06
4.000000000000000000e+00 5.519999999999999666e-06
4.049999999999999822e+00 4.500000000000000114e-06
4.099999999999999645e+00 3.318000000000000250e-06
4.150000000000000355e+00 2.066000000000000209e-06
4.200000000000000178e+00 9.479999999999998597e-07
4.250000000000000000e+00 -1.840000000000000065e-07
4.299999999999999822e+00 -1.190000000000000041e-06
4.349999999999999645e+00 -1.855999999999999891e-06
4.400000000000000355e+00 -2.338000000000000316e-06
4.450000000000000178e+00 -2.422000000000000274e-06
4.500000000000000000e+00 -2.293999999999999975e-06
4.549999999999999822e+00 -1.787999999999999864e-06
4.599999999999999645e+00 -1.080000000000000036e-06
4.650000000000000355e+00 -1.380000000000000181e-07
4.700000000000000178e+00 7.819999999999999879e-07
4.750000000000000000e+00 1.642000000000000118e-06
4.799999999999999822e+00 2.317999999999999660e-06
4.849999999999999645e+00 2.812000000000000351e-06
4.900000000000000355e+00 3.022000000000000035e-06
4.950000000000000178e+00 3.057999999999999351e-06
5.000000000000000000e+00 2.887999999999999708e-06
