-5.000000000000000000e+00 2.771999999999999887e-06
-4.950000000000000178e+00 4.221999999999999557e-06
-4.900000000000000355e+00 5.426000000000000227e-06
-4.849999999999999645e+00 6.471999999999999190e-06
-4.799999999999999822e+00 7.287999999999999509e-06
-4.750000000000000000e+00 7.673999999999999710e-06
-4.700000000000000178e+00 7.768000000000000843e-06
-4.650000000000000355e+00 7.252000000000000193e-06
-4.599999999999999645e+00 6.539999999999999217e-06
-4.549999999999999822e+00 5.392000000000000213e-06
-4.500000000000000000e+00 3.958000000000000052e-06
-4.450000000000000178e+00 2.224000000000000221e-06
-4.400000000000000355e+00 4.220000000000000465e-07
-4.349999999999999645e+00 -1.455999999999999909e-06
-4.299999999999999822e+00 -3.255999999999999827e-06
-4.250000000000000000e+00 -4.989999999999999658e-06
-4.200000000000000178e+00 -6.467999999999999737e-06
-4.150000000000000355e+00 -7.676000000000000707e-06
-4.099999999999999645e+00 -8.346000000000001069e-06
-4.049999999999999822e+00 -8.681999999999999207e-06
-4.000000000000000000e+00 -8.497999999999998936e-06
-3.950000000000000178e+00 -7.643999999999999997e-06
-3.899999999999999911e+00 -6.367999999999999847e-06
-3.850000000000000089e+00 -4.675999999999999784e-06
-3.799999999999999822e+00 -2.534000000000000218e-06
-3.750000000000000000e+00 -2.340000000000000042e-07
-3.700000000000000178e+00 2.014000000000000114e-06
-3.649999999999999911e+00 4.033999999999999832e-06
-3.600000000000000089e+00 5.523999999999999966e-06
-3.549999999999999822e+00 6.551999999999999272e-06
-3.500000000000000000e+00 6.956000000000000824e-06
-3.450000000000000178e+00 6.849999999999999637e-06
-3.399999999999999911e+00 6.373999999999999451e-06
-3.350000000000000089e+00 5.597999999999999596e-06
-3.299999999999999822e+00 4.602000000000000154e-06
-3.250000000000000000e+00 3.407999999999999812e-06
-3.200000000000000178e+00 2.242000000000000303e-06
-3.149999999999999911e+00 7.720000000000000837e-07
-3.100000000000000089e+00 -5.579999999999999938e-07
-3.049999999999999822e+00 -1.946000000000000088e-06
-3.000000000000000000e+00 -3.013999999999999857e-06
-2.950000000000000178e+00 -3.827999999999999602e-06
-2.899999999999999911e+00 -4.105999999999999312e-06
-2.850000000000000089e+00 -3.924000000000000038e-06
-2.799999999999999822e+00 -3.235999999999999595e-06
-2.750000000000000000e+00 -2.110000000000000127e-06
-2.700000000000000178e+00 -6.540000000000000064e-07
-2.649999999999999911e+00 7.740000000000000221e-07
-2.600000000000000089e+00 2.292000000000000248e-06
-2.549999999999999822e+00 3.688000000000000096e-06
-2.500000000000000000e+00 4.841999999999999550e-06
-2.450000000000000178e+00 5.681999999999999978e-06
-2.399999999999999911e+00 6.096000000000000588e-06
-2.350000000000000089e+00 6.053999999999999974e-06
-2.299999999999999822e+00 5.575999999999999638e-06
-2.250000000000000000e+00 4.695999999999999593e-06
-2.200000000000000178e+00 3.439999999999999675e-06
-2.149999999999999911e+00 1.902000000000000170e-06
-2.100000000000000089e+00 3.079999999999999522e-07
-2.049999999999999822e+00 -1.446000000000000004e-06
-2.000000000000000000e+00 -3.183999999999999924e-06
-1.949999999999999956e+00 -4.593999999999999553e-06
-1.899999999999999911e+00 -5.990000000000000248e-06
-1.850000000000000089e+00 -6.907999999999999759e-06
-1.800000000000000044e+00 -7.376000000000000191e-06
-1.750000000000000000e+00 -7.472000000000000627e-06
-1.699999999999999956e+00 -6.993999999999999444e-06
-1.649999999999999911e+00 -6.076000000000000780e-06
-1.600000000000000089e+00 -4.839999999999999400e-06
-1.550000000000000044e+00 -3.285999999999999964e-06
-1.500000000000000000e+00 -1.742000000000000008e-06
-1.449999999999999956e+00 -6.600000000000000866e-08
-1.399999999999999911e+00 1.379999999999999916e-06
-1.350000000000000089e+00 2.894000000000000159e-06
-1.300000000000000044e+00 4.000000000000000666e-06
-1.250000000000000000e+00 5.063999999999999288e-06
-1.199999999999999956e+00 5.921999999999999374e-06
-1.149999999999999911e+00 6.509999999999999504e-06
-1.100000000000000089e+00 6.839999999999999733e-06
-1.050000000000000044e+00 6.800000000000000116e-06
-1.000000000000000000e+00 6.382000000000000899e-06
-9.499999999999999556e-01 5.638000000000000060e-06
-9.000000000000000222e-01 4.694000000000000289e-06
-8.499999999999999778e-01 3.430000000000000194e-06
-8.000000000000000444e-01 2.205999999999999716e-06
-7.500000000000000000e-01 9.059999999999999865e-07
-6.999999999999999556e-01 -4.599999999999998839e-08
-6.500000000000000222e-01 -8.040000000000000526e-07
-5.999999999999999778e-01 -1.489999999999999922e-06
-5.500000000000000444e-01 -1.685999999999999824e-06
-5.000000000000000000e-01 -1.698000000000000090e-06
-4.500000000000000111e-01 -1.585999999999999723e-06
-4.000000000000000222e-01 -1.542000000000000229e-06
-3.499999999999999778e-01 -1.387999999999999882e-06
-2.999999999999999889e-01 -1.219999999999999966e-06
-2.500000000000000000e-01 -1.109999999999999960e-06
-2.000000000000000111e-01 -9.700000000000000302e-07
-1.499999999999999944e-01 -8.760000000000000620e-07
-1.000000000000000056e-01 -7.319999999999999372e-07
-5.000000000000000278e-02 -7.400000000000000089e-07
0.000000000000000000e+00 -6.859999999999999753e-07
5.000000000000000278e-02 -6.140000000000000717e-07
1.000000000000000056e-01 -5.640000000000000211e-07
1.499999999999999944e-01 -5.579999999999999938e-07
2.000000000000000111e-01 -6.880000000000000197e-07
2.500000000000000000e-01 -7.819999999999999879e-07
2.999999999999999889e-01 -1.002000000000000105e-06
3.499999999999999778e-01 -1.404000000000000025e-06
4.000000000000000222e-01 -1.543999999999999744e-06
4.500000000000000111e-01 -1.762000000000000028e-06
5.000000000000000000e-01 -1.783999999999999775e-06
5.500000000000000444e-01 -1.489999999999999922e-06
5.999999999999999778e-01 -9.199999999999999795e-07
6.500000000000000222e-01 -1.679999999999999956e-07
6.999999999999999556e-01 7.279999999999998485e-07
7.500000000000000000e-01 1.624000000000000037e-06
8.000000000000000444e-01 2.589999999999999766e-06
8.499999999999999778e-01 3.313999999999999950e-06
9.000000000000000222e-01 3.932000000000000639e-06
9.499999999999999556e-01 4.343999999999999405e-06
1.000000000000000000e+00 4.583999999999999649e-06
1.050000000000000044e+00 4.614000000000000208e-06
1.100000000000000089e+00 4.342000000000000102e-06
1.149999999999999911e+00 3.897999999999999779e-06
1.199999999999999956e+00 3.380000000000000249e-06
1.250000000000000000e+00 2.585999999999999889e-06
1.300000000000000044e+00 1.620000000000000160e-06
1.350000000000000089e+00 7.080000000000000400e-07
1.399999999999999911e+00 -3.219999999999999981e-07
1.449999999999999956e+00 -1.390000000000000032e-06
1.500000000000000000e+00 -2.293999999999999551e-06
1.550000000000000044e+00 -3.125999999999999378e-06
1.600000000000000089e+00 -3.746000000000000218e-06
1.649999999999999911e+00 -4.069999999999999996e-06
1.699999999999999956e+00 -4.123999999999999818e-06
1.750000000000000000e+00 -3.817999999999999698e-06
1.800000000000000044e+00 -3.180000000000000047e-06
1.850000000000000089e+00 -2.290000000000000098e-06
1.899999999999999911e+00 -1.258000000000000068e-06
1.949999999999999956e+00 -2.339999999999999513e-07
2.000000000000000000e+00 7.619999999999998618e-07
2.049999999999999822e+00 1.834000000000000144e-06
2.100000000000000089e+00 2.740000000000000024e-06
2.149999999999999911e+00 3.593999999999999810e-06
2.200000000000000178e+00 4.094000000000000105e-06
2.250000000000000000e+00 4.488000000000000059e-06
2.299999999999999822e+00 4.536000000000000278e-06
2.350000000000000089e+00 4.334000000000000348e-06
2.399999999999999911e+00 3.693999999999999699e-06
2.450000000000000178e+00 2.746000000000000051e-06
2.500000000000000000e+00 1.301999999999999986e-06
2.549999999999999822e+00 -1.959999999999999816e-07
2.600000000000000089e+00 -1.724000000000000138e-06
2.649999999999999911e+00 -3.185999999999999650e-06
2.700000000000000178e+00 -4.360000000000000607e-06
2.750000000000000000e+00 -5.290000000000000174e-06
2.799999999999999822e+00 -5.709999999999999540e-06
2.850000000000000089e+00 -5.777999999999999567e-06
2.899999999999999911e+00 -5.457999999999999243e-06
2.950000000000000178e+00 -4.874000000000000260e-06
3.000000000000000000e+00 -4.017999999999999477e-06
3.049999999999999822e+00 -2.752000000000000079e-06
3.100000000000000089e+00 -1.333999999999999849e-06
3.149999999999999911e+00 4.160000000000000193e-07
3.200000000000000178e+00 2.355999999999999974e-06
3.250000000000000000e+00 4.357999999999999610e-06
3.299999999999999822e+00 6.329999999999999534e-06
3.350000000000000089e+00 8.125999999999999787e-06
3.399999999999999911e+00 9.688000000000001095e-06
3.450000000000000178e+00 1.054000000000000073e-05
3.500000000000000000e+00 1.095000000000000019e-05
3.549999999999999822e+00 1.072799999999999961e-05
3.600000000000000089e+00 9.966000000000000805e-06
3.649999999999999911e+00 8.558000000000000055e-06
3.700000000000000178e+00 6.785999999999999064e-06
3.750000000000000000e+00 4.449999999999999746e-06
3.799999999999999822e+00 2.018000000000000415e-06
3.850000000000000089e+00 -6.279999999999999589e-07
3.899999999999999911e+00 -3.246000000000000347e-06
3.950000000000000178e+00 -5.766000000000000360e-06
4.000000000000000000e+00 -8.158000000000000497e-06
4.049999999999999822e+00 -1.009800000000000056e-05
4.099999999999999645e+00 -1.154399999999999993e-05
4.150000000000000355e+00 -1.257999999999999983e-05
4.200000000000000178e+00 -1.297000000000000118e-05
4.250000000000000000e+00 -1.271000000000000028e-05
4.299999999999999822e+00 -1.199000000000000040e-05
4.349999999999999645e+00 -1.061799999999999897e-05
4.400000000000000355e+00 -8.601999999999999973e-06
4.450000000000000178e+00 -6.134000000000000902e-06
4.500000000000000000e+00 -3.255999999999999827e-06
4.549999999999999822e+00 -1.859999999999999979e-07
4.599999999999999645e+00 3.002000000000000226e-06
4.650000000000000355e+00 5.959999999999999688e-06
4.700000000000000178e+00 8.559999999999999359e-06
4.750000000000000000e+00 1.069999999999999920e-05
4.799999999999999822e+00 1.228199999999999862e-05
4.849999999999999645e+00 1.341199999999999966e-05
4.900000000000000355e+00 1.385199999999999884e-05
4.950000000000000178e+00 1.368399999999999977e-05
5.000000000000000000e+00 1.293800000000000047e-05
