3.257299494980466043e-07
4.101219330881975635e-07
4.200000000000000022e-07
4.601086828130935998e-07
3.911521443121589583e-07
5.281098370604356682e-07
5.608029957123980703e-07
4.341658669218482061e-07
4.373785545725807846e-07
5.907622195096771745e-07
5.462600113499065140e-07
4.517742799230606516e-07
5.408326913195984222e-07
5.162363799656122290e-07
6.181423784210236014e-07
5.656854249492380625e-07
5.600892785976179643e-07
5.200961449578337442e-07
5.903388857258175655e-07
6.477653896280659162e-07
5.742821606144492722e-07
5.015974481593780887e-07
5.632051136131489188e-07
5.423098745182500246e-07
4.709564735726646759e-07
4.464302857109943037e-07
2.700000000000000090e-07
1.341640786499873828e-07
-8.544003745317529718e-08
-2.599999999999999988e-07
-3.860051813123756289e-07
-7.610519036176179083e-07
-9.525754563287886545e-07
-9.313431161500041362e-07
-1.063014581273464887e-06
-8.329465769183519281e-07
-5.604462507680820865e-07
-5.008991914547277010e-07
-9.848857801796104958e-08
3.832753579347359766e-07
7.900632886041471871e-07
1.636887289950044119e-06
1.890026454841307155e-06
2.380021008310640919e-06
2.731830887884533809e-06
3.020066224439457612e-06
3.260138033887522532e-06
3.030016501605230276e-06
2.830070670495703088e-06
2.610689564080723610e-06
2.010621794371084218e-06
1.400321391681209676e-06
1.180042372120594515e-06
5.700877125495690085e-07
2.280350850198275928e-07
-7.810249675906654358e-08
-4.242640687119284939e-07
-7.200694410957876727e-07
-7.199999999999999886e-07
-1.200041665943312002e-06
-1.090733698021657198e-06
-1.170000000000000021e-06
-1.080185169311262094e-06
-8.000624975587844430e-07
-9.313431161500041362e-07
-9.202173656261871995e-07
-7.202777242147642417e-07
-5.108815909777920471e-07
-5.830951894845300487e-07
-3.238826948140329581e-07
-2.154065922853801636e-07
1.118033988749894812e-07
3.324154027718932416e-07
5.393514624064720317e-07
6.334824385884742160e-07
8.115417426109392346e-07
5.147815070493500141e-07
4.712748667179271598e-07
4.617358552246077825e-07
2.499999999999999887e-07
1.303840481040531008e-07
5.099019513592785170e-08
-1.341640786499873298e-07
1.581138830084189596e-07
5.522680508593630224e-07
8.600000000000000246e-07
1.190000000000000041e-06
1.581138830084189596e-06
1.780252791038396304e-06
1.850243227254190018e-06
2.041568024827975250e-06
2.070024154448445325e-06
2.161874186903576803e-06
2.195130975591206319e-06
1.997248106770913834e-06
1.620030863903524528e-06
1.471665722914004443e-06
9.908077512817510679e-07
7.117583859709697826e-07
5.178802950489620386e-07
4.177319714841084183e-07
2.816025568065744594e-07
4.504442251822083036e-07
5.346026561849463971e-07
7.632168761236874281e-07
8.015609770940698738e-07
7.976214641043706932e-07
6.239390995922598640e-07
4.204759208325727584e-07
6.324555320336758382e-08
-3.931920650267500041e-07
-7.302739212103907779e-07
-9.702061636580135827e-07
-1.170683561001861830e-06
-1.368247053715081086e-06
-1.352368293032633884e-06
-1.350037036528998207e-06
-1.351813596617521854e-06
-1.320984481362290460e-06
-1.079120011861516606e-06
-7.787810988975016075e-07
-5.375872022286244625e-07
-2.507987240796890443e-07
2.517935662402834199e-07
5.108815909777920471e-07
6.207253821135397942e-07
6.859300255857006645e-07
5.656854249492380625e-07
4.919349550499537280e-07
2.716615541441225081e-07
2.236067977499789625e-07
3.405877273185280314e-07
6.378871373526823842e-07
9.904544411531506453e-07
1.359999999999999896e-06
1.715721422609159980e-06
2.030394050424695423e-06
2.291396953825329901e-06
2.381029189237292948e-06
2.370084386683309823e-06
2.280021929719098375e-06
2.180206412246326783e-06
1.900236827345475839e-06
1.720261608011990952e-06
1.510132444522664971e-06
1.160689450283752665e-06
9.533624704172069995e-07
5.930430001273094741e-07
4.001249804748510888e-07
1.431782106327635299e-07
7.000000000000000477e-08
-1.252996408614166864e-07
5.385164807134504089e-08
0.000000000000000000e+00
2.061552812808830296e-07
-1.345362404707371094e-07
-2.469817807045693678e-07
-5.433231082882450163e-07
-1.000049998750062343e-06
-1.263210196285637896e-06
-1.370583817210753349e-06
-1.444195277654652913e-06
-1.295569372901350839e-06
-1.010445446325530216e-06
-7.510659092250161001e-07
-4.130375285612676725e-07
-1.166190378969060177e-07
3.190611226708763456e-07
4.904079934095691042e-07
4.827007354458867929e-07
5.508175741568163902e-07
6.841052550594828314e-07
5.748912940721924762e-07
7.085901495222749355e-07
6.328506932918695325e-07
5.403702434442518356e-07
4.801041553663121056e-07
5.423098745182500246e-07
4.704253394535630526e-07
4.210700654285460183e-07
5.799999999999999526e-07
8.702298546935746424e-07
1.090045870594444226e-06
1.370328427786565304e-06
1.660030120208666548e-06
1.722904524342541767e-06
1.851323850653904432e-06
1.730722392528622804e-06
1.583824485225556795e-06
1.530294089382821871e-06
1.251439171514141268e-06
1.063014581273464887e-06
1.062308806327049107e-06
9.199999999999999795e-07
8.105553651663777005e-07
8.099999999999999739e-07
8.015609770940698738e-07
8.614522621712708835e-07
7.000714249274854852e-07
5.099999999999999875e-07
5.003998401278721794e-07
3.101612483854164487e-07
1.923538406167134443e-07
2.499999999999999887e-07
8.485281374238568820e-08
-1.236931687685297966e-07
-5.907622195096771745e-07
-6.918092222571190571e-07
-1.060660171779821208e-06
-1.161550687658528279e-06
-1.390575420464492603e-06
-1.465776244861404576e-06
-1.152128465059343947e-06
-9.815294188153505615e-07
-5.748912940721924762e-07
-1.303840481040529949e-07
3.471310991541956000e-07
6.328506932918695325e-07
8.102468759581858904e-07
8.309632964216891218e-07
8.514693182963200785e-07
7.723341245859852402e-07
5.632051136131489188e-07
5.360037313302958558e-07
5.632051136131489188e-07
6.612110101926616016e-07
5.423098745182500246e-07
4.295346318982905896e-07
4.011234224026315596e-07
2.599999999999999988e-07
4.099999999999999920e-07
5.147815070493500141e-07
6.700000000000000438e-07
1.108873302050329020e-06
1.260634760745553889e-06
1.703555106241063324e-06
1.799999999999999919e-06
1.942086506827128917e-06
1.840108692441835200e-06
1.703555106241063324e-06
1.430873858870865033e-06
1.310152662860324784e-06
1.126410227226297838e-06
9.296235797353679005e-07
1.111125555461667784e-06
1.031212878119741122e-06
9.326306878931230916e-07
6.296824596572465175e-07
5.261178575186361666e-07
2.668332812825266796e-07
7.071067811865478428e-08
-2.816025568065744594e-07
-6.020797289396146755e-07
-6.307138812488591376e-07
-8.736704184073075933e-07
-9.812746812182611053e-07
-1.113058848399310806e-06
-1.161550687658528279e-06
-1.260357092256000280e-06
-1.310343466423975452e-06
-1.461129699924000636e-06
-1.390323703315166941e-06
-1.214125199474914203e-06
-9.808159868191382084e-07
-5.522680508593630224e-07
6.403124237432849331e-08
3.569313659514949619e-07
8.158431221748456273e-07
1.100045453606349889e-06
1.180677771451635131e-06
1.235839795442758870e-06
1.293135723735138248e-06
1.310610544746226202e-06
1.412869420717994134e-06
1.561153419750922542e-06
1.771383639983162937e-06
1.973068675946177078e-06
1.862686232300008272e-06
1.810248601711930829e-06
1.660481857775025369e-06
1.450137924474772370e-06
1.230365799264592797e-06
1.150043477439005378e-06
1.030436800585072332e-06
9.500000000000000100e-07
8.720665112249181072e-07
8.315046602394962010e-07
8.637129152675673673e-07
5.787054518492114509e-07
4.104875150354758081e-07
2.807133769523640299e-07
2.499999999999999887e-07
2.353720459187963870e-07
2.983286778035259639e-07
4.410215414239989575e-07
5.731491952362840876e-07
6.067124524847005340e-07
4.909175083453430793e-07
4.884669896727925150e-07
-2.236067977499789162e-08
-2.973213749463700855e-07
-6.888396039717809507e-07
-9.873196037757984477e-07
-1.122185367931697908e-06
-1.230040649734796469e-06
-1.080462863776446447e-06
-1.013163362938080275e-06
-9.025519375637060155e-07
-7.962411694957754187e-07
-7.134423592694787103e-07
-5.921148537234984872e-07
-3.601388621073821209e-07
1.140175425099137964e-07
4.304648650006177222e-07
7.550496672405067843e-07
1.231462545106427530e-06
1.350148140020197851e-06
1.534698667491439443e-06
1.410000000000000053e-06
1.480540441865739782e-06
1.301383878799795305e-06
1.220040982918196817e-06
1.310038167382920108e-06
1.080185169311262094e-06
1.222006546627308299e-06
1.261942946412396283e-06
1.400571312000927602e-06
1.570031846810758242e-06
1.590125781188393952e-06
1.420880009008501704e-06
1.460547842420781556e-06
1.340149245420076362e-06
1.182708755357801557e-06
8.448076704197233782e-07
7.117583859709697826e-07
5.656854249492380625e-07
6.203224967708328974e-07
4.272001872658765521e-07
2.601922366251537393e-07
7.280109889280519425e-08
-7.071067811865478428e-08
-2.817800560721074026e-07
-3.067572330035593351e-07
-3.214031735997639411e-07
-1.746424919657298090e-07
-1.835755975068582120e-07
-1.612451549659709993e-07
-1.019803902718557166e-07
-2.517935662402834199e-07
-2.507987240796890443e-07
-5.385164807134504221e-07
-6.826419266350403755e-07
-6.296824596572466234e-07
-8.492938243034620519e-07
-8.354639429682168367e-07
-4.341658669218482061e-07
-2.549509756796392585e-07
-1.299999999999999994e-07
2.823118842698620994e-07
1.878829422805593254e-07
3.705401462729781071e-07
8.102468759581858904e-07
7.623647421018367610e-07
8.139410298049853004e-07
7.025667228100118283e-07
9.126883367283707263e-07
8.005623023850173993e-07
9.508417323613851701e-07
1.011780608630151809e-06
9.850888284819799835e-07
8.700574693662482856e-07
8.409518416651455167e-07
7.402702209328698910e-07
7.310950690573695234e-07
8.528774824088158687e-07
1.011236866416568323e-06
1.333754100274859424e-06
1.212641744292187891e-06
1.430139853301068030e-06
1.400142849854970970e-06
1.250159989761310598e-06
1.140175425099138017e-06
7.840918313565063737e-07
4.964876634922563343e-07
4.210700654285460183e-07
2.601922366251537393e-07
2.340939982143925070e-07
2.745906043549196094e-07
2.059126028197399950e-07
5.015974481593780887e-07
4.669047011971500799e-07
3.182766092567910044e-07
4.130375285612676725e-07
1.555634918610404460e-07
4.999999999999999774e-08
-6.082762530298218642e-08
-2.475883680627989348e-07
-2.408318915758458702e-07
-2.700000000000000090e-07
-3.640054944640258786e-07
-3.705401462729781071e-07
-7.102112361825881047e-07
-7.679192665899195846e-07
-7.963039620647381748e-07
-8.030566605165540430e-07
-5.100980297942739570e-07
-1.868154169226940288e-07
2.302172886644267673e-07
5.217278984298232681e-07
7.410802925459562142e-07
9.119758768739444148e-07
9.588534820294497124e-07
8.551023330572780287e-07
7.976214641043706932e-07
7.400675644831355096e-07
6.549045732013176424e-07
7.500666637039670815e-07
8.702298546935746424e-07
8.521150157109074524e-07
9.662815324738436703e-07
9.234717104492155649e-07
1.045609869884557041e-06
1.070747402518446396e-06
1.336450522840258504e-06
1.350592462588178418e-06
1.511191582824626586e-06
1.480000000000000018e-06
1.472175261305527966e-06
1.440034721803609840e-06
1.284717867860488778e-06
1.113642671596235080e-06
8.900561780022650950e-07
5.803447251418763326e-07
4.275511665286390143e-07
2.915475947422650243e-07
2.475883680627989348e-07
2.061552812808830031e-07
-1.236931687685298495e-07
2.731300056749532041e-07
7.810249675906653035e-08
1.749285568453590199e-07
2.828427124746189783e-07
1.627882059609970389e-07
1.923538406167135237e-07
-9.999999999999999547e-08
-2.668332812825266796e-07
-4.110960958218893478e-07
-5.440588203494177373e-07
-7.375635565834309772e-07
-7.805767098754612710e-07
-8.060397012554653592e-07
-8.130190649671138466e-07
-7.999999999999999638e-07
-5.787054518492114509e-07
-3.640054944640258786e-07
-2.435159132377184172e-07
1.345362404707371094e-07
2.906888370749726671e-07
5.899999999999999627e-07
8.249242389456137902e-07
1.024890238025516527e-06
1.200374941424553267e-06
1.219262071910711053e-06
1.411736519326464272e-06
1.222620137246233794e-06
1.250999600319680607e-06
1.170170927685353128e-06
1.181524439019354349e-06
1.160043102647483400e-06
1.171067888723792279e-06
1.100409014866744848e-06
1.120401713672377580e-06
1.150173899895141974e-06
1.120714058089752125e-06
1.181524439019354349e-06
1.160387866189577162e-06
1.142803570172932280e-06
1.060754448494089572e-06
9.304837451562493460e-07
8.800000000000000449e-07
8.728115489611717971e-07
6.412487816752559625e-07
5.423098745182500246e-07
5.100980297942739570e-07
4.936598018878992238e-07
3.114482300479487198e-07
1.992485884517127717e-07
1.562049935181330607e-07
-1.360147050873544343e-07
-4.609772228646443210e-07
-6.003332407921454010e-07
-7.580237463298890950e-07
-8.528774824088158687e-07
-8.814193099768124722e-07
-1.012422836565829523e-06
-9.265527507918801621e-07
-1.160689450283752665e-06
-1.085587398600407505e-06
-1.010049503737316947e-06
-4.903060268852504765e-07
-5.119570294468080886e-07
-5.656854249492380095e-08
2.499999999999999887e-07
6.338769596696191856e-07
8.009993757800313658e-07
1.120401713672377580e-06
1.090045870594444226e-06
1.140394668524892820e-06
1.109999999999999960e-06
1.210041321608481287e-06
1.320946630261798281e-06
1.340000000000000088e-06
1.443468046061290616e-06
1.421724305201258046e-06
1.171067888723792279e-06
1.110180165558725930e-06
9.600520819205590622e-07
1.141577855426426915e-06
1.151564153662313273e-06
9.599999999999999142e-07
1.260357092256000280e-06
1.290155029444136194e-06
1.200041665943312002e-06
1.260991673247686461e-06
1.194194289050152896e-06
8.205485969764374674e-07
6.818357573492313503e-07
3.705401462729781071e-07
3.006659275674581825e-07
3.101612483854164487e-07
2.433105012119287457e-07
2.816025568065744594e-07
-2.012461179749810345e-07
-2.220360331117451965e-07
-1.886796226411320737e-07
-3.401470270338990001e-07
-3.067572330035593351e-07
-2.751363298439520619e-07
-2.370653918225939568e-07
-2.801785145224379783e-07
-2.126029162546929879e-07
-1.341640786499873298e-07
-9.486832980505137573e-08
-2.601922366251537393e-07
-2.340939982143925070e-07
-2.915475947422650243e-07
-5.096076922496362936e-07
-3.505709628591620793e-07
-3.306055050963308008e-07
-4.365775990588614657e-07
-1.204159457879229351e-07
2.236067977499789162e-08
1.649242250247064396e-07
3.006659275674581825e-07
4.846648326421052952e-07
7.611832893594026012e-07
8.980534505250786284e-07
1.070747402518446396e-06
1.090045870594444226e-06
1.260198397078809246e-06
1.401285124448268540e-06
1.554638221580828235e-06
1.510132444522664971e-06
1.570031846810758242e-06
1.513307635611477360e-06
1.435444182126215556e-06
1.281912633528509957e-06
1.130398159941885182e-06
1.092245393673051871e-06
1.060188662455885609e-06
1.060000000000000016e-06
9.904544411531506453e-07
1.020784012413987625e-06
8.720665112249181072e-07
7.106335201775947131e-07
5.573149917237109902e-07
5.189412298131649418e-07
4.031128874149274586e-07
3.125699921617556815e-07
1.702938636592640157e-07
7.615773105863908810e-08
-6.708203932499369139e-08
-2.459674775249768640e-07
-3.962322551231789947e-07
-4.554119014694280285e-07
-5.108815909777920471e-07
-5.341348144429456873e-07
-5.239274758971893741e-07
-4.504442251822083036e-07
-4.799999999999999571e-07
-4.049691346263317245e-07
-4.119465984809196057e-07
-4.060788100849390529e-07
-3.059411708155671102e-07
-2.640075756488816967e-07
-2.009975124224177801e-07
-1.649242250247064396e-07
8.544003745317529718e-08
6.403124237432849331e-08
1.802775637731994388e-07
2.662705391138869260e-07
4.060788100849390529e-07
5.385164807134504221e-07
7.481310045707234995e-07
9.126883367283707263e-07
1.115437134042075906e-06
1.200166655094199826e-06
1.340149245420076362e-06
1.340000000000000088e-06
1.470544116985274111e-06
1.511621645783097329e-06
1.363671514698462701e-06
1.370145977624282170e-06
1.274754878398196187e-06
1.120401713672377580e-06
1.071680922663084372e-06
9.712878049270463650e-07
9.104943712072029161e-07
8.075270893288967597e-07
7.202777242147642417e-07
7.402702209328698910e-07
5.632051136131489188e-07
4.210700654285460183e-07
5.333854141237834636e-07
6.296824596572466234e-07
5.303772242470447861e-07
4.609772228646443740e-07
3.544009029333869902e-07
1.063014581273464940e-07
-9.848857801796106282e-08
1.252996408614166864e-07
-1.170469991071962535e-07
0.000000000000000000e+00
-1.972308292331601814e-07
-2.408318915758458702e-07
-2.154065922853801636e-07
-3.649657518178931715e-07
-3.361547262794322453e-07
-4.916299421312740831e-07
-4.328972164382672657e-07
-3.373425558686600599e-07
-2.308679276123039442e-07
-2.433105012119287457e-07
-1.603121954188139906e-07
-8.062257748298543348e-08
1.400000000000000095e-07
2.202271554554524054e-07
2.517935662402834199e-07
5.108815909777920471e-07
5.900847396772771543e-07
6.706713054842886311e-07
7.002856560004638012e-07
6.600000000000000337e-07
7.741446893184762733e-07
9.308598175880189375e-07
9.308598175880189375e-07
1.150695441895899687e-06
1.151564153662313273e-06
1.151086443322133757e-06
1.231462545106427530e-06
1.520296023805890387e-06
1.310038167382920108e-06
1.400571312000927602e-06
1.250039999360020593e-06
1.192686044187656355e-06
1.010198000393982371e-06
8.315046602394962010e-07
7.100704190430692327e-07
7.125307010929423216e-07
5.728001396647874777e-07
5.336665625650533592e-07
3.945883931389771779e-07
3.535533905932737361e-07
3.132091952673164794e-07
2.280350850198275928e-07
1.780449381476485801e-07
1.931320791582796542e-07
3.306055050963308008e-07
2.435159132377184172e-07
2.202271554554523789e-07
1.315294643796590416e-07
1.476482306023340096e-07
0.000000000000000000e+00
-1.280624847486569601e-07
-2.353720459187963870e-07
-3.956008088970496488e-07
-4.687216658103185514e-07
-3.905124837953327841e-07
-5.440588203494177373e-07
-4.539823785126466700e-07
-5.622277118748239204e-07
-3.981205847478877094e-07
-3.687817782917154886e-07
-2.061552812808830296e-07
-1.081665382639196738e-07
1.886796226411320737e-07
3.712142238654116758e-07
5.727128425310541194e-07
7.902531240052138870e-07
9.208691546577070693e-07
1.131370849898476125e-06
1.159741350474320194e-06
1.199999999999999946e-06
1.233288287465668096e-06
1.246795893480564882e-06
1.351813596617521854e-06
1.480979405663697777e-06
1.560801076370720737e-06
1.683597339033297550e-06
1.715721422609159980e-06
1.660271062206409718e-06
1.472175261305527966e-06
1.349999999999999992e-06
1.006031808642251466e-06
6.800735254367721716e-07
4.272001872658765521e-07
2.483948469674844393e-07
-1.431782106327635299e-07
-2.102379604162863792e-07
-3.413209633175201877e-07
-4.742362280551750566e-07
-6.530696746902279244e-07
-6.303173803727769443e-07
-5.573149917237109902e-07
-6.007495318350235243e-07
-3.312099032335838718e-07
-2.061552812808830561e-07
2.282542442102664913e-07
3.733630940518893473e-07
4.554119014694279756e-07
5.261178575186361666e-07
4.229657196511319780e-07
3.505709628591620793e-07
1.941648783894759924e-07
8.602325267042626311e-08
1.303840481040529949e-07
7.071067811865475781e-08
1.664331697709324067e-07
1.503329637837290913e-07
1.100000000000000056e-07
4.123105625617662313e-08
4.999999999999999774e-08
9.848857801796104958e-08
2.102379604162863792e-07
3.324154027718932416e-07
4.729693436154187014e-07
7.702596964660685226e-07
1.050428484000695755e-06
1.100409014866744848e-06
1.220655561573370225e-06
1.330338302838793032e-06
1.300346107772849941e-06
1.330150367439711575e-06
1.242577965360725263e-06
1.190168055360250426e-06
1.160689450283752665e-06
1.060188662455885609e-06
1.000449898795536880e-06
1.080000000000000036e-06
8.900561780022650950e-07
9.718538984847465951e-07
1.000049998750062343e-06
4.799999999999999571e-07
5.532630477449221271e-07
3.801315561749642733e-07
4.101219330881975635e-07
3.471310991541956000e-07
2.549509756796392585e-07
1.664331697709323803e-07
-8.944271909999156646e-08
0.000000000000000000e+00
-1.303840481040529949e-07
-4.049691346263317245e-07
-2.973213749463701384e-07
-3.807886552931954273e-07
-3.008321791298264778e-07
-2.961418578992169165e-07
-3.883297567789519847e-07
-2.459674775249768640e-07
-1.910497317454280469e-07
9.999999999999999547e-08
2.404163056034261871e-07
2.308679276123038912e-07
2.816025568065744594e-07
4.310452412450461355e-07
3.383784863137726122e-07
2.469817807045693678e-07
3.099999999999999966e-07
4.210700654285460183e-07
4.699999999999999999e-07
5.295280917949491175e-07
5.622277118748239204e-07
6.013318551349163651e-07
8.006247560499237240e-07
7.816009211867652757e-07
1.038171469459645837e-06
9.908077512817510679e-07
1.170170927685353128e-06
1.256741819149820590e-06
1.172731853408953904e-06
1.180169479354554309e-06
1.200041665943312002e-06
1.200666481584290802e-06
1.010049503737316947e-06
9.308598175880189375e-07
8.309632964216891218e-07
6.099999999999999830e-07
5.000999900019994758e-07
4.716990566028302107e-07
4.393176527297759513e-07
4.652956049652736702e-07
4.652956049652736702e-07
5.115662224971464811e-07
4.455333881989093305e-07
2.973213749463701384e-07
2.780287754891568803e-07
2.580697580112788290e-07
1.216552506059642934e-07
3.605551275463989569e-08
-6.324555320336758382e-08
-1.838477631085023597e-07
-8.602325267042626311e-08
-1.486606874731850692e-07
-8.062257748298549966e-08
-1.503329637837290913e-07
-1.788854381999831859e-07
-2.059126028197399950e-07
-1.746424919657298090e-07
-4.999999999999999774e-08
9.433981132056602360e-08
2.617250465660480088e-07
3.613862199918530070e-07
4.570557952810575334e-07
5.821511831131153853e-07
5.408326913195984222e-07
3.811823710509183805e-07
2.256102834535695607e-07
1.403566884761820149e-07
1.345362404707371094e-07
1.835755975068582120e-07
2.325940669922601335e-07
4.368065933568310861e-07
5.503635162326805415e-07
8.348652585896720592e-07
9.013878188659972997e-07
1.094577544078079427e-06
1.124455423749647841e-06
1.223315167894193905e-06
1.160043102647483400e-06
1.135649593844861989e-06
1.200666481584290802e-06
1.130707742964555758e-06
1.110720486891278982e-06
8.348652585896720592e-07
8.299999999999999942e-07
5.920304046246274777e-07
5.510898293381941651e-07
5.044799302251775010e-07
4.341658669218482061e-07
4.901020301937138210e-07
5.707013229352110089e-07
5.103920062069938126e-07
5.500000000000000281e-07
5.903388857258175655e-07
3.125699921617556815e-07
3.178049716414140383e-07
1.486606874731850692e-07
-1.902629759044044771e-07
-1.077032961426900818e-07
-2.617250465660480088e-07
-3.535533905932737361e-07
-4.804164859785725758e-07
-3.956008088970496488e-07
-4.104875150354758081e-07
-2.789265136196270742e-07
-1.702938636592640157e-07
-8.944271909999159293e-08
nan
4.999999999999999774e-08
3.733630940518894002e-07
3.501428280002319006e-07
3.008321791298264778e-07
4.356604182158393531e-07
5.308483775994799527e-07
4.632493928760187725e-07
4.801041553663121056e-07
4.617358552246077825e-07
2.789265136196270742e-07
3.492849839314596180e-07
5.115662224971464811e-07
4.801041553663121056e-07
8.005623023850173993e-07
6.200806399170997969e-07
1.081665382639196844e-06
1.109999999999999960e-06
1.300961183125768750e-06
1.242577965360725263e-06
1.300038460969520699e-06
1.240040321925057419e-06
1.060754448494089572e-06
1.020196059588547914e-06
1.020441081101696947e-06
9.204890004774635037e-07
8.509406559801923123e-07
7.467261881037788004e-07
7.764663547121665876e-07
6.378871373526823842e-07
4.909175083453430793e-07
4.925444142409899918e-07
3.748332962798262483e-07
4.143669871020132598e-07
2.418677324489564857e-07
1.969771560359220992e-07
1.081665382639196738e-07
5.099019513592785832e-08
-8.062257748298549966e-08
-3.511409973215887340e-07
-5.671860364994894054e-07
-5.178802950489620386e-07
-5.941380311005178791e-07
-5.510898293381941651e-07
-4.099999999999999920e-07
-3.667424164178449425e-07
-1.581138830084189596e-07
8.999999999999999857e-08
3.501428280002319006e-07
5.223983154643590208e-07
6.200806399170997969e-07
7.002856560004638012e-07
8.109870529176159757e-07
1.042353107157070833e-06
7.800640999302557919e-07
8.856635930193811873e-07
8.202438661763951271e-07
7.510659092250161001e-07
7.513321502504735277e-07
7.269112738154499484e-07
5.500909015790026693e-07
3.453983207834108762e-07
2.915475947422650243e-07
3.337663853655727159e-07
3.622154055254966775e-07
4.876474136094643873e-07
5.375872022286244625e-07
6.637017402418047779e-07
7.100704190430692327e-07
6.207253821135397942e-07
6.319810123729984660e-07
6.627216610312356481e-07
4.999999999999999774e-07
3.676955262170047194e-07
4.404543109109048108e-07
4.356604182158393531e-07
4.904079934095691042e-07
6.999999999999999683e-07
7.433034373659253461e-07
7.833900688673555548e-07
9.319334740205439470e-07
8.158431221748456273e-07
8.105553651663777005e-07
7.481310045707234995e-07
5.907622195096771745e-07
6.319810123729984660e-07
5.178802950489620386e-07
3.736308338453880576e-07
1.746424919657298090e-07
9.055385138137411644e-08
-2.640075756488816967e-07
-3.911521443121589583e-07
-5.099019513592785170e-07
-4.687216658103185514e-07
-3.612478373637688582e-07
-1.104536101718726124e-07
1.749285568453590199e-07
3.716180835212409108e-07
4.609772228646443740e-07
6.462971452822610011e-07
8.099999999999999739e-07
7.106335201775947131e-07
7.106335201775947131e-07
7.400000000000000089e-07
6.407027391856538951e-07
5.922837157984338331e-07
5.059644256269406706e-07
3.401470270338989472e-07
2.765863337187866561e-07
2.202271554554524054e-07
2.158703314492290286e-07
2.865309756378880737e-07
2.692582403567252111e-07
4.657252408878007159e-07
6.103277807866851124e-07
8.401190391843289173e-07
8.299999999999999942e-07
9.364827814754523602e-07
1.030194156457898047e-06
9.159148432032314133e-07
8.089499366462673787e-07
5.807753438292641393e-07
4.060788100849390529e-07
1.746424919657298090e-07
1.044030650891055064e-07
-1.004987562112088901e-07
-1.711724276862369833e-07
2.830194339616980840e-07
3.466987164671943118e-07
2.701851217221259178e-07
5.028916384272062927e-07
4.916299421312740831e-07
5.869412236331674807e-07
5.100980297942739570e-07
5.921148537234984872e-07
6.029925372672534198e-07
4.499999999999999796e-07
6.003332407921454010e-07
6.802940540677978944e-07
6.228964600958974397e-07
6.013318551349163651e-07
5.162363799656122290e-07
4.704253394535630526e-07
4.709564735726646759e-07
7.006425622241342702e-07
5.035871324805668398e-07
7.915806970865319714e-07
8.700000000000000347e-07
1.159999999999999905e-06
1.130176977291609745e-06
9.213576938409968139e-07
8.309632964216891218e-07
7.500666637039670815e-07
5.315072906367324434e-07
5.115662224971464811e-07
2.402082429892862879e-07
-5.099019513592785170e-08
1.843908891458577443e-07
1.118033988749894945e-07
1.923538406167134443e-07
1.900000000000000073e-07
1.208304597359457158e-07
1.615549442140351161e-07
3.551056180912940524e-07
2.942787793912432246e-07
2.340939982143925070e-07
2.846049894151541801e-07
2.617250465660480088e-07
5.080354318352214279e-07
2.473863375370595932e-07
3.008321791298264778e-07
2.319482700948640176e-07
1.640121946685672499e-07
1.581138830084189596e-07
1.389244398944980380e-07
1.216552506059643728e-07
2.302172886644267673e-07
4.079215610874228136e-07
4.440720662234903930e-07
7.716216689544171233e-07
7.002856560004638012e-07
5.147815070493500141e-07
6.003332407921454010e-07
4.517742799230606516e-07
4.079215610874228136e-07
1.843908891458577443e-07
2.729468812791236479e-07
9.848857801796104958e-08
2.601922366251537393e-07
3.535533905932737361e-07
5.721887800367987759e-07
5.223983154643590208e-07
7.976214641043706932e-07
9.305912099305473404e-07
8.920201791439473504e-07
8.600000000000000246e-07
1.010445446325530216e-06
1.101135777277262053e-06
1.000199980003998952e-06
1.040048075811882990e-06
8.914033879226620367e-07
7.907591289387686088e-07
5.522680508593630224e-07
3.125699921617556815e-07
2.163330765278393477e-07
2.118962010041709175e-07
3.765634076752546150e-07
4.200000000000000022e-07
5.445181356024792549e-07
6.363961030678927674e-07
7.034912934784623232e-07
6.760177512462228251e-07
6.700746227100381811e-07
5.770615218501404122e-07
4.019950248448355603e-07
4.178516483155236328e-07
2.531797780234432614e-07
1.486606874731850692e-07
1.236931687685297966e-07
-1.503329637837290648e-07
-1.280624847486569601e-07
-1.264911064067351676e-07
-1.802775637731994652e-07
-1.299999999999999994e-07
1.526433752247374909e-07
2.024845673131658622e-07
2.647640458974745588e-07
4.816637831516917404e-07
6.500769185258003064e-07
7.629547824084990245e-07
7.400675644831355096e-07
6.900724599634446135e-07
5.458937625582472958e-07
5.141984052872976109e-07
4.130375285612676725e-07
3.478505426185217640e-07
2.402082429892862879e-07
1.923538406167134443e-07
2.507987240796890443e-07
3.832753579347359766e-07
5.603570290448760626e-07
5.608921464952063687e-07
7.816009211867652757e-07
8.809086218218096215e-07
9.924716620639604500e-07
1.030048542545447284e-06
9.124143795447329287e-07
9.704638066409276610e-07
9.353608929178084651e-07
7.500666637039670815e-07
7.144928271158499919e-07
5.514526271584894250e-07
3.206243908376279813e-07
3.860051813123756289e-07
1.920937271229854667e-07
1.000000000000000021e-08
3.220248437620923373e-07
1.019803902718557034e-07
1.726267650163206795e-07
3.006659275674581825e-07
4.123105625617660592e-07
3.736308338453880576e-07
2.154065922853801636e-07
3.448187929913333730e-07
1.897366596101027515e-07
6.708203932499369139e-08
-7.211102550927979139e-08
-1.403566884761820149e-07
-1.029563014098699975e-07
-7.810249675906654358e-08
2.236067977499789162e-08
1.746424919657298090e-07
2.716615541441225081e-07
4.210700654285460183e-07
6.700000000000000438e-07
8.002499609497021777e-07
8.099999999999999739e-07
1.010000000000000071e-06
9.500000000000000100e-07
8.429116205154606515e-07
7.716216689544171233e-07
8.100617260431453734e-07
6.199999999999999931e-07
4.304648650006177222e-07
2.745906043549196094e-07
3.201562118716424268e-07
2.531797780234432614e-07
1.199999999999999893e-07
-2.236067977499789823e-08
1.236931687685297966e-07
2.353720459187963870e-07
4.304648650006177222e-07
4.001249804748510888e-07
4.738143096192853152e-07
6.902897942168926491e-07
4.301162633521313817e-07
5.707889277132134577e-07
3.805259518088089541e-07
2.499999999999999887e-07
3.275667870831840411e-07
2.729468812791236479e-07
3.721558813185678796e-07
4.850773134253960335e-07
5.217278984298232681e-07
7.702596964660685226e-07
6.519202405202648953e-07
9.900505037623082380e-07
9.200543462209176000e-07
9.500526301210896316e-07
9.702061636580135827e-07
1.000049998750062343e-06
8.631338250816035036e-07
7.454528824815154337e-07
7.106335201775947131e-07
4.804164859785725758e-07
-2.607680962081062016e-07
-8.062257748298551289e-08
-1.004987562112090092e-07
1.772004514666935215e-07
-8.062257748298549966e-08
6.324555320336758382e-08
1.204159457879229616e-07
3.511409973215887340e-07
5.315072906367324434e-07
7.156814934033155614e-07
8.802272433866155818e-07
8.547514258543240299e-07
8.570880934886448615e-07
7.099999999999999785e-07
5.727128425310541194e-07
4.477722635447621945e-07
1.802775637731994388e-07
7.071067811865474458e-08
0.000000000000000000e+00
-1.581138830084189596e-07
-1.100000000000000056e-07
-2.236067977499789162e-08
1.081665382639196738e-07
2.507987240796890443e-07
3.807886552931954273e-07
6.307138812488591376e-07
8.309632964216891218e-07
8.854377448471462794e-07
9.812746812182611053e-07
9.800510190801291398e-07
8.905054744357273448e-07
7.741446893184762733e-07
6.360031446463137736e-07
4.031128874149274586e-07
2.999999999999999335e-07
8.602325267042627634e-08
8.246211251235324625e-08
1.216552506059642934e-07
1.802775637731994388e-07
3.962322551231789418e-07
4.870318264754368344e-07
5.603570290448760626e-07
6.395310782127792848e-07
7.002856560004638012e-07
6.300000000000000033e-07
7.343704787094861961e-07
6.802940540677978944e-07
6.118823416311342204e-07
6.007495318350235243e-07
4.301162633521313817e-07
3.361547262794322453e-07
1.204159457879229351e-07
2.469817807045693148e-07
8.944271909999156646e-08
1.897366596101027515e-07
1.969771560359220992e-07
4.535416188179426757e-07
4.981967482832460275e-07
7.000714249274854852e-07
7.605918747922567346e-07
7.616429609731846611e-07
7.316419889536137967e-07
6.926037828369116472e-07
5.423098745182500246e-07
3.423448553724737548e-07
1.664331697709324067e-07
1.131370849898476019e-07
5.099019513592785832e-08
-9.999999999999999547e-08
9.999999999999999547e-08
2.220360331117451700e-07
2.720294101747088687e-07
1.923538406167134443e-07
5.048762224545735308e-07
4.341658669218482061e-07
5.830951894845300487e-07
7.125307010929423216e-07
7.424284477308233516e-07
6.811754546370560628e-07
6.403124237432848536e-07
6.100819617067856662e-07
5.277309920783504681e-07
3.423448553724737548e-07
1.456021977856103885e-07
2.080865204668480934e-07
1.104536101718726124e-07
3.324154027718932416e-07
2.789265136196270742e-07
4.617358552246077825e-07
5.178802950489620386e-07
6.099999999999999830e-07
5.800862004909269370e-07
5.608029957123981762e-07
5.508175741568164961e-07
5.474486277268397572e-07
4.504442251822083036e-07
3.649657518178931715e-07
2.236067977499789889e-07
3.505709628591620793e-07
3.901281840626232536e-07
4.304648650006177222e-07
4.716990566028302107e-07
5.300000000000000078e-07
5.135172830587106587e-07
5.103920062069938126e-07
6.103277807866851124e-07
6.053098380168622619e-07
9.013878188659972997e-07
7.433034373659253461e-07
1.020784012413987625e-06
7.805767098754612710e-07
7.206247289678588638e-07
5.015974481593780887e-07
2.647640458974745588e-07
2.549509756796392585e-07
2.102379604162863792e-07
1.456021977856103885e-07
2.435159132377184172e-07
2.607680962081059369e-07
4.244997055358224658e-07
5.800862004909269370e-07
5.400925846556310470e-07
6.113100686231168970e-07
6.438167441127948760e-07
6.603029607687670968e-07
3.687817782917154886e-07
5.124451190127582637e-07
4.726520919238589434e-07
3.889730067755344928e-07
3.201562118716424268e-07
2.280350850198275928e-07
2.707397274136176926e-07
8.602325267042627634e-08
2.302172886644267673e-07
2.570992026436488054e-07
2.961418578992169165e-07
3.981205847478877094e-07
5.772347875864725252e-07
7.355270219373317045e-07
7.710382610480494188e-07
7.523961722390671860e-07
7.616429609731846611e-07
7.200694410957876727e-07
6.527633568147035800e-07
4.609772228646443210e-07
4.201190307520000934e-07
2.236067977499789889e-07
2.202271554554524054e-07
2.418677324489564857e-07
2.353720459187963870e-07
2.647640458974745588e-07
3.601388621073821209e-07
5.445181356024792549e-07
5.608029957123981762e-07
6.300793600809345233e-07
7.071067811865474722e-07
6.592419889539804166e-07
8.050465825031492320e-07
8.237718130647588282e-07
7.017834423809099423e-07
5.930430001273094741e-07
4.792702786528704225e-07
3.478505426185217640e-07
1.984943324127920741e-07
-3.605551275463989569e-08
-5.385164807134503427e-08
-7.071067811865478428e-08
8.062257748298543348e-08
1.612451549659708670e-07
1.749285568453589934e-07
2.745906043549196094e-07
3.399999999999999740e-07
4.016217125604640546e-07
4.004996878900156829e-07
4.197618372363071455e-07
5.632051136131489188e-07
3.712142238654116758e-07
2.816025568065744594e-07
2.745906043549196094e-07
3.551056180912940524e-07
3.178049716414140383e-07
2.901723625709381663e-07
3.106444913401813157e-07
5.770615218501404122e-07
6.972087205421342759e-07
8.321658488546619014e-07
7.523961722390671860e-07
9.343446901438462125e-07
9.027181176868003845e-07
9.402127418834526806e-07
8.614522621712708835e-07
8.249242389456137902e-07
8.023091673413683976e-07
6.207253821135397942e-07
4.220189569201838651e-07
3.224903099319419986e-07
2.983286778035259639e-07
4.472135954999578323e-08
5.830951894845300222e-08
-1.019803902718557166e-07
-4.472135954999578323e-08
2.299999999999999949e-07
2.137755832643195072e-07
3.106444913401813157e-07
2.915475947422650243e-07
4.205948168962617969e-07
2.720294101747088687e-07
2.202271554554524054e-07
3.352610922848042304e-07
4.026164427839479438e-07
3.511409973215887340e-07
4.539823785126466700e-07
3.820994634908560408e-07
4.903060268852504765e-07
5.573149917237109902e-07
3.832753579347359766e-07
5.651548460377916500e-07
6.449806198638839973e-07
8.161494961096281763e-07
7.233947746562730022e-07
7.900632886041471871e-07
9.219544457292886421e-07
6.506919393998976527e-07
7.211102550927978609e-07
5.807753438292641393e-07
4.638965401897280352e-07
3.228002478313794621e-07
1.216552506059643728e-07
3.026549190084311310e-07
2.370653918225939568e-07
3.605551275463989305e-07
4.617358552246077825e-07
6.403124237432848536e-07
8.421401308570920367e-07
7.502666192761077253e-07
9.400531899844816497e-07
7.111258679024409509e-07
9.402127418834526806e-07
8.115417426109392346e-07
6.700000000000000438e-07
7.402702209328698910e-07
4.801041553663121056e-07
1.414213562373095156e-07
1.565247584249852843e-07
-8.485281374238568820e-08
4.472135954999578323e-08
-1.100000000000000056e-07
-1.019803902718557166e-07
2.501999200639360897e-07
3.238826948140329581e-07
3.624913792078371475e-07
5.899999999999999627e-07
6.103277807866851124e-07
5.514526271584894250e-07
6.506919393998976527e-07
5.234500931320960176e-07
5.024937810560445165e-07
4.201190307520000934e-07
3.649657518178931715e-07
2.499999999999999887e-07
1.077032961426900685e-07
1.456021977856103885e-07
2.549509756796392585e-07
2.024845673131658622e-07
3.811823710509183805e-07
4.904079934095691042e-07
5.500909015790026693e-07
6.007495318350235243e-07
7.716216689544171233e-07
7.317103251970686670e-07
7.851751396981440793e-07
7.778174593052022830e-07
8.600000000000000246e-07
7.400675644831355096e-07
6.212889826803626313e-07
5.403702434442518356e-07
2.353720459187963870e-07
1.772004514666935215e-07
1.746424919657298090e-07
1.676305461424021152e-07
2.451530134426252383e-07
3.300000000000000168e-07
5.748912940721924762e-07
5.721887800367987759e-07
5.703507692639679767e-07
6.519202405202648953e-07
5.813776741499453342e-07
5.544366510251645099e-07
4.410215414239989575e-07
3.101612483854164487e-07
2.915475947422650243e-07
1.104536101718726124e-07
1.523154621172781762e-07
4.472135954999579647e-08
5.999999999999999464e-08
2.280350850198276193e-07
2.022374841615668447e-07
3.006659275674581825e-07
4.438468204234429400e-07
4.837354648979129715e-07
5.854912467321778775e-07
5.100980297942739570e-07
6.020797289396146755e-07
6.236986451805070766e-07
5.408326913195984222e-07
4.317406628984580572e-07
4.517742799230606516e-07
3.807886552931954273e-07
3.195309061734091452e-07
3.257299494980466043e-07
3.811823710509183805e-07
3.805259518088089541e-07
4.652956049652736702e-07
4.709564735726646759e-07
6.000833275470999132e-07
6.972087205421342759e-07
6.400000000000000134e-07
6.706713054842886311e-07
6.760177512462228251e-07
5.803447251418763326e-07
5.303772242470447861e-07
5.015974481593780887e-07
4.104875150354758081e-07
5.147815070493500141e-07
5.141984052872976109e-07
3.710795063055894427e-07
3.505709628591620793e-07
3.748332962798262483e-07
3.324154027718932416e-07
3.687817782917154886e-07
4.220189569201838651e-07
4.909175083453430793e-07
5.807753438292641393e-07
5.336665625650533592e-07
5.491812087098392188e-07
5.532630477449221271e-07
3.900000000000000247e-07
3.962322551231789947e-07
1.868154169226940288e-07
-4.999999999999999774e-08
2.009975124224177801e-07
2.236067977499789162e-08
1.720465053408525262e-07
1.868154169226940288e-07
3.324154027718932416e-07
3.080584360149872535e-07
2.729468812791236479e-07
5.346026561849463971e-07
5.124451190127582637e-07
4.726520919238589434e-07
4.301162633521313817e-07
5.393514624064720317e-07
6.407027391856538951e-07
4.159326868617084238e-07
4.816637831516917404e-07
6.791170738539857964e-07
4.275511665286390143e-07
4.609772228646443210e-07
4.901020301937138210e-07
4.418144406874904497e-07
4.699999999999999999e-07
5.308483775994799527e-07
8.905054744357273448e-07
8.459314393022639560e-07
7.410802925459562142e-07
8.005623023850173993e-07
7.011419257183241587e-07
7.500666637039670815e-07
4.104875150354758081e-07
4.301162633521313817e-07
3.712142238654116758e-07
2.088061301782109863e-07
2.002498439450078414e-07
3.401470270338989472e-07
2.549509756796392585e-07
3.601388621073821209e-07
4.200000000000000022e-07
3.883297567789519847e-07
5.813776741499453342e-07
5.700877125495690085e-07
6.512296062065975188e-07
6.007495318350235243e-07
6.300793600809345233e-07
5.414794548272353852e-07
3.512833614050059142e-07
4.627094120503709615e-07
3.705401462729781071e-07
3.413209633175201877e-07
9.999999999999999547e-08
1.603121954188139906e-07
4.999999999999999774e-08
1.104536101718726124e-07
1.811077027627483388e-07
2.906888370749726671e-07
2.563201123595258783e-07
4.899999999999999672e-07
6.612110101926616016e-07
5.899999999999999627e-07
5.830951894845300487e-07
5.813776741499453342e-07
5.731491952362840876e-07
5.703507692639679767e-07
5.508175741568164961e-07
5.103920062069938126e-07
6.040695324215582179e-07
5.400000000000000179e-07
5.208646657242166654e-07
4.904079934095691042e-07
6.203224967708328974e-07
5.531726674375733123e-07
6.606814663663572956e-07
7.502666192761077253e-07
7.034912934784623232e-07
6.198386886924693684e-07
5.787054518492114509e-07
6.412487816752559625e-07
6.199999999999999931e-07
5.308483775994799527e-07
5.805170109479997702e-07
3.471310991541956000e-07
2.765863337187866561e-07
2.061552812808830296e-07
1.216552506059643728e-07
1.414213562373095686e-07
-1.603121954188139906e-07
1.769180601295413302e-07
1.529705854077835551e-07
1.746424919657298090e-07
2.657066051117284448e-07
1.838477631085023597e-07
3.716180835212409108e-07
2.202271554554524054e-07
2.319482700948640176e-07
3.313608305156178240e-07
3.206243908376279813e-07
2.942787793912432246e-07
3.337663853655727159e-07
4.304648650006176163e-07
3.999999999999999819e-07
4.627094120503709615e-07
4.052159917870961952e-07
4.499999999999999796e-07
4.418144406874904497e-07
5.434151267677410082e-07
5.500909015790026693e-07
6.726812023536855207e-07
6.648308055437864833e-07
7.156814934033155614e-07
6.747592163134936204e-07
5.412023651093922984e-07
5.703507692639679767e-07
4.904079934095691042e-07
4.709564735726646759e-07
4.400000000000000224e-07
5.024937810560445165e-07
5.375872022286244625e-07
5.920304046246274777e-07
6.935416353759880291e-07
7.400675644831355096e-07
6.476109943476871388e-07
7.025667228100118283e-07
5.721887800367987759e-07
6.207253821135397942e-07
5.100980297942739570e-07
5.124451190127582637e-07
3.206243908376279813e-07
2.745906043549196094e-07
1.720465053408525262e-07
1.562049935181330607e-07
9.486832980505137573e-08
8.062257748298549966e-08
1.044030650891054931e-07
1.392838827718412109e-07
2.473863375370595932e-07
2.517935662402834199e-07
3.201562118716424268e-07
3.492849839314596180e-07
3.945883931389771779e-07
5.824946351684280035e-07
4.401136216933077909e-07
5.300943312279428046e-07
4.726520919238589434e-07
5.000999900019994758e-07
3.811823710509183805e-07
4.509988913511872209e-07
3.801315561749642733e-07
5.063595560468865228e-07
4.517742799230606516e-07
5.842088667591411333e-07
6.958448102845920528e-07
5.608029957123981762e-07
5.707889277132134577e-07
6.220128616033594599e-07
6.300793600809345233e-07
6.918092222571190571e-07
7.406078584514209926e-07
8.360023923410745615e-07
7.805767098754612710e-07
7.333484846919642355e-07
6.774215821775979358e-07
4.716990566028302107e-07
2.022374841615668447e-07
4.257933771208753844e-07
3.306055050963308008e-07
3.395585369269928982e-07
3.901281840626232536e-07
4.410215414239989575e-07
4.418144406874904497e-07
3.931920650267500041e-07
4.901020301937138210e-07
5.203844732503074787e-07
4.981967482832460275e-07
3.590264614203248333e-07
3.832753579347359766e-07
3.255764119219941308e-07
1.204159457879229351e-07
1.216552506059643728e-07
1.199999999999999893e-07
9.848857801796104958e-08
3.200000000000000067e-07
4.219004621945796884e-07
3.405877273185280314e-07
4.219004621945796884e-07
6.082762530298219171e-07
5.573149917237109902e-07
7.500666637039670815e-07
5.300000000000000078e-07
7.117583859709697826e-07
5.108815909777920471e-07
5.024937810560445165e-07
3.805259518088089541e-07
4.804164859785725758e-07
2.844292530665578406e-07
2.473863375370595932e-07
4.318564576337836837e-07
3.736308338453880576e-07
2.640075756488816967e-07
5.035871324805668398e-07
6.003332407921454010e-07
5.854912467321778775e-07
6.600000000000000337e-07
5.821511831131153853e-07
5.124451190127582637e-07
5.503635162326805415e-07
4.535416188179426757e-07
4.499999999999999796e-07
3.201562118716424268e-07
2.088061301782109863e-07
2.778488797889960760e-07
1.802775637731994652e-07
2.596150997149434009e-07
3.052867504494749818e-07
2.353720459187963870e-07
2.906888370749726671e-07
3.238826948140329581e-07
3.800000000000000146e-07
3.544009029333869902e-07
4.604345773288535347e-07
4.570557952810575334e-07
4.609772228646443210e-07
2.707397274136176926e-07
2.906888370749726671e-07
2.319482700948640176e-07
1.392838827718412109e-07
1.640121946685672234e-07
1.992485884517127717e-07
1.835755975068582120e-07
2.751363298439520619e-07
3.401470270338989472e-07
4.627094120503709615e-07
4.318564576337836837e-07
6.747592163134936204e-07
5.903388857258175655e-07
6.403124237432848536e-07
6.627216610312356481e-07
6.612110101926616016e-07
6.824954212300622380e-07
5.474486277268397572e-07
5.124451190127582637e-07
4.866210024238574914e-07
4.609772228646443740e-07
5.003998401278721794e-07
4.866210024238574914e-07
4.753945729601884878e-07
5.015974481593780887e-07
5.953990258641677965e-07
6.103277807866851124e-07
6.609841147864296205e-07
6.844705983459041543e-07
6.902897942168926491e-07
6.519202405202648953e-07
6.239390995922598640e-07
5.799999999999999526e-07
4.799999999999999571e-07
3.901281840626232536e-07
3.059411708155671102e-07
2.236067977499789889e-07
1.699999999999999870e-07
2.865309756378880737e-07
2.846049894151541801e-07
3.992492955535425577e-07
3.238826948140329581e-07
4.964876634922563343e-07
5.403702434442518356e-07
5.721887800367987759e-07
7.256031973468694572e-07
5.854912467321778775e-07
6.618912297349165075e-07
5.346026561849463971e-07
