-50.00000000	0.00000035	0.00000015
-49.95000000	0.00000029	0.00000006
-49.90000000	0.00000033	-0.00000001
-49.85000000	0.00000040	-0.00000002
-49.80000000	0.00000028	-0.00000000
-49.75000000	0.00000026	-0.00000003
-49.70000000	0.00000036	0.00000005
-49.65000000	0.00000025	-0.00000003
-49.60000000	0.00000031	0.00000014
-49.55000000	0.00000027	0.00000008
-49.50000000	0.00000024	0.00000004
-49.45000000	0.00000026	0.00000002
-49.40000000	0.00000013	-0.00000009
-49.35000000	0.00000021	0.00000005
-49.30000000	0.00000034	0.00000001
-49.25000000	0.00000041	-0.00000001
-49.20000000	0.00000037	0.00000004
-49.15000000	0.00000037	-0.00000006
-49.10000000	0.00000037	-0.00000001
-49.05000000	0.00000030	-0.00000001
-49.00000000	0.00000042	0.00000002
-48.95000000	0.00000035	0.00000005
-48.90000000	0.00000043	0.00000008
-48.85000000	0.00000046	0.00000003
-48.80000000	0.00000034	0.00000004
-48.75000000	0.00000026	0.00000005
-48.70000000	0.00000032	-0.00000002
-48.65000000	0.00000028	-0.00000001
-48.60000000	0.00000049	0.00000004
-48.55000000	0.00000040	0.00000002
-48.50000000	0.00000030	0.00000005
-48.45000000	0.00000024	-0.00000002
-48.40000000	0.00000030	0.00000001
-48.35000000	0.00000039	0.00000005
-48.30000000	0.00000051	0.00000005
-48.25000000	0.00000036	0.00000010
-48.20000000	0.00000029	-0.00000000
-48.15000000	0.00000028	0.00000007
-48.10000000	0.00000036	0.00000003
-48.05000000	0.00000051	-0.00000001
-48.00000000	0.00000032	0.00000006
-47.95000000	0.00000039	0.00000006
-47.90000000	0.00000037	0.00000007
-47.85000000	0.00000037	0.00000007
-47.80000000	0.00000039	0.00000001
-47.75000000	0.00000031	0.00000009
-47.70000000	0.00000049	0.00000002
-47.65000000	0.00000035	-0.00000001
-47.60000000	0.00000046	0.00000004
-47.55000000	0.00000026	0.00000002
-47.50000000	0.00000027	0.00000004
-47.45000000	0.00000028	0.00000005
-47.40000000	0.00000028	0.00000007
-47.35000000	0.00000038	0.00000000
-47.30000000	0.00000024	0.00000010
-47.25000000	0.00000031	-0.00000001
-47.20000000	0.00000033	0.00000005
-47.15000000	0.00000044	0.00000004
-47.10000000	0.00000048	0.00000004
-47.05000000	0.00000024	0.00000012
-47.00000000	0.00000046	-0.00000006
-46.95000000	0.00000037	0.00000006
-46.90000000	0.00000035	-0.00000002
-46.85000000	0.00000031	0.00000004
-46.80000000	0.00000020	0.00000007
-46.75000000	0.00000030	0.00000006
-46.70000000	0.00000038	0.00000007
-46.65000000	0.00000042	0.00000003
-46.60000000	0.00000033	0.00000002
-46.55000000	0.00000046	-0.00000001
-46.50000000	0.00000054	-0.00000009
-46.45000000	0.00000034	0.00000006
-46.40000000	0.00000033	0.00000001
-46.35000000	0.00000039	0.00000003
-46.30000000	0.00000033	0.00000001
-46.25000000	0.00000040	0.00000002
-46.20000000	0.00000039	0.00000001
-46.15000000	0.00000034	-0.00000002
-46.10000000	0.00000025	0.00000006
-46.05000000	0.00000033	-0.00000001
-46.00000000	0.00000037	0.00000009
-45.95000000	0.00000043	0.00000012
-45.90000000	0.00000052	0.00000002
-45.85000000	0.00000054	-0.00000006
-45.80000000	0.00000055	0.00000002
-45.75000000	0.00000048	0.00000005
-45.70000000	0.00000051	-0.00000012
-45.65000000	0.00000036	0.00000007
-45.60000000	0.00000027	0.00000005
-45.55000000	0.00000023	0.00000007
-45.50000000	0.00000018	-0.00000002
-45.45000000	0.00000024	-0.00000012
-45.40000000	0.00000022	-0.00000002
-45.35000000	0.00000019	0.00000014
-45.30000000	0.00000021	-0.00000004
-45.25000000	0.00000022	-0.00000003
-45.20000000	0.00000021	-0.00000001
-45.15000000	0.00000024	0.00000004
-45.10000000	0.00000026	0.00000021
-45.05000000	0.00000025	-0.00000007
-45.00000000	0.00000032	0.00000010
-44.95000000	0.00000032	0.00000007
-44.90000000	0.00000029	0.00000020
-44.85000000	0.00000025	0.00000004
-44.80000000	0.00000030	-0.00000006
-44.75000000	0.00000032	0.00000010
-44.70000000	0.00000031	-0.00000001
-44.65000000	0.00000043	0.00000006
-44.60000000	0.00000044	-0.00000001
-44.55000000	0.00000055	0.00000005
-44.50000000	0.00000064	0.00000014
-44.45000000	0.00000070	0.00000006
-44.40000000	0.00000068	-0.00000007
-44.35000000	0.00000075	-0.00000007
-44.30000000	0.00000066	-0.00000003
-44.25000000	0.00000063	0.00000007
-44.20000000	0.00000054	-0.00000004
-44.15000000	0.00000041	-0.00000012
-44.10000000	0.00000044	-0.00000004
-44.05000000	0.00000034	0.00000005
-44.00000000	0.00000035	0.00000011
-43.95000000	0.00000024	0.00000005
-43.90000000	0.00000037	0.00000015
-43.85000000	0.00000039	0.00000002
-43.80000000	0.00000035	0.00000006
-43.75000000	0.00000036	0.00000002
-43.70000000	0.00000030	-0.00000002
-43.65000000	0.00000018	0.00000003
-43.60000000	0.00000030	0.00000011
-43.55000000	0.00000011	0.00000011
-43.50000000	-0.00000001	0.00000001
-43.45000000	-0.00000003	0.00000005
-43.40000000	0.00000008	0.00000016
-43.35000000	-0.00000001	0.00000001
-43.30000000	0.00000007	0.00000014
-43.25000000	0.00000003	0.00000005
-43.20000000	0.00000007	0.00000001
-43.15000000	0.00000028	0.00000007
-43.10000000	0.00000023	0.00000001
-43.05000000	0.00000025	0.00000004
-43.00000000	0.00000032	0.00000002
-42.95000000	0.00000035	0.00000005
-42.90000000	0.00000039	0.00000005
-42.85000000	0.00000052	0.00000006
-42.80000000	0.00000037	-0.00000001
-42.75000000	0.00000050	0.00000005
-42.70000000	0.00000041	-0.00000003
-42.65000000	0.00000053	0.00000002
-42.60000000	0.00000060	0.00000004
-42.55000000	0.00000049	0.00000007
-42.50000000	0.00000078	0.00000007
-42.45000000	0.00000100	0.00000012
-42.40000000	0.00000092	-0.00000003
-42.35000000	0.00000112	0.00000012
-42.30000000	0.00000113	0.00000011
-42.25000000	0.00000110	0.00000003
-42.20000000	0.00000119	0.00000012
-42.15000000	0.00000113	0.00000006
-42.10000000	0.00000080	0.00000003
-42.05000000	0.00000054	-0.00000003
-42.00000000	0.00000037	0.00000009
-41.95000000	0.00000028	0.00000006
-41.90000000	-0.00000015	0.00000003
-41.85000000	-0.00000034	-0.00000000
-41.80000000	-0.00000043	-0.00000000
-41.75000000	-0.00000041	0.00000007
-41.70000000	-0.00000046	0.00000004
-41.65000000	-0.00000059	0.00000003
-41.60000000	-0.00000055	0.00000001
-41.55000000	-0.00000066	-0.00000003
-41.50000000	-0.00000056	0.00000002
-41.45000000	-0.00000046	0.00000002
-41.40000000	-0.00000025	-0.00000002
-41.35000000	-0.00000023	0.00000008
-41.30000000	-0.00000009	0.00000003
-41.25000000	-0.00000004	0.00000008
-41.20000000	0.00000023	0.00000005
-41.15000000	0.00000040	0.00000005
-41.10000000	0.00000038	0.00000013
-41.05000000	0.00000080	0.00000004
-41.00000000	0.00000094	0.00000007
-40.95000000	0.00000105	0.00000003
-40.90000000	0.00000129	0.00000000
-40.85000000	0.00000131	0.00000010
-40.80000000	0.00000157	0.00000002
-40.75000000	0.00000164	0.00000001
-40.70000000	0.00000153	0.00000011
-40.65000000	0.00000167	-0.00000000
-40.60000000	0.00000153	-0.00000004
-40.55000000	0.00000124	0.00000003
-40.50000000	0.00000109	0.00000001
-40.45000000	0.00000068	0.00000015
-40.40000000	0.00000058	0.00000009
-40.35000000	0.00000051	0.00000012
-40.30000000	0.00000041	-0.00000007
-40.25000000	0.00000022	0.00000006
-40.20000000	0.00000006	0.00000009
-40.15000000	0.00000014	0.00000001
-40.10000000	-0.00000008	0.00000007
-40.05000000	-0.00000003	0.00000003
-40.00000000	-0.00000022	0.00000002
-39.95000000	-0.00000038	-0.00000009
-39.90000000	-0.00000063	0.00000000
-39.85000000	-0.00000064	-0.00000005
-39.80000000	-0.00000092	0.00000005
-39.75000000	-0.00000102	0.00000003
-39.70000000	-0.00000107	0.00000012
-39.65000000	-0.00000100	0.00000004
-39.60000000	-0.00000082	-0.00000006
-39.55000000	-0.00000072	0.00000004
-39.50000000	-0.00000042	0.00000002
-39.45000000	-0.00000033	0.00000020
-39.40000000	0.00000000	0.00000007
-39.35000000	0.00000038	0.00000003
-39.30000000	0.00000054	0.00000003
-39.25000000	0.00000084	0.00000010
-39.20000000	0.00000096	-0.00000010
-39.15000000	0.00000121	-0.00000018
-39.10000000	0.00000110	0.00000023
-39.05000000	0.00000130	-0.00000002
-39.00000000	0.00000128	0.00000007
-38.95000000	0.00000137	-0.00000014
-38.90000000	0.00000139	0.00000000
-38.85000000	0.00000151	-0.00000004
-38.80000000	0.00000150	0.00000003
-38.75000000	0.00000143	0.00000007
-38.70000000	0.00000140	0.00000003
-38.65000000	0.00000123	0.00000004
-38.60000000	0.00000112	0.00000005
-38.55000000	0.00000085	0.00000004
-38.50000000	0.00000073	0.00000004
-38.45000000	0.00000048	0.00000007
-38.40000000	0.00000034	0.00000024
-38.35000000	0.00000019	0.00000007
-38.30000000	0.00000004	-0.00000013
-38.25000000	0.00000007	-0.00000004
-38.20000000	-0.00000010	0.00000002
-38.15000000	-0.00000016	-0.00000001
-38.10000000	-0.00000023	0.00000009
-38.05000000	-0.00000040	-0.00000005
-38.00000000	-0.00000052	-0.00000007
-37.95000000	-0.00000064	0.00000004
-37.90000000	-0.00000070	0.00000008
-37.85000000	-0.00000075	0.00000004
-37.80000000	-0.00000076	0.00000007
-37.75000000	-0.00000063	-0.00000010
-37.70000000	-0.00000053	-0.00000008
-37.65000000	-0.00000032	-0.00000008
-37.60000000	-0.00000011	0.00000009
-37.55000000	0.00000003	-0.00000007
-37.50000000	0.00000022	0.00000002
-37.45000000	0.00000039	0.00000010
-37.40000000	0.00000056	0.00000009
-37.35000000	0.00000055	0.00000008
-37.30000000	0.00000062	0.00000012
-37.25000000	0.00000069	0.00000013
-37.20000000	0.00000072	0.00000008
-37.15000000	0.00000078	0.00000024
-37.10000000	0.00000077	0.00000001
-37.05000000	0.00000096	0.00000002
-37.00000000	0.00000103	-0.00000000
-36.95000000	0.00000117	0.00000003
-36.90000000	0.00000131	0.00000002
-36.85000000	0.00000144	-0.00000010
-36.80000000	0.00000148	0.00000003
-36.75000000	0.00000153	0.00000007
-36.70000000	0.00000130	0.00000011
-36.65000000	0.00000112	0.00000006
-36.60000000	0.00000078	0.00000019
-36.55000000	0.00000046	-0.00000003
-36.50000000	0.00000020	-0.00000001
-36.45000000	0.00000013	0.00000006
-36.40000000	0.00000003	0.00000012
-36.35000000	0.00000005	-0.00000007
-36.30000000	0.00000029	0.00000007
-36.25000000	0.00000034	-0.00000007
-36.20000000	0.00000051	0.00000006
-36.15000000	0.00000037	0.00000008
-36.10000000	0.00000036	0.00000010
-36.05000000	0.00000009	0.00000014
-36.00000000	-0.00000029	0.00000000
-35.95000000	-0.00000056	0.00000004
-35.90000000	-0.00000086	-0.00000003
-35.85000000	-0.00000095	0.00000001
-35.80000000	-0.00000096	0.00000001
-35.75000000	-0.00000098	-0.00000006
-35.70000000	-0.00000067	0.00000004
-35.65000000	-0.00000041	0.00000005
-35.60000000	-0.00000016	-0.00000003
-35.55000000	0.00000011	0.00000002
-35.50000000	0.00000033	0.00000001
-35.45000000	0.00000067	0.00000006
-35.40000000	0.00000073	0.00000007
-35.35000000	0.00000063	-0.00000005
-35.30000000	0.00000067	0.00000008
-35.25000000	0.00000066	0.00000004
-35.20000000	0.00000044	0.00000004
-35.15000000	0.00000043	0.00000003
-35.10000000	0.00000066	0.00000006
-35.05000000	0.00000077	0.00000006
-35.00000000	0.00000079	-0.00000003
-34.95000000	0.00000125	0.00000002
-34.90000000	0.00000143	0.00000003
-34.85000000	0.00000148	0.00000002
-34.80000000	0.00000157	0.00000008
-34.75000000	0.00000167	0.00000004
-34.70000000	0.00000138	0.00000011
-34.65000000	0.00000143	0.00000005
-34.60000000	0.00000095	0.00000007
-34.55000000	0.00000071	0.00000005
-34.50000000	0.00000039	0.00000003
-34.45000000	0.00000017	0.00000006
-34.40000000	0.00000003	0.00000011
-34.35000000	0.00000009	0.00000006
-34.30000000	0.00000006	0.00000007
-34.25000000	0.00000016	0.00000007
-34.20000000	0.00000018	0.00000002
-34.15000000	0.00000016	0.00000005
-34.10000000	0.00000016	-0.00000003
-34.05000000	-0.00000025	0.00000015
-34.00000000	-0.00000046	0.00000007
-33.95000000	-0.00000065	0.00000004
-33.90000000	-0.00000074	-0.00000004
-33.85000000	-0.00000106	0.00000006
-33.80000000	-0.00000115	0.00000004
-33.75000000	-0.00000078	-0.00000013
-33.70000000	-0.00000071	-0.00000000
-33.65000000	-0.00000032	-0.00000001
-33.60000000	-0.00000007	0.00000002
-33.55000000	0.00000026	0.00000005
-33.50000000	0.00000042	0.00000005
-33.45000000	0.00000057	0.00000010
-33.40000000	0.00000081	0.00000002
-33.35000000	0.00000061	0.00000010
-33.30000000	0.00000065	-0.00000001
-33.25000000	0.00000049	0.00000006
-33.20000000	0.00000048	0.00000013
-33.15000000	0.00000053	-0.00000001
-33.10000000	0.00000065	0.00000003
-33.05000000	0.00000081	-0.00000006
-33.00000000	0.00000085	0.00000017
-32.95000000	0.00000114	0.00000017
-32.90000000	0.00000142	0.00000013
-32.85000000	0.00000155	0.00000010
-32.80000000	0.00000164	0.00000013
-32.75000000	0.00000159	0.00000009
-32.70000000	0.00000152	-0.00000001
-32.65000000	0.00000113	0.00000006
-32.60000000	0.00000091	0.00000009
-32.55000000	0.00000059	0.00000016
-32.50000000	0.00000028	0.00000009
-32.45000000	0.00000021	-0.00000011
-32.40000000	0.00000011	0.00000000
-32.35000000	0.00000001	0.00000011
-32.30000000	-0.00000000	0.00000008
-32.25000000	0.00000007	0.00000012
-32.20000000	0.00000005	0.00000010
-32.15000000	-0.00000006	0.00000011
-32.10000000	-0.00000016	0.00000003
-32.05000000	-0.00000042	0.00000007
-32.00000000	-0.00000058	-0.00000004
-31.95000000	-0.00000086	0.00000007
-31.90000000	-0.00000098	-0.00000007
-31.85000000	-0.00000102	-0.00000002
-31.80000000	-0.00000090	-0.00000006
-31.75000000	-0.00000083	-0.00000000
-31.70000000	-0.00000053	0.00000003
-31.65000000	-0.00000023	-0.00000007
-31.60000000	0.00000006	-0.00000003
-31.55000000	0.00000028	-0.00000003
-31.50000000	0.00000047	-0.00000001
-31.45000000	0.00000061	0.00000014
-31.40000000	0.00000072	0.00000023
-31.35000000	0.00000067	-0.00000001
-31.30000000	0.00000071	-0.00000010
-31.25000000	0.00000072	0.00000012
-31.20000000	0.00000071	0.00000021
-31.15000000	0.00000081	0.00000013
-31.10000000	0.00000089	0.00000004
-31.05000000	0.00000095	0.00000010
-31.00000000	0.00000119	-0.00000011
-30.95000000	0.00000130	0.00000001
-30.90000000	0.00000150	0.00000003
-30.85000000	0.00000157	0.00000002
-30.80000000	0.00000167	0.00000005
-30.75000000	0.00000161	0.00000002
-30.70000000	0.00000152	0.00000003
-30.65000000	0.00000128	-0.00000002
-30.60000000	0.00000110	-0.00000010
-30.55000000	0.00000089	0.00000004
-30.50000000	0.00000048	-0.00000012
-30.45000000	0.00000030	-0.00000001
-30.40000000	0.00000004	0.00000008
-30.35000000	-0.00000009	-0.00000005
-30.30000000	-0.00000015	0.00000010
-30.25000000	-0.00000033	-0.00000000
-30.20000000	-0.00000032	0.00000002
-30.15000000	-0.00000052	0.00000000
-30.10000000	-0.00000067	-0.00000007
-30.05000000	-0.00000078	-0.00000002
-30.00000000	-0.00000091	0.00000003
-29.95000000	-0.00000098	0.00000009
-29.90000000	-0.00000118	-0.00000006
-29.85000000	-0.00000102	0.00000009
-29.80000000	-0.00000093	0.00000000
-29.75000000	-0.00000062	0.00000013
-29.70000000	-0.00000053	-0.00000005
-29.65000000	-0.00000034	-0.00000001
-29.60000000	0.00000008	0.00000008
-29.55000000	0.00000020	0.00000001
-29.50000000	0.00000034	0.00000003
-29.45000000	0.00000050	0.00000003
-29.40000000	0.00000062	0.00000003
-29.35000000	0.00000075	0.00000011
-29.30000000	0.00000087	0.00000014
-29.25000000	0.00000093	0.00000006
-29.20000000	0.00000134	0.00000006
-29.15000000	0.00000142	0.00000011
-29.10000000	0.00000154	0.00000011
-29.05000000	0.00000174	0.00000011
-29.00000000	0.00000182	0.00000003
-28.95000000	0.00000171	0.00000004
-28.90000000	0.00000162	0.00000003
-28.85000000	0.00000155	0.00000000
-28.80000000	0.00000148	-0.00000002
-28.75000000	0.00000146	0.00000008
-28.70000000	0.00000113	-0.00000001
-28.65000000	0.00000087	0.00000002
-28.60000000	0.00000072	0.00000005
-28.55000000	0.00000043	0.00000002
-28.50000000	0.00000016	0.00000003
-28.45000000	0.00000012	0.00000002
-28.40000000	-0.00000029	0.00000002
-28.35000000	-0.00000031	0.00000003
-28.30000000	-0.00000048	0.00000001
-28.25000000	-0.00000065	0.00000001
-28.20000000	-0.00000071	0.00000005
-28.15000000	-0.00000107	0.00000003
-28.10000000	-0.00000103	0.00000000
-28.05000000	-0.00000106	0.00000006
-28.00000000	-0.00000133	-0.00000001
-27.95000000	-0.00000131	0.00000006
-27.90000000	-0.00000104	0.00000002
-27.85000000	-0.00000086	0.00000005
-27.80000000	-0.00000060	-0.00000002
-27.75000000	-0.00000041	0.00000004
-27.70000000	-0.00000005	0.00000002
-27.65000000	0.00000017	0.00000003
-27.60000000	0.00000039	-0.00000003
-27.55000000	0.00000075	0.00000003
-27.50000000	0.00000085	0.00000001
-27.45000000	0.00000105	0.00000006
-27.40000000	0.00000108	0.00000006
-27.35000000	0.00000122	0.00000007
-27.30000000	0.00000130	0.00000007
-27.25000000	0.00000151	0.00000005
-27.20000000	0.00000158	0.00000006
-27.15000000	0.00000176	0.00000006
-27.10000000	0.00000168	0.00000010
-27.05000000	0.00000179	0.00000012
-27.00000000	0.00000167	0.00000012
-26.95000000	0.00000185	-0.00000004
-26.90000000	0.00000167	0.00000001
-26.85000000	0.00000146	0.00000002
-26.80000000	0.00000106	0.00000010
-26.75000000	0.00000096	0.00000007
-26.70000000	0.00000056	0.00000017
-26.65000000	0.00000044	0.00000003
-26.60000000	0.00000028	-0.00000007
-26.55000000	-0.00000015	0.00000008
-26.50000000	-0.00000035	0.00000008
-26.45000000	-0.00000035	-0.00000003
-26.40000000	-0.00000061	0.00000003
-26.35000000	-0.00000078	0.00000001
-26.30000000	-0.00000095	0.00000013
-26.25000000	-0.00000099	0.00000004
-26.20000000	-0.00000110	0.00000007
-26.15000000	-0.00000110	-0.00000004
-26.10000000	-0.00000109	0.00000008
-26.05000000	-0.00000099	-0.00000012
-26.00000000	-0.00000087	0.00000005
-25.95000000	-0.00000075	0.00000003
-25.90000000	-0.00000050	0.00000000
-25.85000000	-0.00000045	0.00000018
-25.80000000	-0.00000004	-0.00000006
-25.75000000	0.00000010	-0.00000002
-25.70000000	0.00000036	0.00000009
-25.65000000	0.00000055	-0.00000002
-25.60000000	0.00000064	0.00000006
-25.55000000	0.00000089	0.00000002
-25.50000000	0.00000105	0.00000010
-25.45000000	0.00000123	0.00000002
-25.40000000	0.00000141	0.00000016
-25.35000000	0.00000163	-0.00000010
-25.30000000	0.00000166	0.00000005
-25.25000000	0.00000172	0.00000005
-25.20000000	0.00000161	0.00000026
-25.15000000	0.00000169	-0.00000003
-25.10000000	0.00000157	0.00000006
-25.05000000	0.00000144	0.00000011
-25.00000000	0.00000125	0.00000019
-24.95000000	0.00000118	0.00000014
-24.90000000	0.00000101	-0.00000004
-24.85000000	0.00000079	-0.00000005
-24.80000000	0.00000061	0.00000001
-24.75000000	0.00000044	-0.00000001
-24.70000000	0.00000032	0.00000003
-24.65000000	0.00000010	0.00000000
-24.60000000	-0.00000013	0.00000003
-24.55000000	-0.00000037	-0.00000013
-24.50000000	-0.00000046	-0.00000007
-24.45000000	-0.00000066	-0.00000006
-24.40000000	-0.00000082	-0.00000002
-24.35000000	-0.00000090	-0.00000007
-24.30000000	-0.00000096	0.00000007
-24.25000000	-0.00000102	0.00000002
-24.20000000	-0.00000097	-0.00000004
-24.15000000	-0.00000091	-0.00000002
-24.10000000	-0.00000071	0.00000010
-24.05000000	-0.00000053	-0.00000001
-24.00000000	-0.00000038	-0.00000005
-23.95000000	-0.00000012	0.00000011
-23.90000000	0.00000008	0.00000003
-23.85000000	0.00000029	0.00000027
-23.80000000	0.00000031	-0.00000007
-23.75000000	0.00000053	0.00000012
-23.70000000	0.00000054	-0.00000009
-23.65000000	0.00000070	0.00000008
-23.60000000	0.00000075	0.00000002
-23.55000000	0.00000098	0.00000016
-23.50000000	0.00000097	0.00000010
-23.45000000	0.00000119	0.00000017
-23.40000000	0.00000116	-0.00000011
-23.35000000	0.00000137	-0.00000001
-23.30000000	0.00000144	0.00000004
-23.25000000	0.00000151	0.00000009
-23.20000000	0.00000162	0.00000015
-23.15000000	0.00000156	0.00000004
-23.10000000	0.00000135	0.00000000
-23.05000000	0.00000119	0.00000003
-23.00000000	0.00000097	-0.00000007
-22.95000000	0.00000081	0.00000003
-22.90000000	0.00000056	-0.00000004
-22.85000000	0.00000051	0.00000005
-22.80000000	0.00000030	0.00000005
-22.75000000	0.00000026	0.00000006
-22.70000000	0.00000017	0.00000005
-22.65000000	0.00000004	0.00000011
-22.60000000	-0.00000012	-0.00000004
-22.55000000	-0.00000034	-0.00000002
-22.50000000	-0.00000063	-0.00000007
-22.45000000	-0.00000069	0.00000006
-22.40000000	-0.00000096	-0.00000004
-22.35000000	-0.00000094	0.00000004
-22.30000000	-0.00000087	0.00000000
-22.25000000	-0.00000085	0.00000002
-22.20000000	-0.00000084	0.00000009
-22.15000000	-0.00000081	-0.00000003
-22.10000000	-0.00000062	0.00000000
-22.05000000	-0.00000041	-0.00000004
-22.00000000	-0.00000022	0.00000002
-21.95000000	-0.00000007	0.00000006
-21.90000000	0.00000012	0.00000010
-21.85000000	0.00000048	0.00000004
-21.80000000	0.00000045	0.00000011
-21.75000000	0.00000061	-0.00000000
-21.70000000	0.00000071	0.00000005
-21.65000000	0.00000098	-0.00000001
-21.60000000	0.00000112	0.00000006
-21.55000000	0.00000125	0.00000007
-21.50000000	0.00000123	0.00000011
-21.45000000	0.00000162	0.00000009
-21.40000000	0.00000144	-0.00000001
-21.35000000	0.00000159	0.00000002
-21.30000000	0.00000152	0.00000005
-21.25000000	0.00000131	0.00000001
-21.20000000	0.00000135	0.00000007
-21.15000000	0.00000131	0.00000008
-21.10000000	0.00000129	0.00000007
-21.05000000	0.00000095	0.00000004
-21.00000000	0.00000089	0.00000004
-20.95000000	0.00000076	0.00000005
-20.90000000	0.00000048	0.00000004
-20.85000000	0.00000033	0.00000008
-20.80000000	0.00000008	0.00000005
-20.75000000	0.00000000	0.00000011
-20.70000000	-0.00000020	0.00000009
-20.65000000	-0.00000040	-0.00000000
-20.60000000	-0.00000054	0.00000002
-20.55000000	-0.00000079	0.00000003
-20.50000000	-0.00000085	-0.00000001
-20.45000000	-0.00000083	0.00000001
-20.40000000	-0.00000091	0.00000005
-20.35000000	-0.00000088	0.00000003
-20.30000000	-0.00000063	0.00000002
-20.25000000	-0.00000053	0.00000001
-20.20000000	-0.00000033	-0.00000003
-20.15000000	-0.00000012	-0.00000003
-20.10000000	-0.00000011	0.00000002
-20.05000000	-0.00000005	0.00000005
-20.00000000	0.00000004	-0.00000001
-19.95000000	0.00000005	-0.00000002
-19.90000000	0.00000015	-0.00000008
-19.85000000	0.00000019	0.00000006
-19.80000000	0.00000022	0.00000017
-19.75000000	0.00000049	0.00000001
-19.70000000	0.00000070	0.00000005
-19.65000000	0.00000076	0.00000011
-19.60000000	0.00000111	0.00000001
-19.55000000	0.00000120	0.00000006
-19.50000000	0.00000150	-0.00000002
-19.45000000	0.00000158	0.00000008
-19.40000000	0.00000159	0.00000008
-19.35000000	0.00000170	0.00000003
-19.30000000	0.00000162	0.00000008
-19.25000000	0.00000155	0.00000016
-19.20000000	0.00000145	0.00000009
-19.15000000	0.00000137	0.00000001
-19.10000000	0.00000114	0.00000012
-19.05000000	0.00000106	0.00000002
-19.00000000	0.00000092	-0.00000004
-18.95000000	0.00000069	0.00000013
-18.90000000	0.00000053	0.00000003
-18.85000000	0.00000022	0.00000007
-18.80000000	0.00000006	0.00000005
-18.75000000	-0.00000011	-0.00000001
-18.70000000	-0.00000035	0.00000011
-18.65000000	-0.00000055	0.00000003
-18.60000000	-0.00000081	-0.00000007
-18.55000000	-0.00000096	-0.00000002
-18.50000000	-0.00000115	-0.00000001
-18.45000000	-0.00000126	0.00000004
-18.40000000	-0.00000120	-0.00000010
-18.35000000	-0.00000119	0.00000004
-18.30000000	-0.00000104	0.00000008
-18.25000000	-0.00000086	-0.00000001
-18.20000000	-0.00000069	-0.00000007
-18.15000000	-0.00000050	0.00000005
-18.10000000	-0.00000026	-0.00000004
-18.05000000	-0.00000005	0.00000017
-18.00000000	0.00000007	0.00000009
-17.95000000	0.00000031	0.00000009
-17.90000000	0.00000047	0.00000010
-17.85000000	0.00000075	0.00000005
-17.80000000	0.00000093	0.00000005
-17.75000000	0.00000106	-0.00000004
-17.70000000	0.00000127	0.00000007
-17.65000000	0.00000143	0.00000008
-17.60000000	0.00000159	0.00000011
-17.55000000	0.00000173	-0.00000003
-17.50000000	0.00000176	0.00000007
-17.45000000	0.00000186	0.00000004
-17.40000000	0.00000189	0.00000016
-17.35000000	0.00000180	0.00000001
-17.30000000	0.00000180	0.00000012
-17.25000000	0.00000165	0.00000019
-17.20000000	0.00000145	0.00000000
-17.15000000	0.00000127	-0.00000003
-17.10000000	0.00000120	0.00000007
-17.05000000	0.00000089	0.00000009
-17.00000000	0.00000054	0.00000004
-16.95000000	0.00000023	0.00000005
-16.90000000	-0.00000005	-0.00000008
-16.85000000	-0.00000036	0.00000001
-16.80000000	-0.00000050	0.00000002
-16.75000000	-0.00000077	0.00000004
-16.70000000	-0.00000081	0.00000003
-16.65000000	-0.00000096	0.00000004
-16.60000000	-0.00000092	0.00000012
-16.55000000	-0.00000100	0.00000007
-16.50000000	-0.00000108	0.00000000
-16.45000000	-0.00000110	-0.00000007
-16.40000000	-0.00000102	-0.00000004
-16.35000000	-0.00000077	0.00000005
-16.30000000	-0.00000087	-0.00000005
-16.25000000	-0.00000076	0.00000002
-16.20000000	-0.00000054	0.00000006
-16.15000000	-0.00000014	0.00000016
-16.10000000	-0.00000005	0.00000006
-16.05000000	0.00000017	0.00000003
-16.00000000	0.00000050	0.00000008
-15.95000000	0.00000073	0.00000014
-15.90000000	0.00000103	0.00000014
-15.85000000	0.00000117	0.00000011
-15.80000000	0.00000129	0.00000009
-15.75000000	0.00000149	0.00000021
-15.70000000	0.00000147	0.00000004
-15.65000000	0.00000153	0.00000002
-15.60000000	0.00000158	0.00000003
-15.55000000	0.00000191	0.00000016
-15.50000000	0.00000170	0.00000008
-15.45000000	0.00000173	0.00000006
-15.40000000	0.00000172	0.00000009
-15.35000000	0.00000159	0.00000011
-15.30000000	0.00000130	-0.00000007
-15.25000000	0.00000112	0.00000005
-15.20000000	0.00000104	0.00000008
-15.15000000	0.00000090	0.00000003
-15.10000000	0.00000039	0.00000001
-15.05000000	0.00000024	-0.00000000
-15.00000000	0.00000015	0.00000008
-14.95000000	-0.00000016	0.00000004
-14.90000000	-0.00000025	-0.00000001
-14.85000000	-0.00000060	-0.00000001
-14.80000000	-0.00000043	0.00000000
-14.75000000	-0.00000072	-0.00000003
-14.70000000	-0.00000053	0.00000010
-14.65000000	-0.00000079	0.00000000
-14.60000000	-0.00000067	0.00000000
-14.55000000	-0.00000091	0.00000001
-14.50000000	-0.00000090	0.00000008
-14.45000000	-0.00000095	0.00000004
-14.40000000	-0.00000088	0.00000005
-14.35000000	-0.00000100	-0.00000000
-14.30000000	-0.00000070	0.00000009
-14.25000000	-0.00000057	0.00000004
-14.20000000	-0.00000036	0.00000006
-14.15000000	0.00000010	0.00000002
-14.10000000	0.00000041	0.00000004
-14.05000000	0.00000084	-0.00000000
-14.00000000	0.00000103	0.00000003
-13.95000000	0.00000118	0.00000005
-13.90000000	0.00000121	0.00000006
-13.85000000	0.00000115	0.00000006
-13.80000000	0.00000113	0.00000013
-13.75000000	0.00000105	0.00000014
-13.70000000	0.00000120	0.00000009
-13.65000000	0.00000120	0.00000009
-13.60000000	0.00000123	0.00000004
-13.55000000	0.00000141	-0.00000006
-13.50000000	0.00000140	0.00000009
-13.45000000	0.00000138	0.00000009
-13.40000000	0.00000169	-0.00000001
-13.35000000	0.00000156	-0.00000006
-13.30000000	0.00000142	0.00000007
-13.25000000	0.00000129	0.00000005
-13.20000000	0.00000089	0.00000004
-13.15000000	0.00000049	0.00000003
-13.10000000	0.00000038	-0.00000009
-13.05000000	0.00000002	-0.00000007
-13.00000000	-0.00000021	-0.00000009
-12.95000000	-0.00000038	-0.00000001
-12.90000000	-0.00000056	0.00000002
-12.85000000	-0.00000057	0.00000011
-12.80000000	-0.00000055	0.00000000
-12.75000000	-0.00000046	-0.00000004
-12.70000000	-0.00000062	0.00000001
-12.65000000	-0.00000060	0.00000002
-12.60000000	-0.00000066	0.00000015
-12.55000000	-0.00000063	0.00000006
-12.50000000	-0.00000065	-0.00000014
-12.45000000	-0.00000079	0.00000022
-12.40000000	-0.00000081	0.00000018
-12.35000000	-0.00000066	0.00000007
-12.30000000	-0.00000066	0.00000010
-12.25000000	-0.00000039	-0.00000001
-12.20000000	-0.00000013	0.00000009
-12.15000000	0.00000025	0.00000016
-12.10000000	0.00000049	0.00000018
-12.05000000	0.00000087	0.00000009
-12.00000000	0.00000105	0.00000007
-11.95000000	0.00000119	0.00000008
-11.90000000	0.00000126	-0.00000007
-11.85000000	0.00000125	0.00000008
-11.80000000	0.00000120	0.00000008
-11.75000000	0.00000120	0.00000000
-11.70000000	0.00000129	0.00000011
-11.65000000	0.00000133	0.00000005
-11.60000000	0.00000141	0.00000003
-11.55000000	0.00000146	0.00000016
-11.50000000	0.00000149	0.00000017
-11.45000000	0.00000156	0.00000009
-11.40000000	0.00000156	-0.00000002
-11.35000000	0.00000142	0.00000011
-11.30000000	0.00000120	0.00000016
-11.25000000	0.00000104	-0.00000001
-11.20000000	0.00000081	0.00000014
-11.15000000	0.00000045	-0.00000009
-11.10000000	0.00000010	-0.00000000
-11.05000000	-0.00000019	-0.00000021
-11.00000000	-0.00000047	-0.00000007
-10.95000000	-0.00000065	-0.00000006
-10.90000000	-0.00000075	-0.00000008
-10.85000000	-0.00000079	-0.00000001
-10.80000000	-0.00000078	0.00000005
-10.75000000	-0.00000068	0.00000004
-10.70000000	-0.00000071	-0.00000001
-10.65000000	-0.00000072	0.00000005
-10.60000000	-0.00000065	-0.00000005
-10.55000000	-0.00000069	0.00000004
-10.50000000	-0.00000066	-0.00000002
-10.45000000	-0.00000055	0.00000022
-10.40000000	-0.00000045	0.00000002
-10.35000000	-0.00000041	0.00000010
-10.30000000	-0.00000026	0.00000009
-10.25000000	-0.00000002	0.00000009
-10.20000000	0.00000015	0.00000001
-10.15000000	0.00000037	0.00000001
-10.10000000	0.00000063	-0.00000004
-10.05000000	0.00000083	-0.00000001
-10.00000000	0.00000115	0.00000008
-9.95000000	0.00000116	0.00000004
-9.90000000	0.00000126	-0.00000006
-9.85000000	0.00000128	-0.00000002
-9.80000000	0.00000132	0.00000002
-9.75000000	0.00000144	0.00000009
-9.70000000	0.00000144	0.00000007
-9.65000000	0.00000140	0.00000002
-9.60000000	0.00000159	0.00000003
-9.55000000	0.00000163	0.00000010
-9.50000000	0.00000157	0.00000007
-9.45000000	0.00000152	0.00000010
-9.40000000	0.00000127	0.00000005
-9.35000000	0.00000119	0.00000011
-9.30000000	0.00000088	0.00000006
-9.25000000	0.00000060	0.00000003
-9.20000000	0.00000040	0.00000013
-9.15000000	0.00000014	0.00000012
-9.10000000	-0.00000030	0.00000001
-9.05000000	-0.00000033	0.00000004
-9.00000000	-0.00000049	-0.00000002
-8.95000000	-0.00000051	-0.00000000
-8.90000000	-0.00000081	-0.00000003
-8.85000000	-0.00000072	-0.00000002
-8.80000000	-0.00000070	0.00000003
-8.75000000	-0.00000089	-0.00000004
-8.70000000	-0.00000077	0.00000006
-8.65000000	-0.00000089	-0.00000001
-8.60000000	-0.00000099	-0.00000001
-8.55000000	-0.00000093	0.00000010
-8.50000000	-0.00000080	0.00000003
-8.45000000	-0.00000080	-0.00000004
-8.40000000	-0.00000050	0.00000004
-8.35000000	-0.00000008	0.00000006
-8.30000000	-0.00000018	0.00000006
-8.25000000	0.00000018	-0.00000001
-8.20000000	0.00000050	0.00000007
-8.15000000	0.00000088	0.00000012
-8.10000000	0.00000105	0.00000004
-8.05000000	0.00000129	0.00000014
-8.00000000	0.00000151	0.00000004
-7.95000000	0.00000183	0.00000003
-7.90000000	0.00000184	0.00000005
-7.85000000	0.00000179	0.00000010
-7.80000000	0.00000182	0.00000003
-7.75000000	0.00000170	0.00000007
-7.70000000	0.00000172	0.00000009
-7.65000000	0.00000172	0.00000010
-7.60000000	0.00000165	0.00000004
-7.55000000	0.00000165	0.00000008
-7.50000000	0.00000149	0.00000001
-7.45000000	0.00000116	0.00000008
-7.40000000	0.00000098	0.00000006
-7.35000000	0.00000069	0.00000004
-7.30000000	0.00000042	0.00000003
-7.25000000	0.00000008	-0.00000005
-7.20000000	-0.00000043	0.00000003
-7.15000000	-0.00000056	-0.00000005
-7.10000000	-0.00000092	0.00000005
-7.05000000	-0.00000087	-0.00000002
-7.00000000	-0.00000106	-0.00000003
-6.95000000	-0.00000122	0.00000001
-6.90000000	-0.00000110	0.00000004
-6.85000000	-0.00000117	-0.00000001
-6.80000000	-0.00000098	-0.00000000
-6.75000000	-0.00000088	-0.00000001
-6.70000000	-0.00000104	0.00000007
-6.65000000	-0.00000106	0.00000017
-6.60000000	-0.00000091	0.00000013
-6.55000000	-0.00000073	0.00000006
-6.50000000	-0.00000043	-0.00000003
-6.45000000	-0.00000050	0.00000008
-6.40000000	-0.00000016	0.00000012
-6.35000000	0.00000013	0.00000000
-6.30000000	0.00000055	-0.00000001
-6.25000000	0.00000086	0.00000014
-6.20000000	0.00000108	0.00000009
-6.15000000	0.00000140	0.00000005
-6.10000000	0.00000165	0.00000009
-6.05000000	0.00000175	0.00000012
-6.00000000	0.00000201	0.00000014
-5.95000000	0.00000205	0.00000009
-5.90000000	0.00000202	0.00000014
-5.85000000	0.00000201	-0.00000001
-5.80000000	0.00000184	0.00000005
-5.75000000	0.00000167	0.00000009
-5.70000000	0.00000159	0.00000006
-5.65000000	0.00000136	0.00000016
-5.60000000	0.00000120	0.00000014
-5.55000000	0.00000100	0.00000011
-5.50000000	0.00000087	-0.00000003
-5.45000000	0.00000068	0.00000007
-5.40000000	0.00000055	-0.00000017
-5.35000000	0.00000020	0.00000017
-5.30000000	-0.00000004	-0.00000007
-5.25000000	-0.00000036	-0.00000008
-5.20000000	-0.00000077	0.00000009
-5.15000000	-0.00000105	0.00000010
-5.10000000	-0.00000125	0.00000002
-5.05000000	-0.00000137	-0.00000016
-5.00000000	-0.00000141	0.00000014
-4.95000000	-0.00000130	0.00000005
-4.90000000	-0.00000126	-0.00000008
-4.85000000	-0.00000110	0.00000006
-4.80000000	-0.00000100	0.00000009
-4.75000000	-0.00000084	-0.00000001
-4.70000000	-0.00000069	-0.00000001
-4.65000000	-0.00000061	0.00000021
-4.60000000	-0.00000046	0.00000013
-4.55000000	-0.00000029	0.00000019
-4.50000000	-0.00000008	0.00000005
-4.45000000	0.00000013	0.00000023
-4.40000000	0.00000037	-0.00000002
-4.35000000	0.00000067	0.00000011
-4.30000000	0.00000100	0.00000016
-4.25000000	0.00000116	0.00000018
-4.20000000	0.00000150	0.00000005
-4.15000000	0.00000181	0.00000021
-4.10000000	0.00000187	0.00000015
-4.05000000	0.00000191	0.00000008
-4.00000000	0.00000193	-0.00000006
-3.95000000	0.00000199	0.00000016
-3.90000000	0.00000193	0.00000009
-3.85000000	0.00000177	0.00000013
-3.80000000	0.00000161	-0.00000004
-3.75000000	0.00000154	0.00000017
-3.70000000	0.00000145	0.00000009
-3.65000000	0.00000121	-0.00000001
-3.60000000	0.00000109	0.00000008
-3.55000000	0.00000086	0.00000015
-3.50000000	0.00000062	0.00000020
-3.45000000	0.00000035	0.00000008
-3.40000000	0.00000017	0.00000014
-3.35000000	-0.00000010	0.00000007
-3.30000000	-0.00000046	0.00000001
-3.25000000	-0.00000066	0.00000006
-3.20000000	-0.00000097	-0.00000011
-3.15000000	-0.00000111	0.00000009
-3.10000000	-0.00000113	0.00000007
-3.05000000	-0.00000130	-0.00000004
-3.00000000	-0.00000128	0.00000003
-2.95000000	-0.00000109	0.00000007
-2.90000000	-0.00000104	0.00000003
-2.85000000	-0.00000087	0.00000005
-2.80000000	-0.00000077	0.00000003
-2.75000000	-0.00000057	-0.00000012
-2.70000000	-0.00000039	0.00000005
-2.65000000	-0.00000028	0.00000015
-2.60000000	-0.00000027	-0.00000004
-2.55000000	0.00000007	0.00000006
-2.50000000	0.00000015	-0.00000003
-2.45000000	0.00000043	0.00000011
-2.40000000	0.00000072	0.00000005
-2.35000000	0.00000097	0.00000007
-2.30000000	0.00000137	0.00000009
-2.25000000	0.00000160	0.00000007
-2.20000000	0.00000184	0.00000002
-2.15000000	0.00000182	-0.00000001
-2.10000000	0.00000200	0.00000006
-2.05000000	0.00000193	0.00000002
-2.00000000	0.00000215	0.00000009
-1.95000000	0.00000193	0.00000009
-1.90000000	0.00000175	0.00000006
-1.85000000	0.00000146	0.00000004
-1.80000000	0.00000140	0.00000001
-1.75000000	0.00000130	0.00000007
-1.70000000	0.00000110	0.00000009
-1.65000000	0.00000083	0.00000004
-1.60000000	0.00000045	-0.00000004
-1.55000000	0.00000043	0.00000009
-1.50000000	0.00000010	0.00000002
-1.45000000	0.00000007	0.00000005
-1.40000000	-0.00000027	-0.00000001
-1.35000000	-0.00000046	0.00000006
-1.30000000	-0.00000077	-0.00000000
-1.25000000	-0.00000096	0.00000009
-1.20000000	-0.00000127	0.00000002
-1.15000000	-0.00000117	0.00000000
-1.10000000	-0.00000145	-0.00000000
-1.05000000	-0.00000160	0.00000001
-1.00000000	-0.00000126	-0.00000004
-0.95000000	-0.00000126	0.00000003
-0.90000000	-0.00000103	0.00000005
-0.85000000	-0.00000072	0.00000003
-0.80000000	-0.00000065	0.00000002
-0.75000000	-0.00000038	0.00000004
-0.70000000	-0.00000002	0.00000005
-0.65000000	0.00000007	0.00000003
-0.60000000	0.00000035	0.00000004
-0.55000000	0.00000046	0.00000002
-0.50000000	0.00000061	0.00000003
-0.45000000	0.00000104	-0.00000002
-0.40000000	0.00000121	-0.00000002
-0.35000000	0.00000128	0.00000003
-0.30000000	0.00000167	0.00000010
-0.25000000	0.00000191	0.00000002
-0.20000000	0.00000186	0.00000010
-0.15000000	0.00000204	0.00000007
-0.10000000	0.00000200	0.00000018
-0.05000000	0.00000213	0.00000004
0.00000000	0.00000191	0.00000007
0.05000000	0.00000162	0.00000011
0.10000000	0.00000152	0.00000006
0.15000000	0.00000123	0.00000012
0.20000000	0.00000112	0.00000002
0.25000000	0.00000092	-0.00000001
0.30000000	0.00000062	0.00000000
0.35000000	0.00000036	0.00000007
0.40000000	0.00000014	0.00000001
0.45000000	0.00000001	-0.00000006
0.50000000	-0.00000041	0.00000016
0.55000000	-0.00000028	-0.00000003
0.60000000	-0.00000055	-0.00000003
0.65000000	-0.00000092	0.00000006
0.70000000	-0.00000093	0.00000007
0.75000000	-0.00000120	0.00000008
0.80000000	-0.00000135	0.00000007
0.85000000	-0.00000121	-0.00000001
0.90000000	-0.00000143	0.00000012
0.95000000	-0.00000133	0.00000002
1.00000000	-0.00000112	-0.00000002
1.05000000	-0.00000095	0.00000017
1.10000000	-0.00000072	-0.00000002
1.15000000	-0.00000035	-0.00000002
1.20000000	-0.00000026	0.00000010
1.25000000	0.00000001	0.00000008
1.30000000	0.00000032	0.00000003
1.35000000	0.00000054	-0.00000002
1.40000000	0.00000074	0.00000003
1.45000000	0.00000095	0.00000002
1.50000000	0.00000105	0.00000010
1.55000000	0.00000120	0.00000018
1.60000000	0.00000145	-0.00000005
1.65000000	0.00000161	0.00000004
1.70000000	0.00000186	-0.00000009
1.75000000	0.00000196	-0.00000001
1.80000000	0.00000209	0.00000019
1.85000000	0.00000222	0.00000018
1.90000000	0.00000220	0.00000007
1.95000000	0.00000208	0.00000010
2.00000000	0.00000191	-0.00000002
2.05000000	0.00000157	0.00000009
2.10000000	0.00000133	-0.00000003
2.15000000	0.00000090	0.00000010
2.20000000	0.00000062	-0.00000005
2.25000000	0.00000028	0.00000005
2.30000000	0.00000009	0.00000007
2.35000000	-0.00000007	-0.00000006
2.40000000	-0.00000025	0.00000005
2.45000000	-0.00000034	0.00000003
2.50000000	-0.00000054	-0.00000008
2.55000000	-0.00000068	0.00000002
2.60000000	-0.00000084	-0.00000004
2.65000000	-0.00000103	0.00000013
2.70000000	-0.00000110	0.00000014
2.75000000	-0.00000120	-0.00000000
2.80000000	-0.00000130	0.00000012
2.85000000	-0.00000133	-0.00000001
2.90000000	-0.00000120	0.00000010
2.95000000	-0.00000111	-0.00000003
3.00000000	-0.00000088	0.00000006
3.05000000	-0.00000075	-0.00000020
3.10000000	-0.00000043	-0.00000011
3.15000000	-0.00000004	0.00000007
3.20000000	0.00000017	-0.00000007
3.25000000	0.00000047	0.00000010
3.30000000	0.00000069	0.00000005
3.35000000	0.00000093	-0.00000005
3.40000000	0.00000115	0.00000007
3.45000000	0.00000117	-0.00000001
3.50000000	0.00000132	0.00000021
3.55000000	0.00000145	-0.00000005
3.60000000	0.00000168	-0.00000000
3.65000000	0.00000186	0.00000018
3.70000000	0.00000185	0.00000003
3.75000000	0.00000191	0.00000006
3.80000000	0.00000201	0.00000005
3.85000000	0.00000198	0.00000011
3.90000000	0.00000171	0.00000009
3.95000000	0.00000150	0.00000005
4.00000000	0.00000122	0.00000008
4.05000000	0.00000090	0.00000010
4.10000000	0.00000061	0.00000011
4.15000000	0.00000030	0.00000006
4.20000000	0.00000001	0.00000008
4.25000000	-0.00000017	0.00000002
4.30000000	-0.00000027	0.00000007
4.35000000	-0.00000038	-0.00000006
4.40000000	-0.00000047	0.00000004
4.45000000	-0.00000055	0.00000003
4.50000000	-0.00000069	-0.00000000
4.55000000	-0.00000079	-0.00000001
4.60000000	-0.00000102	-0.00000010
4.65000000	-0.00000114	-0.00000008
4.70000000	-0.00000122	-0.00000003
4.75000000	-0.00000110	0.00000010
4.80000000	-0.00000118	0.00000006
4.85000000	-0.00000118	-0.00000004
4.90000000	-0.00000091	0.00000010
4.95000000	-0.00000085	-0.00000006
5.00000000	-0.00000040	0.00000004
5.05000000	-0.00000003	0.00000010
5.10000000	0.00000015	0.00000006
5.15000000	0.00000050	0.00000008
5.20000000	0.00000074	0.00000000
5.25000000	0.00000100	0.00000001
5.30000000	0.00000123	0.00000003
5.35000000	0.00000108	-0.00000002
5.40000000	0.00000145	0.00000002
5.45000000	0.00000151	0.00000002
5.50000000	0.00000166	0.00000000
5.55000000	0.00000193	0.00000012
5.60000000	0.00000175	0.00000006
5.65000000	0.00000179	0.00000008
5.70000000	0.00000184	0.00000010
5.75000000	0.00000181	0.00000008
5.80000000	0.00000164	0.00000011
5.85000000	0.00000166	0.00000008
5.90000000	0.00000138	0.00000004
5.95000000	0.00000103	0.00000008
6.00000000	0.00000080	-0.00000001
6.05000000	0.00000047	0.00000007
6.10000000	0.00000038	0.00000005
6.15000000	-0.00000001	0.00000002
6.20000000	-0.00000008	0.00000001
6.25000000	-0.00000039	-0.00000000
6.30000000	-0.00000032	0.00000006
6.35000000	-0.00000060	-0.00000004
6.40000000	-0.00000054	0.00000003
6.45000000	-0.00000071	0.00000006
6.50000000	-0.00000082	0.00000009
6.55000000	-0.00000106	0.00000005
6.60000000	-0.00000117	0.00000007
6.65000000	-0.00000112	0.00000003
6.70000000	-0.00000118	0.00000004
6.75000000	-0.00000093	-0.00000004
6.80000000	-0.00000096	0.00000001
6.85000000	-0.00000071	-0.00000004
6.90000000	-0.00000066	0.00000008
6.95000000	-0.00000050	0.00000008
7.00000000	-0.00000014	-0.00000003
7.05000000	0.00000002	0.00000009
7.10000000	0.00000054	-0.00000003
7.15000000	0.00000066	0.00000007
7.20000000	0.00000071	0.00000009
7.25000000	0.00000108	0.00000007
7.30000000	0.00000106	0.00000016
7.35000000	0.00000133	0.00000003
7.40000000	0.00000147	0.00000007
7.45000000	0.00000148	0.00000009
7.50000000	0.00000163	0.00000005
7.55000000	0.00000171	0.00000012
7.60000000	0.00000181	0.00000011
7.65000000	0.00000188	0.00000003
7.70000000	0.00000185	0.00000005
7.75000000	0.00000178	-0.00000006
7.80000000	0.00000148	0.00000015
7.85000000	0.00000125	0.00000011
7.90000000	0.00000122	-0.00000008
7.95000000	0.00000078	0.00000017
8.00000000	0.00000071	0.00000007
8.05000000	0.00000058	-0.00000002
8.10000000	0.00000040	-0.00000003
8.15000000	0.00000017	0.00000012
8.20000000	-0.00000006	-0.00000000
8.25000000	-0.00000038	0.00000016
8.30000000	-0.00000052	-0.00000003
8.35000000	-0.00000070	0.00000004
8.40000000	-0.00000082	-0.00000000
8.45000000	-0.00000094	0.00000000
8.50000000	-0.00000106	-0.00000012
8.55000000	-0.00000112	0.00000005
8.60000000	-0.00000121	0.00000002
8.65000000	-0.00000116	0.00000000
8.70000000	-0.00000110	0.00000005
8.75000000	-0.00000097	0.00000000
8.80000000	-0.00000083	0.00000005
8.85000000	-0.00000051	-0.00000009
8.90000000	-0.00000022	-0.00000008
8.95000000	0.00000004	0.00000010
9.00000000	0.00000023	0.00000008
9.05000000	0.00000055	-0.00000016
9.10000000	0.00000070	0.00000007
9.15000000	0.00000089	0.00000011
9.20000000	0.00000103	0.00000013
9.25000000	0.00000122	0.00000004
9.30000000	0.00000134	-0.00000001
9.35000000	0.00000140	0.00000009
9.40000000	0.00000152	0.00000015
9.45000000	0.00000160	0.00000025
9.50000000	0.00000166	0.00000012
9.55000000	0.00000164	0.00000014
9.60000000	0.00000156	0.00000006
9.65000000	0.00000157	0.00000010
9.70000000	0.00000149	0.00000005
9.75000000	0.00000132	0.00000016
9.80000000	0.00000119	0.00000010
9.85000000	0.00000096	0.00000000
9.90000000	0.00000083	0.00000015
9.95000000	0.00000055	-0.00000014
10.00000000	0.00000044	0.00000008
10.05000000	0.00000013	0.00000002
10.10000000	-0.00000009	0.00000005
10.15000000	-0.00000029	0.00000011
10.20000000	-0.00000054	-0.00000009
10.25000000	-0.00000070	-0.00000008
10.30000000	-0.00000072	0.00000006
10.35000000	-0.00000085	-0.00000004
10.40000000	-0.00000086	0.00000011
10.45000000	-0.00000084	0.00000008
10.50000000	-0.00000093	0.00000001
10.55000000	-0.00000087	0.00000001
10.60000000	-0.00000086	-0.00000000
10.65000000	-0.00000073	-0.00000001
10.70000000	-0.00000059	-0.00000009
10.75000000	-0.00000059	-0.00000007
10.80000000	-0.00000031	0.00000004
10.85000000	-0.00000011	0.00000014
10.90000000	0.00000010	0.00000009
10.95000000	0.00000034	0.00000011
11.00000000	0.00000049	0.00000011
11.05000000	0.00000070	0.00000000
11.10000000	0.00000103	0.00000011
11.15000000	0.00000116	-0.00000000
11.20000000	0.00000138	0.00000007
11.25000000	0.00000151	0.00000015
11.30000000	0.00000157	0.00000014
11.35000000	0.00000155	0.00000010
11.40000000	0.00000160	0.00000012
11.45000000	0.00000147	0.00000009
11.50000000	0.00000144	0.00000012
11.55000000	0.00000150	0.00000015
11.60000000	0.00000125	-0.00000005
11.65000000	0.00000127	0.00000003
11.70000000	0.00000105	-0.00000005
11.75000000	0.00000109	0.00000009
11.80000000	0.00000073	0.00000001
11.85000000	0.00000070	-0.00000002
11.90000000	0.00000053	0.00000011
11.95000000	0.00000020	0.00000006
12.00000000	-0.00000014	-0.00000007
12.05000000	-0.00000026	-0.00000003
12.10000000	-0.00000047	0.00000011
12.15000000	-0.00000054	0.00000003
12.20000000	-0.00000061	0.00000006
12.25000000	-0.00000071	0.00000002
12.30000000	-0.00000072	0.00000005
12.35000000	-0.00000082	0.00000004
12.40000000	-0.00000059	0.00000006
12.45000000	-0.00000063	-0.00000003
12.50000000	-0.00000066	0.00000007
12.55000000	-0.00000063	0.00000005
12.60000000	-0.00000041	0.00000002
12.65000000	-0.00000033	0.00000002
12.70000000	-0.00000026	-0.00000001
12.75000000	-0.00000011	0.00000011
12.80000000	-0.00000011	0.00000002
12.85000000	0.00000029	0.00000010
12.90000000	0.00000065	0.00000009
12.95000000	0.00000071	0.00000009
13.00000000	0.00000075	0.00000005
13.05000000	0.00000107	0.00000004
13.10000000	0.00000122	0.00000011
13.15000000	0.00000148	0.00000010
13.20000000	0.00000160	0.00000007
13.25000000	0.00000161	0.00000008
13.30000000	0.00000154	0.00000007
13.35000000	0.00000129	0.00000011
13.40000000	0.00000128	0.00000007
13.45000000	0.00000131	0.00000008
13.50000000	0.00000126	0.00000007
13.55000000	0.00000103	0.00000005
13.60000000	0.00000095	0.00000004
13.65000000	0.00000075	0.00000007
13.70000000	0.00000075	-0.00000000
13.75000000	0.00000063	0.00000003
13.80000000	0.00000056	-0.00000002
13.85000000	0.00000035	0.00000005
13.90000000	0.00000012	0.00000002
13.95000000	-0.00000015	0.00000003
14.00000000	-0.00000025	0.00000002
14.05000000	-0.00000035	-0.00000002
14.10000000	-0.00000071	-0.00000001
14.15000000	-0.00000061	-0.00000003
14.20000000	-0.00000070	-0.00000007
14.25000000	-0.00000079	0.00000001
14.30000000	-0.00000089	0.00000007
14.35000000	-0.00000085	0.00000005
14.40000000	-0.00000057	-0.00000007
14.45000000	-0.00000050	0.00000001
14.50000000	-0.00000033	-0.00000002
14.55000000	-0.00000035	0.00000006
14.60000000	-0.00000009	-0.00000003
14.65000000	-0.00000011	-0.00000003
14.70000000	0.00000023	-0.00000002
14.75000000	0.00000024	0.00000006
14.80000000	0.00000034	0.00000006
14.85000000	0.00000062	0.00000008
14.90000000	0.00000072	0.00000011
14.95000000	0.00000082	0.00000015
15.00000000	0.00000129	-0.00000012
15.05000000	0.00000127	0.00000005
15.10000000	0.00000127	0.00000020
15.15000000	0.00000147	0.00000000
15.20000000	0.00000145	0.00000012
15.25000000	0.00000136	0.00000005
15.30000000	0.00000133	0.00000007
15.35000000	0.00000109	0.00000026
15.40000000	0.00000108	0.00000006
15.45000000	0.00000107	0.00000004
15.50000000	0.00000103	-0.00000017
15.55000000	0.00000075	0.00000004
15.60000000	0.00000072	0.00000002
15.65000000	0.00000061	-0.00000013
15.70000000	0.00000045	0.00000006
15.75000000	0.00000028	0.00000006
15.80000000	0.00000019	0.00000005
15.85000000	-0.00000001	-0.00000005
15.90000000	-0.00000015	0.00000000
15.95000000	-0.00000037	0.00000004
16.00000000	-0.00000051	0.00000012
16.05000000	-0.00000059	-0.00000006
16.10000000	-0.00000077	0.00000024
16.15000000	-0.00000065	-0.00000002
16.20000000	-0.00000072	0.00000004
16.25000000	-0.00000060	-0.00000002
16.30000000	-0.00000056	0.00000008
16.35000000	-0.00000044	0.00000001
16.40000000	-0.00000035	-0.00000009
16.45000000	-0.00000026	0.00000007
16.50000000	-0.00000011	-0.00000016
16.55000000	0.00000006	-0.00000011
16.60000000	0.00000012	-0.00000004
16.65000000	0.00000037	0.00000003
16.70000000	0.00000044	0.00000007
16.75000000	0.00000063	0.00000026
16.80000000	0.00000077	0.00000015
16.85000000	0.00000099	0.00000005
16.90000000	0.00000111	0.00000006
16.95000000	0.00000121	-0.00000002
17.00000000	0.00000133	0.00000011
17.05000000	0.00000131	0.00000002
17.10000000	0.00000132	0.00000007
17.15000000	0.00000129	0.00000004
17.20000000	0.00000135	0.00000015
17.25000000	0.00000125	0.00000014
17.30000000	0.00000120	0.00000012
17.35000000	0.00000101	-0.00000001
17.40000000	0.00000104	0.00000017
17.45000000	0.00000091	0.00000015
17.50000000	0.00000076	-0.00000008
17.55000000	0.00000063	0.00000005
17.60000000	0.00000049	0.00000001
17.65000000	0.00000032	0.00000001
17.70000000	0.00000015	-0.00000001
17.75000000	0.00000001	-0.00000005
17.80000000	-0.00000014	-0.00000012
17.85000000	-0.00000026	0.00000005
17.90000000	-0.00000036	0.00000012
17.95000000	-0.00000050	0.00000000
18.00000000	-0.00000050	0.00000003
18.05000000	-0.00000046	0.00000010
18.10000000	-0.00000051	-0.00000000
18.15000000	-0.00000050	0.00000011
18.20000000	-0.00000048	0.00000004
18.25000000	-0.00000047	0.00000005
18.30000000	-0.00000037	0.00000003
18.35000000	-0.00000032	-0.00000010
18.40000000	-0.00000017	-0.00000005
18.45000000	0.00000002	0.00000011
18.50000000	0.00000007	0.00000000
18.55000000	0.00000019	0.00000015
18.60000000	0.00000039	0.00000003
18.65000000	0.00000045	-0.00000003
18.70000000	0.00000060	-0.00000004
18.75000000	0.00000077	0.00000012
18.80000000	0.00000089	0.00000004
18.85000000	0.00000097	0.00000011
18.90000000	0.00000100	-0.00000007
18.95000000	0.00000110	0.00000003
19.00000000	0.00000103	-0.00000005
19.05000000	0.00000107	0.00000001
19.10000000	0.00000113	0.00000017
19.15000000	0.00000105	0.00000008
19.20000000	0.00000100	0.00000005
19.25000000	0.00000094	0.00000011
19.30000000	0.00000076	0.00000007
19.35000000	0.00000072	-0.00000005
19.40000000	0.00000067	0.00000003
19.45000000	0.00000061	0.00000007
19.50000000	0.00000052	0.00000011
19.55000000	0.00000035	-0.00000007
19.60000000	0.00000028	0.00000002
19.65000000	0.00000001	-0.00000004
19.70000000	-0.00000004	0.00000005
19.75000000	-0.00000026	-0.00000007
19.80000000	-0.00000026	0.00000003
19.85000000	-0.00000035	0.00000001
19.90000000	-0.00000043	0.00000003
19.95000000	-0.00000050	0.00000004
20.00000000	-0.00000045	0.00000007
20.05000000	-0.00000048	-0.00000004
20.10000000	-0.00000043	-0.00000001
20.15000000	-0.00000036	-0.00000001
20.20000000	-0.00000032	-0.00000003
20.25000000	-0.00000010	0.00000009
20.30000000	-0.00000015	-0.00000002
20.35000000	-0.00000006	0.00000001
20.40000000	0.00000021	0.00000008
20.45000000	0.00000023	0.00000002
20.50000000	0.00000038	0.00000005
20.55000000	0.00000047	0.00000001
20.60000000	0.00000056	0.00000003
20.65000000	0.00000064	0.00000001
20.70000000	0.00000083	0.00000014
20.75000000	0.00000085	0.00000004
20.80000000	0.00000098	0.00000006
20.85000000	0.00000105	0.00000008
20.90000000	0.00000109	0.00000008
20.95000000	0.00000108	0.00000010
21.00000000	0.00000120	0.00000006
21.05000000	0.00000107	0.00000001
21.10000000	0.00000110	0.00000008
21.15000000	0.00000089	0.00000005
21.20000000	0.00000091	0.00000004
21.25000000	0.00000084	0.00000006
21.30000000	0.00000087	0.00000004
21.35000000	0.00000072	0.00000002
21.40000000	0.00000053	0.00000002
21.45000000	0.00000050	0.00000005
21.50000000	0.00000022	0.00000002
21.55000000	0.00000010	-0.00000001
21.60000000	0.00000003	-0.00000000
21.65000000	-0.00000011	0.00000001
21.70000000	-0.00000023	0.00000006
21.75000000	-0.00000037	0.00000003
21.80000000	-0.00000026	-0.00000001
21.85000000	-0.00000037	0.00000003
21.90000000	-0.00000025	-0.00000005
21.95000000	-0.00000026	-0.00000003
22.00000000	-0.00000027	0.00000002
22.05000000	-0.00000039	0.00000002
22.10000000	-0.00000041	-0.00000001
22.15000000	-0.00000011	0.00000005
22.20000000	-0.00000009	0.00000006
22.25000000	-0.00000006	0.00000009
22.30000000	0.00000008	-0.00000001
22.35000000	0.00000026	-0.00000000
22.40000000	0.00000027	-0.00000001
22.45000000	0.00000042	0.00000006
22.50000000	0.00000060	0.00000010
22.55000000	0.00000070	0.00000005
22.60000000	0.00000066	0.00000016
22.65000000	0.00000108	-0.00000006
22.70000000	0.00000102	-0.00000005
22.75000000	0.00000105	0.00000003
22.80000000	0.00000101	-0.00000001
22.85000000	0.00000106	0.00000009
22.90000000	0.00000096	0.00000008
22.95000000	0.00000108	0.00000003
23.00000000	0.00000094	0.00000015
23.05000000	0.00000103	0.00000001
23.10000000	0.00000092	0.00000009
23.15000000	0.00000081	0.00000007
23.20000000	0.00000077	0.00000009
23.25000000	0.00000064	0.00000006
23.30000000	0.00000048	0.00000008
23.35000000	0.00000033	0.00000005
23.40000000	0.00000019	0.00000006
23.45000000	0.00000000	-0.00000001
23.50000000	-0.00000001	0.00000007
23.55000000	-0.00000016	0.00000009
23.60000000	-0.00000026	0.00000007
23.65000000	-0.00000030	0.00000002
23.70000000	-0.00000045	0.00000015
23.75000000	-0.00000033	-0.00000004
23.80000000	-0.00000038	0.00000001
23.85000000	-0.00000036	-0.00000009
23.90000000	-0.00000034	-0.00000004
23.95000000	-0.00000033	0.00000005
24.00000000	-0.00000037	0.00000007
24.05000000	-0.00000031	0.00000007
24.10000000	-0.00000029	0.00000009
24.15000000	-0.00000015	0.00000013
24.20000000	-0.00000006	0.00000010
24.25000000	0.00000012	0.00000011
24.30000000	0.00000026	-0.00000005
24.35000000	0.00000028	0.00000005
24.40000000	0.00000049	0.00000010
24.45000000	0.00000062	-0.00000005
24.50000000	0.00000069	0.00000003
24.55000000	0.00000088	0.00000008
24.60000000	0.00000092	-0.00000004
24.65000000	0.00000089	0.00000022
24.70000000	0.00000093	0.00000020
24.75000000	0.00000091	0.00000012
24.80000000	0.00000102	0.00000016
24.85000000	0.00000098	0.00000007
24.90000000	0.00000100	0.00000020
24.95000000	0.00000098	0.00000006
25.00000000	0.00000099	-0.00000008
25.05000000	0.00000096	0.00000008
25.10000000	0.00000086	-0.00000008
25.15000000	0.00000080	-0.00000015
25.20000000	0.00000065	-0.00000012
25.25000000	0.00000050	0.00000006
25.30000000	0.00000031	-0.00000002
25.35000000	0.00000015	-0.00000001
25.40000000	0.00000019	0.00000004
25.45000000	-0.00000001	-0.00000002
25.50000000	-0.00000011	0.00000002
25.55000000	-0.00000015	0.00000007
25.60000000	-0.00000027	-0.00000006
25.65000000	-0.00000030	-0.00000004
25.70000000	-0.00000032	-0.00000005
25.75000000	-0.00000038	-0.00000004
25.80000000	-0.00000041	-0.00000001
25.85000000	-0.00000027	-0.00000000
25.90000000	-0.00000024	0.00000012
25.95000000	-0.00000020	0.00000010
26.00000000	-0.00000007	0.00000014
26.05000000	-0.00000001	0.00000003
26.10000000	0.00000005	0.00000007
26.15000000	0.00000005	0.00000001
26.20000000	0.00000031	0.00000016
26.25000000	0.00000041	0.00000005
26.30000000	0.00000054	-0.00000001
26.35000000	0.00000058	-0.00000001
26.40000000	0.00000077	0.00000012
26.45000000	0.00000087	0.00000009
26.50000000	0.00000095	0.00000008
26.55000000	0.00000119	0.00000022
26.60000000	0.00000100	0.00000007
26.65000000	0.00000103	0.00000001
26.70000000	0.00000105	0.00000007
26.75000000	0.00000100	-0.00000000
26.80000000	0.00000110	0.00000016
26.85000000	0.00000097	0.00000001
26.90000000	0.00000092	-0.00000003
26.95000000	0.00000094	0.00000006
27.00000000	0.00000074	0.00000005
27.05000000	0.00000068	0.00000002
27.10000000	0.00000069	0.00000010
27.15000000	0.00000048	0.00000001
27.20000000	0.00000030	-0.00000001
27.25000000	0.00000019	-0.00000003
27.30000000	0.00000011	0.00000004
27.35000000	0.00000005	0.00000005
27.40000000	-0.00000005	0.00000005
27.45000000	-0.00000017	0.00000006
27.50000000	-0.00000025	0.00000007
27.55000000	-0.00000016	0.00000007
27.60000000	-0.00000036	0.00000001
27.65000000	-0.00000045	0.00000006
27.70000000	-0.00000041	0.00000004
27.75000000	-0.00000021	0.00000011
27.80000000	-0.00000032	-0.00000001
27.85000000	-0.00000042	0.00000004
27.90000000	-0.00000021	0.00000007
27.95000000	-0.00000023	-0.00000002
28.00000000	-0.00000005	0.00000009
28.05000000	0.00000003	0.00000005
28.10000000	0.00000017	-0.00000001
28.15000000	0.00000035	0.00000003
28.20000000	0.00000033	0.00000004
28.25000000	0.00000043	0.00000002
28.30000000	0.00000072	0.00000007
28.35000000	0.00000067	0.00000010
28.40000000	0.00000086	0.00000012
28.45000000	0.00000083	0.00000008
28.50000000	0.00000095	0.00000008
28.55000000	0.00000091	0.00000001
28.60000000	0.00000102	0.00000003
28.65000000	0.00000093	0.00000003
28.70000000	0.00000093	0.00000003
28.75000000	0.00000089	-0.00000003
28.80000000	0.00000100	0.00000001
28.85000000	0.00000069	0.00000002
28.90000000	0.00000068	0.00000001
28.95000000	0.00000063	0.00000004
29.00000000	0.00000050	-0.00000000
29.05000000	0.00000039	0.00000002
29.10000000	0.00000042	-0.00000000
29.15000000	0.00000028	0.00000002
29.20000000	0.00000022	0.00000002
29.25000000	0.00000018	0.00000000
29.30000000	-0.00000003	0.00000006
29.35000000	-0.00000002	0.00000004
29.40000000	0.00000007	-0.00000004
29.45000000	-0.00000030	0.00000000
29.50000000	-0.00000028	0.00000004
29.55000000	-0.00000026	0.00000005
29.60000000	-0.00000000	-0.00000004
29.65000000	-0.00000011	0.00000002
29.70000000	-0.00000005	-0.00000001
29.75000000	-0.00000011	0.00000001
29.80000000	-0.00000002	0.00000002
29.85000000	0.00000003	0.00000001
29.90000000	-0.00000001	0.00000009
29.95000000	0.00000010	0.00000008
30.00000000	0.00000019	0.00000010
30.05000000	0.00000045	-0.00000012
30.10000000	0.00000031	0.00000006
30.15000000	0.00000047	-0.00000008
30.20000000	0.00000051	0.00000003
30.25000000	0.00000044	-0.00000001
30.30000000	0.00000060	-0.00000005
30.35000000	0.00000056	0.00000007
30.40000000	0.00000071	0.00000007
30.45000000	0.00000076	0.00000006
30.50000000	0.00000087	0.00000007
30.55000000	0.00000080	0.00000015
30.60000000	0.00000085	0.00000003
30.65000000	0.00000074	0.00000012
30.70000000	0.00000065	0.00000012
30.75000000	0.00000073	0.00000001
30.80000000	0.00000068	0.00000001
30.85000000	0.00000056	0.00000010
30.90000000	0.00000059	0.00000012
30.95000000	0.00000053	0.00000003
31.00000000	0.00000043	0.00000014
31.05000000	0.00000043	0.00000007
31.10000000	0.00000039	0.00000000
31.15000000	0.00000022	0.00000018
31.20000000	0.00000025	0.00000006
31.25000000	0.00000008	0.00000006
31.30000000	0.00000003	0.00000008
31.35000000	0.00000002	-0.00000006
31.40000000	-0.00000012	0.00000006
31.45000000	-0.00000003	-0.00000001
31.50000000	-0.00000013	0.00000004
31.55000000	-0.00000025	0.00000004
31.60000000	-0.00000016	0.00000006
31.65000000	-0.00000007	0.00000011
31.70000000	-0.00000011	0.00000014
31.75000000	-0.00000004	0.00000001
31.80000000	0.00000005	-0.00000007
31.85000000	0.00000011	-0.00000005
31.90000000	0.00000019	0.00000007
31.95000000	0.00000025	0.00000007
32.00000000	0.00000031	0.00000012
32.05000000	0.00000037	0.00000005
32.10000000	0.00000047	-0.00000007
32.15000000	0.00000058	-0.00000003
32.20000000	0.00000056	-0.00000001
32.25000000	0.00000064	0.00000004
32.30000000	0.00000069	0.00000019
32.35000000	0.00000084	0.00000001
32.40000000	0.00000085	0.00000015
32.45000000	0.00000083	-0.00000013
32.50000000	0.00000087	0.00000012
32.55000000	0.00000094	0.00000022
32.60000000	0.00000093	0.00000012
32.65000000	0.00000079	0.00000004
32.70000000	0.00000073	0.00000008
32.75000000	0.00000066	-0.00000002
32.80000000	0.00000062	0.00000009
32.85000000	0.00000045	-0.00000004
32.90000000	0.00000039	-0.00000007
32.95000000	0.00000038	0.00000011
33.00000000	0.00000038	-0.00000001
33.05000000	0.00000018	-0.00000001
33.10000000	0.00000015	0.00000004
33.15000000	0.00000005	0.00000006
33.20000000	0.00000005	0.00000011
33.25000000	0.00000005	0.00000005
33.30000000	-0.00000008	-0.00000000
33.35000000	-0.00000014	0.00000003
33.40000000	-0.00000011	0.00000000
33.45000000	-0.00000024	-0.00000016
33.50000000	-0.00000016	0.00000004
33.55000000	-0.00000016	0.00000009
33.60000000	-0.00000022	-0.00000010
33.65000000	-0.00000014	-0.00000013
33.70000000	-0.00000009	-0.00000004
33.75000000	-0.00000008	-0.00000010
33.80000000	0.00000017	0.00000014
33.85000000	0.00000016	-0.00000006
33.90000000	0.00000026	-0.00000002
33.95000000	0.00000039	0.00000003
34.00000000	0.00000051	-0.00000003
34.05000000	0.00000053	-0.00000001
34.10000000	0.00000062	-0.00000004
34.15000000	0.00000071	0.00000006
34.20000000	0.00000077	0.00000004
34.25000000	0.00000072	0.00000002
34.30000000	0.00000105	0.00000004
34.35000000	0.00000078	0.00000003
34.40000000	0.00000087	0.00000012
34.45000000	0.00000091	0.00000003
34.50000000	0.00000087	0.00000007
34.55000000	0.00000088	0.00000009
34.60000000	0.00000069	0.00000004
34.65000000	0.00000069	0.00000005
34.70000000	0.00000041	-0.00000007
34.75000000	0.00000046	-0.00000006
34.80000000	0.00000030	0.00000003
34.85000000	0.00000031	0.00000012
34.90000000	0.00000018	0.00000003
34.95000000	0.00000011	0.00000002
35.00000000	0.00000028	0.00000001
35.05000000	-0.00000001	0.00000004
35.10000000	-0.00000019	-0.00000000
35.15000000	-0.00000010	0.00000003
35.20000000	-0.00000015	0.00000001
35.25000000	-0.00000025	-0.00000004
35.30000000	-0.00000026	0.00000003
35.35000000	-0.00000039	0.00000002
35.40000000	-0.00000012	0.00000009
35.45000000	-0.00000036	-0.00000004
35.50000000	-0.00000018	0.00000005
35.55000000	-0.00000022	0.00000002
35.60000000	-0.00000007	0.00000003
35.65000000	0.00000003	0.00000009
35.70000000	0.00000012	0.00000009
35.75000000	0.00000019	0.00000000
35.80000000	0.00000037	0.00000007
35.85000000	0.00000048	0.00000004
35.90000000	0.00000048	0.00000008
35.95000000	0.00000070	0.00000005
36.00000000	0.00000077	0.00000011
36.05000000	0.00000083	0.00000005
36.10000000	0.00000084	-0.00000001
36.15000000	0.00000087	0.00000006
36.20000000	0.00000097	0.00000009
36.25000000	0.00000104	0.00000002
36.30000000	0.00000094	0.00000004
36.35000000	0.00000095	0.00000005
36.40000000	0.00000088	0.00000008
36.45000000	0.00000075	0.00000002
36.50000000	0.00000082	0.00000004
36.55000000	0.00000068	-0.00000001
36.60000000	0.00000073	-0.00000001
36.65000000	0.00000053	-0.00000001
36.70000000	0.00000052	-0.00000005
36.75000000	0.00000018	0.00000007
36.80000000	0.00000028	0.00000003
36.85000000	0.00000015	0.00000002
36.90000000	0.00000017	-0.00000003
36.95000000	0.00000003	0.00000005
37.00000000	-0.00000012	0.00000003
37.05000000	-0.00000009	-0.00000001
37.10000000	-0.00000026	0.00000012
37.15000000	-0.00000015	-0.00000002
37.20000000	-0.00000019	0.00000005
37.25000000	-0.00000013	0.00000000
37.30000000	-0.00000015	0.00000003
37.35000000	-0.00000019	0.00000007
37.40000000	-0.00000018	0.00000007
37.45000000	-0.00000008	0.00000010
37.50000000	0.00000007	0.00000004
37.55000000	0.00000013	0.00000007
37.60000000	0.00000026	0.00000001
37.65000000	0.00000041	0.00000000
37.70000000	0.00000042	0.00000010
37.75000000	0.00000065	0.00000002
37.80000000	0.00000074	-0.00000001
37.85000000	0.00000082	0.00000009
37.90000000	0.00000087	0.00000007
37.95000000	0.00000088	-0.00000006
38.00000000	0.00000094	-0.00000004
38.05000000	0.00000073	0.00000008
38.10000000	0.00000079	0.00000008
38.15000000	0.00000079	0.00000013
38.20000000	0.00000086	-0.00000013
38.25000000	0.00000082	0.00000005
38.30000000	0.00000082	0.00000011
38.35000000	0.00000075	-0.00000007
38.40000000	0.00000069	0.00000005
38.45000000	0.00000065	0.00000014
38.50000000	0.00000054	0.00000002
38.55000000	0.00000047	-0.00000005
38.60000000	0.00000032	0.00000005
38.65000000	0.00000025	0.00000008
38.70000000	0.00000008	0.00000007
38.75000000	-0.00000001	0.00000017
38.80000000	-0.00000000	-0.00000019
38.85000000	-0.00000017	-0.00000006
38.90000000	-0.00000016	-0.00000007
38.95000000	-0.00000025	0.00000008
39.00000000	-0.00000029	-0.00000000
39.05000000	-0.00000014	0.00000007
39.10000000	-0.00000028	0.00000009
39.15000000	-0.00000016	-0.00000003
39.20000000	-0.00000019	0.00000004
39.25000000	-0.00000011	0.00000006
39.30000000	-0.00000016	-0.00000001
39.35000000	-0.00000007	-0.00000001
39.40000000	0.00000010	0.00000001
39.45000000	0.00000015	0.00000012
39.50000000	0.00000026	0.00000016
39.55000000	0.00000031	-0.00000008
39.60000000	0.00000037	-0.00000003
39.65000000	0.00000047	0.00000003
39.70000000	0.00000063	-0.00000011
39.75000000	0.00000063	0.00000000
39.80000000	0.00000077	0.00000008
39.85000000	0.00000079	0.00000016
39.90000000	0.00000083	0.00000019
39.95000000	0.00000081	-0.00000008
40.00000000	0.00000089	0.00000002
40.05000000	0.00000070	-0.00000010
40.10000000	0.00000073	0.00000005
40.15000000	0.00000080	0.00000021
40.20000000	0.00000074	0.00000013
40.25000000	0.00000075	0.00000012
40.30000000	0.00000062	0.00000001
40.35000000	0.00000059	0.00000004
40.40000000	0.00000056	0.00000007
40.45000000	0.00000055	0.00000009
40.50000000	0.00000037	0.00000001
40.55000000	0.00000033	0.00000006
40.60000000	0.00000030	0.00000001
40.65000000	0.00000007	-0.00000009
40.70000000	0.00000015	0.00000014
40.75000000	0.00000006	0.00000001
40.80000000	0.00000004	0.00000002
40.85000000	-0.00000007	-0.00000008
40.90000000	-0.00000004	0.00000006
40.95000000	-0.00000002	0.00000004
41.00000000	0.00000003	-0.00000000
41.05000000	0.00000000	0.00000011
41.10000000	-0.00000004	-0.00000000
41.15000000	0.00000007	0.00000008
41.20000000	-0.00000003	0.00000000
41.25000000	0.00000017	0.00000006
41.30000000	0.00000027	0.00000011
41.35000000	0.00000010	0.00000001
41.40000000	0.00000021	0.00000001
41.45000000	0.00000020	-0.00000001
41.50000000	0.00000040	0.00000011
41.55000000	0.00000029	-0.00000004
41.60000000	0.00000052	0.00000011
41.65000000	0.00000057	0.00000002
41.70000000	0.00000060	0.00000005
41.75000000	0.00000053	0.00000007
41.80000000	0.00000060	0.00000003
41.85000000	0.00000079	0.00000000
41.90000000	0.00000068	0.00000007
41.95000000	0.00000062	0.00000003
42.00000000	0.00000067	-0.00000001
42.05000000	0.00000064	0.00000002
42.10000000	0.00000085	0.00000006
42.15000000	0.00000064	0.00000001
42.20000000	0.00000056	0.00000003
42.25000000	0.00000076	0.00000001
42.30000000	0.00000077	0.00000008
42.35000000	0.00000055	0.00000012
42.40000000	0.00000041	0.00000005
42.45000000	0.00000053	0.00000008
42.50000000	0.00000032	0.00000006
42.55000000	0.00000017	0.00000009
42.60000000	0.00000032	0.00000007
42.65000000	0.00000020	0.00000002
42.70000000	0.00000016	0.00000002
42.75000000	0.00000015	0.00000003
42.80000000	0.00000006	0.00000005
42.85000000	-0.00000019	0.00000007
42.90000000	-0.00000016	0.00000005
42.95000000	-0.00000011	0.00000008
43.00000000	0.00000016	-0.00000004
43.05000000	0.00000000	0.00000006
43.10000000	0.00000008	0.00000005
43.15000000	0.00000017	-0.00000006
43.20000000	0.00000012	-0.00000001
43.25000000	0.00000005	0.00000004
43.30000000	0.00000027	0.00000001
43.35000000	0.00000015	0.00000012
43.40000000	0.00000026	-0.00000001
43.45000000	0.00000036	-0.00000001
43.50000000	0.00000039	0.00000007
43.55000000	0.00000049	0.00000001
43.60000000	0.00000047	0.00000007
43.65000000	0.00000058	0.00000002
43.70000000	0.00000072	0.00000012
43.75000000	0.00000055	0.00000005
43.80000000	0.00000053	0.00000006
43.85000000	0.00000056	0.00000005
43.90000000	0.00000075	-0.00000002
43.95000000	0.00000067	0.00000004
44.00000000	0.00000074	0.00000004
44.05000000	0.00000077	-0.00000006
44.10000000	0.00000051	0.00000010
44.15000000	0.00000043	0.00000011
44.20000000	0.00000051	0.00000008
44.25000000	0.00000046	-0.00000006
44.30000000	0.00000044	0.00000007
44.35000000	0.00000024	0.00000009
44.40000000	0.00000032	-0.00000003
44.45000000	0.00000030	0.00000004
44.50000000	0.00000028	-0.00000002
44.55000000	0.00000028	-0.00000000
44.60000000	0.00000004	0.00000006
44.65000000	0.00000011	-0.00000002
44.70000000	-0.00000005	0.00000014
44.75000000	-0.00000006	0.00000002
44.80000000	-0.00000009	0.00000001
44.85000000	-0.00000014	-0.00000003
44.90000000	-0.00000004	-0.00000002
44.95000000	-0.00000008	0.00000007
45.00000000	0.00000003	-0.00000006
45.05000000	0.00000002	0.00000001
45.10000000	0.00000011	-0.00000006
45.15000000	0.00000013	-0.00000001
45.20000000	0.00000026	-0.00000007
45.25000000	0.00000028	0.00000005
45.30000000	0.00000037	0.00000001
45.35000000	0.00000044	0.00000003
45.40000000	0.00000051	0.00000011
45.45000000	0.00000049	-0.00000004
45.50000000	0.00000056	0.00000008
45.55000000	0.00000063	-0.00000008
45.60000000	0.00000064	0.00000005
45.65000000	0.00000070	-0.00000002
45.70000000	0.00000066	0.00000002
45.75000000	0.00000065	-0.00000008
45.80000000	0.00000076	0.00000016
45.85000000	0.00000075	0.00000006
45.90000000	0.00000073	-0.00000004
45.95000000	0.00000074	0.00000007
46.00000000	0.00000068	-0.00000012
46.05000000	0.00000061	-0.00000001
46.10000000	0.00000055	0.00000008
46.15000000	0.00000043	0.00000004
46.20000000	0.00000042	0.00000020
46.25000000	0.00000034	0.00000009
46.30000000	0.00000029	0.00000011
46.35000000	0.00000027	0.00000002
46.40000000	0.00000019	0.00000006
46.45000000	0.00000023	0.00000004
46.50000000	0.00000010	0.00000017
46.55000000	0.00000011	0.00000017
46.60000000	0.00000001	-0.00000006
46.65000000	0.00000007	0.00000011
46.70000000	0.00000001	-0.00000009
46.75000000	-0.00000005	0.00000005
46.80000000	-0.00000006	0.00000003
46.85000000	-0.00000001	-0.00000011
46.90000000	-0.00000001	-0.00000012
46.95000000	0.00000003	0.00000012
47.00000000	0.00000016	0.00000000
47.05000000	0.00000019	-0.00000007
47.10000000	0.00000026	0.00000009
47.15000000	0.00000037	0.00000007
47.20000000	0.00000042	-0.00000002
47.25000000	0.00000047	-0.00000000
47.30000000	0.00000054	0.00000008
47.35000000	0.00000056	0.00000004
47.40000000	0.00000052	-0.00000021
47.45000000	0.00000077	0.00000023
47.50000000	0.00000074	-0.00000000
47.55000000	0.00000075	-0.00000004
47.60000000	0.00000062	-0.00000018
47.65000000	0.00000069	-0.00000010
47.70000000	0.00000080	-0.00000012
47.75000000	0.00000072	0.00000004
47.80000000	0.00000080	0.00000004
47.85000000	0.00000065	0.00000012
47.90000000	0.00000060	0.00000011
47.95000000	0.00000055	0.00000008
48.00000000	0.00000053	0.00000012
48.05000000	0.00000034	-0.00000002
48.10000000	0.00000038	0.00000013
48.15000000	0.00000016	-0.00000003
48.20000000	0.00000020	-0.00000007
48.25000000	0.00000022	0.00000011
48.30000000	0.00000010	0.00000013
48.35000000	0.00000013	0.00000008
48.40000000	-0.00000000	0.00000000
48.45000000	0.00000005	0.00000008
48.50000000	-0.00000002	0.00000007
48.55000000	-0.00000008	0.00000001
48.60000000	-0.00000007	0.00000007
48.65000000	0.00000005	0.00000012
48.70000000	-0.00000016	0.00000008
48.75000000	-0.00000001	0.00000006
48.80000000	0.00000004	0.00000005
48.85000000	0.00000022	0.00000011
48.90000000	0.00000011	-0.00000006
48.95000000	0.00000022	-0.00000001
49.00000000	0.00000037	0.00000007
49.05000000	0.00000051	0.00000013
49.10000000	0.00000044	0.00000001
49.15000000	0.00000037	-0.00000005
49.20000000	0.00000049	-0.00000008
49.25000000	0.00000053	0.00000003
49.30000000	0.00000054	0.00000001
49.35000000	0.00000074	0.00000014
49.40000000	0.00000067	0.00000001
49.45000000	0.00000065	0.00000016
49.50000000	0.00000064	0.00000006
49.55000000	0.00000072	0.00000005
49.60000000	0.00000059	-0.00000001
49.65000000	0.00000065	0.00000003
49.70000000	0.00000064	0.00000008
49.75000000	0.00000066	0.00000009
49.80000000	0.00000054	0.00000004
49.85000000	0.00000055	0.00000003
49.90000000	0.00000034	0.00000008
49.95000000	0.00000046	0.00000007
50.00000000	0.00000016	0.00000006
50.05000000	0.00000001	0.00000008
50.10000000	0.00000022	0.00000003
50.15000000	0.00000004	0.00000003
50.20000000	-0.00000001	0.00000005
50.25000000	-0.00000022	0.00000005
50.30000000	0.00000005	0.00000001
50.35000000	0.00000005	0.00000003
50.40000000	0.00000007	0.00000004
50.45000000	0.00000003	0.00000003
50.50000000	-0.00000005	0.00000009
50.55000000	0.00000009	0.00000003
50.60000000	-0.00000008	0.00000008
50.65000000	-0.00000007	-0.00000006
50.70000000	-0.00000001	0.00000004
50.75000000	0.00000015	0.00000004
50.80000000	0.00000006	0.00000012
50.85000000	0.00000027	0.00000004
50.90000000	0.00000045	0.00000004
50.95000000	0.00000043	0.00000007
51.00000000	0.00000064	0.00000006
51.05000000	0.00000044	0.00000010
51.10000000	0.00000055	0.00000009
51.15000000	0.00000081	0.00000002
51.20000000	0.00000067	0.00000003
51.25000000	0.00000063	0.00000015
51.30000000	0.00000065	0.00000008
51.35000000	0.00000067	0.00000007
51.40000000	0.00000071	0.00000004
51.45000000	0.00000068	0.00000002
51.50000000	0.00000073	0.00000002
51.55000000	0.00000076	0.00000001
51.60000000	0.00000069	0.00000002
51.65000000	0.00000043	0.00000016
51.70000000	0.00000056	0.00000009
51.75000000	0.00000055	0.00000003
51.80000000	0.00000038	0.00000012
51.85000000	0.00000040	0.00000008
51.90000000	0.00000036	-0.00000002
51.95000000	0.00000024	-0.00000003
52.00000000	0.00000018	0.00000005
52.05000000	0.00000018	-0.00000003
52.10000000	0.00000013	0.00000002
52.15000000	0.00000008	0.00000005
52.20000000	0.00000022	-0.00000020
52.25000000	0.00000012	-0.00000005
52.30000000	0.00000003	0.00000010
52.35000000	0.00000011	0.00000009
52.40000000	0.00000011	0.00000010
52.45000000	0.00000015	0.00000003
52.50000000	0.00000012	0.00000004
52.55000000	0.00000013	0.00000006
52.60000000	0.00000011	0.00000003
52.65000000	0.00000017	-0.00000005
52.70000000	0.00000024	-0.00000002
52.75000000	0.00000031	-0.00000002
52.80000000	0.00000037	-0.00000012
52.85000000	0.00000042	0.00000016
52.90000000	0.00000050	-0.00000003
52.95000000	0.00000048	0.00000012
53.00000000	0.00000051	-0.00000001
53.05000000	0.00000057	-0.00000001
53.10000000	0.00000052	0.00000014
53.15000000	0.00000057	0.00000000
53.20000000	0.00000053	0.00000006
53.25000000	0.00000060	-0.00000010
53.30000000	0.00000052	0.00000000
53.35000000	0.00000050	0.00000006
53.40000000	0.00000059	0.00000005
53.45000000	0.00000058	-0.00000009
53.50000000	0.00000056	0.00000007
53.55000000	0.00000053	0.00000002
53.60000000	0.00000048	0.00000012
53.65000000	0.00000053	-0.00000002
53.70000000	0.00000038	0.00000004
53.75000000	0.00000030	0.00000007
53.80000000	0.00000029	0.00000009
53.85000000	0.00000023	0.00000013
53.90000000	0.00000018	0.00000008
53.95000000	0.00000017	0.00000002
54.00000000	0.00000009	0.00000004
54.05000000	0.00000009	-0.00000001
54.10000000	0.00000006	-0.00000001
54.15000000	0.00000007	0.00000003
54.20000000	0.00000009	0.00000007
54.25000000	0.00000011	-0.00000002
54.30000000	0.00000010	0.00000005
54.35000000	0.00000019	0.00000000
54.40000000	0.00000015	-0.00000011
54.45000000	0.00000013	-0.00000007
54.50000000	0.00000017	0.00000012
54.55000000	0.00000019	0.00000001
54.60000000	0.00000014	0.00000005
54.65000000	0.00000024	0.00000013
54.70000000	0.00000026	-0.00000002
54.75000000	0.00000028	0.00000004
54.80000000	0.00000030	0.00000006
54.85000000	0.00000032	0.00000018
54.90000000	0.00000046	0.00000003
54.95000000	0.00000042	-0.00000006
55.00000000	0.00000051	0.00000004
55.05000000	0.00000051	0.00000004
55.10000000	0.00000051	-0.00000014
55.15000000	0.00000055	-0.00000002
55.20000000	0.00000060	0.00000019
55.25000000	0.00000048	-0.00000001
55.30000000	0.00000062	0.00000006
55.35000000	0.00000054	0.00000007
55.40000000	0.00000054	0.00000009
55.45000000	0.00000053	0.00000009
55.50000000	0.00000055	0.00000008
55.55000000	0.00000032	-0.00000009
55.60000000	0.00000041	-0.00000002
55.65000000	0.00000036	-0.00000003
55.70000000	0.00000042	0.00000010
55.75000000	0.00000035	0.00000000
55.80000000	0.00000033	0.00000003
55.85000000	0.00000031	0.00000012
55.90000000	0.00000016	-0.00000009
55.95000000	0.00000028	0.00000003
56.00000000	0.00000017	0.00000005
56.05000000	0.00000014	0.00000004
56.10000000	0.00000024	0.00000010
56.15000000	0.00000015	0.00000004
56.20000000	0.00000022	0.00000004
56.25000000	0.00000021	0.00000003
56.30000000	0.00000029	0.00000008
56.35000000	0.00000016	0.00000001
56.40000000	0.00000033	0.00000011
56.45000000	0.00000022	0.00000002
56.50000000	0.00000029	-0.00000003
56.55000000	0.00000046	0.00000015
56.60000000	0.00000030	-0.00000006
56.65000000	0.00000029	0.00000002
56.70000000	0.00000029	-0.00000001
56.75000000	0.00000042	0.00000002
56.80000000	0.00000041	0.00000009
56.85000000	0.00000049	0.00000000
56.90000000	0.00000050	0.00000002
56.95000000	0.00000060	0.00000006
57.00000000	0.00000062	0.00000005
57.05000000	0.00000066	0.00000000
57.10000000	0.00000063	0.00000006
57.15000000	0.00000080	0.00000009
57.20000000	0.00000052	0.00000002
57.25000000	0.00000051	-0.00000003
57.30000000	0.00000048	0.00000003
57.35000000	0.00000061	0.00000009
57.40000000	0.00000053	-0.00000004
57.45000000	0.00000039	0.00000005
57.50000000	0.00000037	0.00000001
57.55000000	0.00000031	0.00000004
57.60000000	0.00000035	0.00000007
57.65000000	0.00000041	0.00000009
57.70000000	0.00000024	0.00000001
57.75000000	0.00000039	0.00000006
57.80000000	0.00000035	0.00000002
57.85000000	0.00000016	-0.00000003
57.90000000	0.00000015	0.00000008
57.95000000	0.00000018	0.00000003
58.00000000	0.00000002	0.00000004
58.05000000	0.00000030	0.00000007
58.10000000	0.00000011	0.00000005
58.15000000	0.00000015	-0.00000001
58.20000000	0.00000033	0.00000001
58.25000000	-0.00000006	0.00000010
58.30000000	0.00000021	-0.00000002
58.35000000	0.00000016	0.00000005
58.40000000	0.00000028	-0.00000004
58.45000000	0.00000044	-0.00000001
58.50000000	0.00000023	0.00000004
58.55000000	0.00000032	0.00000002
58.60000000	0.00000029	0.00000006
58.65000000	0.00000030	0.00000001
58.70000000	0.00000029	0.00000004
58.75000000	0.00000047	-0.00000000
58.80000000	0.00000053	0.00000003
58.85000000	0.00000055	0.00000001
58.90000000	0.00000051	0.00000006
58.95000000	0.00000051	0.00000010
59.00000000	0.00000054	-0.00000002
59.05000000	0.00000049	0.00000014
59.10000000	0.00000055	0.00000008
59.15000000	0.00000046	0.00000009
59.20000000	0.00000046	0.00000004
59.25000000	0.00000049	0.00000004
59.30000000	0.00000044	0.00000001
59.35000000	0.00000038	0.00000009
59.40000000	0.00000038	0.00000007
59.45000000	0.00000038	0.00000003
59.50000000	0.00000038	0.00000008
59.55000000	0.00000036	0.00000001
59.60000000	0.00000032	0.00000000
59.65000000	0.00000029	0.00000014
59.70000000	0.00000028	-0.00000001
59.75000000	0.00000031	-0.00000008
59.80000000	0.00000015	-0.00000008
59.85000000	0.00000006	0.00000007
59.90000000	-0.00000001	0.00000007
59.95000000	0.00000011	0.00000003
60.00000000	0.00000005	0.00000011
60.05000000	0.00000005	-0.00000005
60.10000000	0.00000003	0.00000004
60.15000000	0.00000026	-0.00000005
60.20000000	0.00000019	0.00000003
60.25000000	0.00000032	0.00000001
60.30000000	0.00000041	-0.00000005
60.35000000	0.00000035	-0.00000010
60.40000000	0.00000035	0.00000014
60.45000000	0.00000040	0.00000007
60.50000000	0.00000050	0.00000003
60.55000000	0.00000042	-0.00000004
60.60000000	0.00000045	0.00000004
60.65000000	0.00000045	-0.00000009
60.70000000	0.00000044	0.00000006
60.75000000	0.00000050	0.00000022
60.80000000	0.00000053	0.00000015
60.85000000	0.00000063	-0.00000005
60.90000000	0.00000066	0.00000001
60.95000000	0.00000071	-0.00000009
61.00000000	0.00000065	0.00000000
61.05000000	0.00000064	0.00000011
61.10000000	0.00000067	0.00000002
61.15000000	0.00000060	0.00000010
61.20000000	0.00000049	-0.00000001
61.25000000	0.00000047	0.00000015
61.30000000	0.00000037	-0.00000000
61.35000000	0.00000037	-0.00000012
61.40000000	0.00000045	0.00000001
61.45000000	0.00000032	0.00000004
61.50000000	0.00000040	0.00000017
61.55000000	0.00000030	-0.00000003
61.60000000	0.00000025	-0.00000003
61.65000000	0.00000031	0.00000005
61.70000000	0.00000025	0.00000001
61.75000000	0.00000018	0.00000009
61.80000000	0.00000011	-0.00000005
61.85000000	0.00000018	0.00000012
61.90000000	0.00000014	-0.00000005
61.95000000	0.00000017	0.00000010
62.00000000	0.00000022	-0.00000003
62.05000000	0.00000021	0.00000002
62.10000000	0.00000033	0.00000021
62.15000000	0.00000026	-0.00000003
62.20000000	0.00000035	0.00000016
62.25000000	0.00000037	0.00000006
62.30000000	0.00000041	0.00000003
62.35000000	0.00000047	0.00000013
62.40000000	0.00000046	0.00000008
62.45000000	0.00000044	-0.00000007
62.50000000	0.00000054	0.00000011
62.55000000	0.00000047	-0.00000002
62.60000000	0.00000046	-0.00000009
62.65000000	0.00000050	-0.00000003
62.70000000	0.00000055	0.00000009
62.75000000	0.00000059	0.00000020
62.80000000	0.00000046	0.00000006
62.85000000	0.00000055	0.00000008
62.90000000	0.00000068	0.00000018
62.95000000	0.00000046	0.00000004
63.00000000	0.00000054	0.00000007
63.05000000	0.00000044	0.00000008
63.10000000	0.00000039	0.00000011
63.15000000	0.00000031	-0.00000009
63.20000000	0.00000033	0.00000011
63.25000000	0.00000035	0.00000005
63.30000000	0.00000012	-0.00000005
63.35000000	0.00000024	-0.00000002
63.40000000	0.00000018	0.00000003
63.45000000	0.00000022	0.00000001
63.50000000	0.00000011	0.00000010
63.55000000	0.00000011	-0.00000000
63.60000000	0.00000018	0.00000015
63.65000000	-0.00000004	0.00000002
63.70000000	0.00000005	-0.00000005
63.75000000	0.00000010	0.00000003
63.80000000	0.00000017	0.00000006
63.85000000	0.00000011	0.00000000
63.90000000	0.00000014	0.00000001
63.95000000	0.00000016	0.00000013
64.00000000	0.00000015	0.00000005
64.05000000	0.00000016	-0.00000006
64.10000000	0.00000024	0.00000002
64.15000000	0.00000024	0.00000003
64.20000000	0.00000025	-0.00000002
64.25000000	0.00000045	0.00000004
64.30000000	0.00000049	-0.00000005
64.35000000	0.00000045	0.00000001
64.40000000	0.00000049	0.00000007
64.45000000	0.00000046	0.00000002
64.50000000	0.00000053	0.00000005
64.55000000	0.00000034	0.00000003
64.60000000	0.00000045	0.00000001
64.65000000	0.00000056	0.00000009
64.70000000	0.00000062	0.00000006
64.75000000	0.00000046	-0.00000002
64.80000000	0.00000057	0.00000007
64.85000000	0.00000052	0.00000008
64.90000000	0.00000039	0.00000009
64.95000000	0.00000061	0.00000009
65.00000000	0.00000055	0.00000000
65.05000000	0.00000047	-0.00000003
65.10000000	0.00000029	-0.00000000
65.15000000	0.00000037	0.00000003
65.20000000	0.00000019	0.00000005
65.25000000	0.00000022	0.00000003
65.30000000	0.00000027	0.00000005
65.35000000	0.00000043	0.00000003
65.40000000	0.00000012	0.00000007
65.45000000	0.00000028	0.00000008
65.50000000	0.00000028	-0.00000003
65.55000000	0.00000030	0.00000003
65.60000000	0.00000032	0.00000005
65.65000000	0.00000017	0.00000009
65.70000000	0.00000023	0.00000004
65.75000000	0.00000033	-0.00000009
65.80000000	0.00000037	0.00000006
65.85000000	0.00000030	-0.00000003
65.90000000	0.00000013	0.00000005
65.95000000	0.00000032	-0.00000001
66.00000000	0.00000039	0.00000002
66.05000000	0.00000036	-0.00000000
66.10000000	0.00000048	0.00000001
66.15000000	0.00000054	0.00000001
66.20000000	0.00000057	-0.00000003
66.25000000	0.00000037	0.00000001
66.30000000	0.00000052	0.00000003
66.35000000	0.00000051	0.00000002
66.40000000	0.00000057	0.00000004
66.45000000	0.00000055	0.00000007
66.50000000	0.00000056	0.00000011
66.55000000	0.00000063	-0.00000003
66.60000000	0.00000057	-0.00000000
66.65000000	0.00000058	-0.00000000
66.70000000	0.00000045	0.00000009
66.75000000	0.00000047	0.00000016
66.80000000	0.00000045	0.00000014
66.85000000	0.00000061	-0.00000002
66.90000000	0.00000043	-0.00000004
66.95000000	0.00000042	0.00000003
67.00000000	0.00000038	-0.00000001
67.05000000	0.00000034	0.00000001
67.10000000	0.00000025	0.00000010
67.15000000	0.00000031	0.00000004
67.20000000	0.00000015	0.00000004
67.25000000	0.00000013	0.00000006
67.30000000	0.00000021	0.00000011
67.35000000	0.00000012	0.00000012
67.40000000	0.00000017	0.00000003
67.45000000	0.00000017	0.00000004
67.50000000	0.00000010	0.00000015
67.55000000	0.00000030	-0.00000009
67.60000000	0.00000024	0.00000004
67.65000000	0.00000024	-0.00000009
67.70000000	0.00000022	0.00000011
67.75000000	0.00000015	0.00000009
67.80000000	0.00000025	-0.00000008
67.85000000	0.00000026	-0.00000004
67.90000000	0.00000018	0.00000017
67.95000000	0.00000021	0.00000009
68.00000000	0.00000033	0.00000004
68.05000000	0.00000029	0.00000017
68.10000000	0.00000032	0.00000007
68.15000000	0.00000034	-0.00000001
68.20000000	0.00000042	0.00000012
68.25000000	0.00000044	0.00000002
68.30000000	0.00000042	0.00000007
68.35000000	0.00000054	0.00000003
68.40000000	0.00000054	-0.00000001
68.45000000	0.00000040	0.00000010
68.50000000	0.00000041	0.00000008
68.55000000	0.00000044	0.00000003
68.60000000	0.00000035	0.00000003
68.65000000	0.00000041	0.00000011
68.70000000	0.00000046	0.00000011
68.75000000	0.00000044	0.00000003
68.80000000	0.00000038	-0.00000019
68.85000000	0.00000044	0.00000017
68.90000000	0.00000042	0.00000025
68.95000000	0.00000035	0.00000007
69.00000000	0.00000036	0.00000000
69.05000000	0.00000027	-0.00000001
69.10000000	0.00000026	0.00000000
69.15000000	0.00000024	-0.00000007
69.20000000	0.00000022	0.00000026
69.25000000	0.00000017	-0.00000006
69.30000000	0.00000017	0.00000002
69.35000000	0.00000014	-0.00000008
69.40000000	0.00000017	0.00000013
69.45000000	0.00000013	-0.00000001
69.50000000	0.00000021	0.00000006
69.55000000	0.00000020	0.00000013
69.60000000	0.00000022	0.00000003
69.65000000	0.00000016	0.00000002
69.70000000	0.00000026	0.00000014
69.75000000	0.00000030	0.00000005
69.80000000	0.00000019	-0.00000004
69.85000000	0.00000024	0.00000013
69.90000000	0.00000016	-0.00000021
69.95000000	0.00000033	0.00000017
70.00000000	0.00000046	0.00000012
