-10.00000000	0.00000018	0.00000004
-9.95000000	-0.00000008	-0.00000002
-9.90000000	0.00000014	0.00000003
-9.85000000	0.00000010	0.00000003
-9.80000000	-0.00000004	-0.00000001
-9.75000000	-0.00000007	0.00000000
-9.70000000	0.00000011	-0.00000000
-9.65000000	0.00000001	-0.00000004
-9.60000000	0.00000003	0.00000001
-9.55000000	0.00000004	-0.00000002
-9.50000000	0.00000015	0.00000002
-9.45000000	-0.00000004	0.00000002
-9.40000000	-0.00000002	0.00000005
-9.35000000	0.00000010	0.00000003
-9.30000000	0.00000008	-0.00000000
-9.25000000	0.00000010	0.00000001
-9.20000000	0.00000032	-0.00000006
-9.15000000	0.00000018	0.00000007
-9.10000000	0.00000006	0.00000004
-9.05000000	0.00000011	-0.00000003
-9.00000000	0.00000005	0.00000001
-8.95000000	0.00000003	0.00000001
-8.90000000	0.00000018	0.00000004
-8.85000000	0.00000011	0.00000001
-8.80000000	-0.00000002	0.00000004
-8.75000000	0.00000002	-0.00000002
-8.70000000	0.00000007	-0.00000002
-8.65000000	0.00000007	-0.00000009
-8.60000000	-0.00000008	0.00000006
-8.55000000	-0.00000013	-0.00000003
-8.50000000	-0.00000002	-0.00000000
-8.45000000	0.00000004	-0.00000002
-8.40000000	-0.00000007	-0.00000001
-8.35000000	-0.00000016	0.00000006
-8.30000000	0.00000006	-0.00000003
-8.25000000	0.00000009	-0.00000001
-8.20000000	-0.00000002	0.00000007
-8.15000000	-0.00000000	-0.00000001
-8.10000000	0.00000009	-0.00000004
-8.05000000	0.00000005	0.00000001
-8.00000000	0.00000020	-0.00000006
-7.95000000	0.00000010	0.00000003
-7.90000000	0.00000014	-0.00000002
-7.85000000	0.00000006	0.00000003
-7.80000000	0.00000015	-0.00000002
-7.75000000	0.00000002	0.00000012
-7.70000000	-0.00000007	0.00000010
-7.65000000	-0.00000003	0.00000006
-7.60000000	-0.00000013	0.00000008
-7.55000000	-0.00000011	0.00000001
-7.50000000	-0.00000015	-0.00000006
-7.45000000	-0.00000018	-0.00000009
-7.40000000	-0.00000024	-0.00000009
-7.35000000	-0.00000026	-0.00000008
-7.30000000	-0.00000037	0.00000018
-7.25000000	-0.00000037	0.00000006
-7.20000000	-0.00000025	0.00000005
-7.15000000	-0.00000021	0.00000003
-7.10000000	-0.00000007	-0.00000007
-7.05000000	0.00000003	-0.00000007
-7.00000000	0.00000004	-0.00000000
-6.95000000	0.00000009	0.00000007
-6.90000000	0.00000019	-0.00000008
-6.85000000	0.00000019	0.00000002
-6.80000000	0.00000029	0.00000005
-6.75000000	0.00000034	-0.00000003
-6.70000000	0.00000035	0.00000003
-6.65000000	0.00000033	0.00000003
-6.60000000	0.00000027	0.00000017
-6.55000000	0.00000031	0.00000001
-6.50000000	0.00000025	0.00000007
-6.45000000	0.00000020	-0.00000008
-6.40000000	0.00000015	0.00000006
-6.35000000	0.00000007	0.00000000
-6.30000000	-0.00000009	0.00000003
-6.25000000	-0.00000021	0.00000003
-6.20000000	-0.00000019	0.00000004
-6.15000000	-0.00000020	-0.00000006
-6.10000000	-0.00000029	-0.00000008
-6.05000000	-0.00000032	-0.00000004
-6.00000000	-0.00000025	0.00000001
-5.95000000	-0.00000018	-0.00000002
-5.90000000	-0.00000014	-0.00000003
-5.85000000	-0.00000005	0.00000011
-5.80000000	0.00000006	0.00000009
-5.75000000	0.00000010	-0.00000007
-5.70000000	0.00000026	0.00000005
-5.65000000	0.00000033	-0.00000006
-5.60000000	0.00000044	0.00000009
-5.55000000	0.00000045	0.00000009
-5.50000000	0.00000040	0.00000003
-5.45000000	0.00000032	-0.00000010
-5.40000000	0.00000030	-0.00000003
-5.35000000	0.00000021	0.00000013
-5.30000000	0.00000017	0.00000010
-5.25000000	0.00000003	0.00000006
-5.20000000	-0.00000009	-0.00000007
-5.15000000	-0.00000011	0.00000001
-5.10000000	-0.00000017	-0.00000002
-5.05000000	-0.00000023	0.00000006
-5.00000000	-0.00000030	-0.00000005
-4.95000000	-0.00000023	0.00000012
-4.90000000	-0.00000038	-0.00000011
-4.85000000	-0.00000029	-0.00000006
-4.80000000	-0.00000020	-0.00000004
-4.75000000	-0.00000023	-0.00000002
-4.70000000	-0.00000008	0.00000001
-4.65000000	-0.00000003	0.00000005
-4.60000000	0.00000003	-0.00000005
-4.55000000	0.00000010	0.00000007
-4.50000000	0.00000022	0.00000012
-4.45000000	0.00000020	0.00000010
-4.40000000	0.00000009	-0.00000002
-4.35000000	0.00000014	0.00000003
-4.30000000	0.00000013	-0.00000002
-4.25000000	0.00000012	-0.00000000
-4.20000000	0.00000014	0.00000003
-4.15000000	0.00000011	0.00000004
-4.10000000	-0.00000003	-0.00000005
-4.05000000	0.00000001	0.00000001
-4.00000000	-0.00000003	-0.00000002
-3.95000000	-0.00000003	-0.00000004
-3.90000000	-0.00000013	-0.00000011
-3.85000000	-0.00000015	-0.00000004
-3.80000000	-0.00000014	-0.00000004
-3.75000000	-0.00000020	-0.00000008
-3.70000000	-0.00000010	0.00000001
-3.65000000	-0.00000035	-0.00000006
-3.60000000	-0.00000009	-0.00000003
-3.55000000	-0.00000005	-0.00000001
-3.50000000	0.00000002	-0.00000002
-3.45000000	0.00000007	0.00000002
-3.40000000	0.00000031	0.00000009
-3.35000000	0.00000015	0.00000001
-3.30000000	0.00000023	0.00000007
-3.25000000	0.00000022	0.00000005
-3.20000000	0.00000017	0.00000006
-3.15000000	0.00000025	-0.00000000
-3.10000000	0.00000020	-0.00000001
-3.05000000	0.00000022	-0.00000006
-3.00000000	0.00000014	-0.00000002
-2.95000000	0.00000009	0.00000004
-2.90000000	0.00000002	-0.00000004
-2.85000000	0.00000009	0.00000002
-2.80000000	-0.00000001	-0.00000002
-2.75000000	0.00000006	-0.00000006
-2.70000000	-0.00000002	-0.00000002
-2.65000000	-0.00000005	0.00000000
-2.60000000	-0.00000016	-0.00000004
-2.55000000	-0.00000005	-0.00000004
-2.50000000	0.00000005	-0.00000001
-2.45000000	-0.00000013	-0.00000003
-2.40000000	0.00000001	0.00000006
-2.35000000	0.00000003	-0.00000005
-2.30000000	-0.00000004	-0.00000000
-2.25000000	0.00000005	0.00000005
-2.20000000	-0.00000004	0.00000005
-2.15000000	-0.00000006	0.00000000
-2.10000000	0.00000001	-0.00000004
-2.05000000	0.00000002	0.00000007
-2.00000000	-0.00000004	0.00000008
-1.95000000	0.00000019	-0.00000000
-1.90000000	0.00000014	0.00000010
-1.85000000	0.00000014	0.00000004
-1.80000000	0.00000010	0.00000001
-1.75000000	0.00000025	0.00000002
-1.70000000	0.00000021	-0.00000004
-1.65000000	0.00000004	0.00000001
-1.60000000	-0.00000006	-0.00000001
-1.55000000	-0.00000004	-0.00000003
-1.50000000	-0.00000003	-0.00000007
-1.45000000	-0.00000021	-0.00000003
-1.40000000	-0.00000032	0.00000004
-1.35000000	-0.00000031	0.00000003
-1.30000000	-0.00000023	0.00000000
-1.25000000	-0.00000023	-0.00000005
-1.20000000	-0.00000019	-0.00000005
-1.15000000	-0.00000020	-0.00000001
-1.10000000	-0.00000005	-0.00000012
-1.05000000	-0.00000001	-0.00000011
-1.00000000	0.00000009	-0.00000007
-0.95000000	0.00000010	-0.00000004
-0.90000000	0.00000015	-0.00000004
-0.85000000	0.00000017	-0.00000003
-0.80000000	0.00000022	0.00000000
-0.75000000	0.00000026	-0.00000005
-0.70000000	0.00000025	0.00000005
-0.65000000	0.00000026	0.00000005
-0.60000000	0.00000034	-0.00000000
-0.55000000	0.00000027	-0.00000011
-0.50000000	0.00000009	0.00000004
-0.45000000	-0.00000001	0.00000019
-0.40000000	0.00000016	-0.00000010
-0.35000000	0.00000002	0.00000007
-0.30000000	0.00000001	-0.00000007
-0.25000000	-0.00000005	-0.00000005
-0.20000000	-0.00000013	-0.00000000
-0.15000000	-0.00000014	-0.00000008
-0.10000000	-0.00000019	-0.00000007
-0.05000000	-0.00000012	0.00000005
0.00000000	-0.00000012	-0.00000005
0.05000000	-0.00000017	0.00000011
0.10000000	-0.00000001	0.00000001
0.15000000	0.00000006	-0.00000008
0.20000000	0.00000005	0.00000003
0.25000000	0.00000015	0.00000004
0.30000000	0.00000017	-0.00000004
0.35000000	0.00000024	-0.00000003
0.40000000	0.00000025	0.00000003
0.45000000	0.00000027	0.00000000
0.50000000	0.00000030	0.00000007
0.55000000	0.00000023	0.00000000
0.60000000	0.00000025	-0.00000023
0.65000000	0.00000015	0.00000000
0.70000000	0.00000015	-0.00000008
0.75000000	0.00000009	-0.00000001
0.80000000	0.00000004	-0.00000008
0.85000000	0.00000001	0.00000006
0.90000000	-0.00000009	0.00000003
0.95000000	-0.00000009	0.00000012
1.00000000	-0.00000013	-0.00000015
1.05000000	-0.00000021	-0.00000017
1.10000000	-0.00000020	-0.00000004
1.15000000	-0.00000017	-0.00000005
1.20000000	-0.00000018	0.00000007
1.25000000	-0.00000016	0.00000000
1.30000000	-0.00000015	0.00000009
1.35000000	-0.00000017	0.00000010
1.40000000	-0.00000011	0.00000008
1.45000000	-0.00000020	-0.00000007
1.50000000	-0.00000018	-0.00000007
1.55000000	-0.00000018	0.00000007
1.60000000	-0.00000024	-0.00000003
1.65000000	-0.00000013	0.00000002
1.70000000	-0.00000002	0.00000011
1.75000000	-0.00000004	-0.00000002
1.80000000	0.00000010	0.00000005
1.85000000	0.00000029	0.00000007
1.90000000	0.00000029	-0.00000007
1.95000000	0.00000039	-0.00000000
2.00000000	0.00000043	-0.00000012
2.05000000	0.00000043	-0.00000008
2.10000000	0.00000051	-0.00000002
2.15000000	0.00000056	0.00000001
2.20000000	0.00000034	-0.00000008
2.25000000	0.00000028	0.00000001
2.30000000	0.00000012	-0.00000005
2.35000000	-0.00000003	0.00000004
2.40000000	-0.00000032	0.00000003
2.45000000	-0.00000044	-0.00000010
2.50000000	-0.00000050	0.00000004
2.55000000	-0.00000063	-0.00000003
2.60000000	-0.00000079	-0.00000009
2.65000000	-0.00000071	-0.00000005
2.70000000	-0.00000071	0.00000005
2.75000000	-0.00000065	0.00000002
2.80000000	-0.00000054	-0.00000002
2.85000000	-0.00000022	0.00000015
2.90000000	-0.00000018	-0.00000002
2.95000000	0.00000011	0.00000007
3.00000000	0.00000017	0.00000003
3.05000000	0.00000033	0.00000000
3.10000000	0.00000039	0.00000001
3.15000000	0.00000063	0.00000013
3.20000000	0.00000052	-0.00000005
3.25000000	0.00000073	-0.00000004
3.30000000	0.00000091	0.00000003
3.35000000	0.00000087	0.00000006
3.40000000	0.00000076	-0.00000003
3.45000000	0.00000068	-0.00000007
3.50000000	0.00000043	-0.00000009
3.55000000	0.00000051	-0.00000007
3.60000000	0.00000011	-0.00000009
3.65000000	-0.00000010	-0.00000008
3.70000000	-0.00000033	-0.00000010
3.75000000	-0.00000041	-0.00000000
3.80000000	-0.00000068	-0.00000001
3.85000000	-0.00000084	-0.00000004
3.90000000	-0.00000084	-0.00000001
3.95000000	-0.00000065	-0.00000000
4.00000000	-0.00000068	0.00000006
4.05000000	-0.00000067	0.00000006
4.10000000	-0.00000057	0.00000010
4.15000000	-0.00000009	0.00000012
4.20000000	0.00000007	0.00000003
4.25000000	0.00000013	0.00000004
4.30000000	0.00000029	0.00000008
4.35000000	0.00000051	0.00000002
4.40000000	0.00000073	0.00000003
4.45000000	0.00000047	0.00000005
4.50000000	0.00000061	0.00000002
4.55000000	0.00000040	-0.00000000
4.60000000	0.00000041	-0.00000005
4.65000000	0.00000041	-0.00000007
4.70000000	0.00000004	-0.00000006
4.75000000	-0.00000003	-0.00000006
4.80000000	-0.00000019	-0.00000009
4.85000000	-0.00000041	-0.00000003
4.90000000	-0.00000033	-0.00000008
4.95000000	-0.00000036	-0.00000012
5.00000000	-0.00000080	-0.00000008
5.05000000	-0.00000088	-0.00000005
5.10000000	-0.00000090	-0.00000001
5.15000000	-0.00000079	-0.00000004
5.20000000	-0.00000082	0.00000003
5.25000000	-0.00000058	-0.00000001
5.30000000	-0.00000021	0.00000003
5.35000000	0.00000011	0.00000009
5.40000000	0.00000084	0.00000004
5.45000000	0.00000123	0.00000014
5.50000000	0.00000166	0.00000007
5.55000000	0.00000195	0.00000011
5.60000000	0.00000218	0.00000006
5.65000000	0.00000243	0.00000006
5.70000000	0.00000217	0.00000006
5.75000000	0.00000192	-0.00000004
5.80000000	0.00000145	0.00000000
5.85000000	0.00000097	-0.00000004
5.90000000	0.00000032	-0.00000016
5.95000000	-0.00000069	-0.00000005
6.00000000	-0.00000134	-0.00000010
6.05000000	-0.00000225	0.00000003
6.10000000	-0.00000278	-0.00000001
6.15000000	-0.00000315	0.00000000
6.20000000	-0.00000339	-0.00000002
6.25000000	-0.00000323	-0.00000008
6.30000000	-0.00000299	0.00000001
6.35000000	-0.00000233	0.00000001
6.40000000	-0.00000172	-0.00000003
6.45000000	-0.00000101	0.00000002
6.50000000	-0.00000013	0.00000018
6.55000000	0.00000087	-0.00000000
6.60000000	0.00000156	0.00000012
6.65000000	0.00000236	-0.00000001
6.70000000	0.00000297	0.00000022
6.75000000	0.00000342	0.00000018
6.80000000	0.00000377	0.00000014
6.85000000	0.00000386	0.00000015
6.90000000	0.00000373	0.00000017
6.95000000	0.00000341	0.00000004
7.00000000	0.00000279	-0.00000013
7.05000000	0.00000195	-0.00000008
7.10000000	0.00000085	-0.00000004
7.15000000	-0.00000035	-0.00000002
7.20000000	-0.00000149	-0.00000022
7.25000000	-0.00000240	-0.00000037
7.30000000	-0.00000343	-0.00000029
7.35000000	-0.00000413	-0.00000021
7.40000000	-0.00000455	-0.00000023
7.45000000	-0.00000460	-0.00000020
7.50000000	-0.00000444	-0.00000007
7.55000000	-0.00000377	-0.00000010
7.60000000	-0.00000290	-0.00000004
7.65000000	-0.00000180	0.00000000
7.70000000	-0.00000058	0.00000011
7.75000000	0.00000072	0.00000040
7.80000000	0.00000203	0.00000041
7.85000000	0.00000306	0.00000014
7.90000000	0.00000399	0.00000034
7.95000000	0.00000452	0.00000034
8.00000000	0.00000463	0.00000020
8.05000000	0.00000436	0.00000019
8.10000000	0.00000383	0.00000026
8.15000000	0.00000303	0.00000000
8.20000000	0.00000201	-0.00000001
8.25000000	0.00000089	-0.00000009
8.30000000	-0.00000030	-0.00000009
8.35000000	-0.00000129	-0.00000017
8.40000000	-0.00000236	-0.00000028
8.45000000	-0.00000313	-0.00000033
8.50000000	-0.00000374	-0.00000034
8.55000000	-0.00000402	-0.00000031
8.60000000	-0.00000394	-0.00000028
8.65000000	-0.00000369	-0.00000025
8.70000000	-0.00000311	-0.00000007
8.75000000	-0.00000236	-0.00000013
8.80000000	-0.00000136	-0.00000002
8.85000000	-0.00000034	-0.00000002
8.90000000	0.00000084	0.00000036
8.95000000	0.00000181	0.00000048
9.00000000	0.00000256	0.00000038
9.05000000	0.00000319	0.00000044
9.10000000	0.00000350	0.00000032
9.15000000	0.00000360	0.00000042
9.20000000	0.00000349	0.00000031
9.25000000	0.00000305	0.00000024
9.30000000	0.00000254	0.00000020
9.35000000	0.00000187	0.00000008
9.40000000	0.00000095	-0.00000023
9.45000000	0.00000042	-0.00000014
9.50000000	-0.00000042	-0.00000017
9.55000000	-0.00000122	-0.00000030
9.60000000	-0.00000196	-0.00000043
9.65000000	-0.00000273	-0.00000044
9.70000000	-0.00000301	-0.00000043
9.75000000	-0.00000315	-0.00000039
9.80000000	-0.00000307	-0.00000027
9.85000000	-0.00000270	-0.00000009
9.90000000	-0.00000229	-0.00000014
9.95000000	-0.00000168	0.00000000
10.00000000	-0.00000091	0.00000009
10.05000000	0.00000007	0.00000029
10.10000000	0.00000082	0.00000038
10.15000000	0.00000169	0.00000037
10.20000000	0.00000238	0.00000040
10.25000000	0.00000298	0.00000045
10.30000000	0.00000318	0.00000034
10.35000000	0.00000322	0.00000034
10.40000000	0.00000308	0.00000025
10.45000000	0.00000259	0.00000018
10.50000000	0.00000178	0.00000004
10.55000000	0.00000091	-0.00000007
10.60000000	0.00000023	-0.00000008
10.65000000	-0.00000081	-0.00000027
10.70000000	-0.00000146	-0.00000034
10.75000000	-0.00000188	-0.00000034
10.80000000	-0.00000240	-0.00000046
10.85000000	-0.00000258	-0.00000040
10.90000000	-0.00000250	-0.00000033
10.95000000	-0.00000245	-0.00000030
11.00000000	-0.00000217	-0.00000018
11.05000000	-0.00000179	-0.00000009
11.10000000	-0.00000166	-0.00000005
11.15000000	-0.00000132	0.00000004
11.20000000	-0.00000083	0.00000022
11.25000000	-0.00000055	0.00000025
11.30000000	0.00000031	0.00000038
11.35000000	0.00000073	0.00000033
11.40000000	0.00000157	0.00000034
11.45000000	0.00000223	0.00000037
11.50000000	0.00000269	0.00000030
11.55000000	0.00000312	0.00000027
11.60000000	0.00000335	0.00000026
11.65000000	0.00000313	0.00000018
11.70000000	0.00000285	0.00000007
11.75000000	0.00000241	-0.00000007
11.80000000	0.00000180	-0.00000016
11.85000000	0.00000091	-0.00000025
11.90000000	0.00000007	-0.00000028
11.95000000	-0.00000090	-0.00000036
12.00000000	-0.00000187	-0.00000042
12.05000000	-0.00000258	-0.00000035
12.10000000	-0.00000306	-0.00000038
12.15000000	-0.00000344	-0.00000029
12.20000000	-0.00000350	-0.00000017
12.25000000	-0.00000319	-0.00000013
12.30000000	-0.00000291	-0.00000001
12.35000000	-0.00000199	0.00000006
12.40000000	-0.00000135	0.00000017
12.45000000	-0.00000051	0.00000026
12.50000000	0.00000041	0.00000021
12.55000000	0.00000122	0.00000028
12.60000000	0.00000168	0.00000039
12.65000000	0.00000230	0.00000035
12.70000000	0.00000275	0.00000032
12.75000000	0.00000292	0.00000030
12.80000000	0.00000297	0.00000025
12.85000000	0.00000304	0.00000006
12.90000000	0.00000270	0.00000007
12.95000000	0.00000231	-0.00000000
13.00000000	0.00000173	-0.00000010
13.05000000	0.00000099	-0.00000024
13.10000000	0.00000008	-0.00000026
13.15000000	-0.00000077	-0.00000032
13.20000000	-0.00000167	-0.00000042
13.25000000	-0.00000236	-0.00000041
13.30000000	-0.00000314	-0.00000020
13.35000000	-0.00000351	-0.00000020
13.40000000	-0.00000346	-0.00000023
13.45000000	-0.00000324	-0.00000010
13.50000000	-0.00000264	-0.00000012
13.55000000	-0.00000203	-0.00000011
13.60000000	-0.00000139	0.00000015
13.65000000	-0.00000056	0.00000020
13.70000000	0.00000018	0.00000033
13.75000000	0.00000106	0.00000031
13.80000000	0.00000184	0.00000025
13.85000000	0.00000242	0.00000030
13.90000000	0.00000296	0.00000025
13.95000000	0.00000306	0.00000025
14.00000000	0.00000309	0.00000010
14.05000000	0.00000289	0.00000008
14.10000000	0.00000250	0.00000003
14.15000000	0.00000193	-0.00000021
14.20000000	0.00000131	-0.00000014
14.25000000	0.00000055	-0.00000027
14.30000000	-0.00000017	-0.00000025
14.35000000	-0.00000082	-0.00000042
14.40000000	-0.00000146	-0.00000043
14.45000000	-0.00000207	-0.00000025
14.50000000	-0.00000254	-0.00000027
14.55000000	-0.00000279	-0.00000015
14.60000000	-0.00000300	-0.00000013
14.65000000	-0.00000292	-0.00000025
14.70000000	-0.00000272	-0.00000006
14.75000000	-0.00000233	0.00000005
14.80000000	-0.00000176	0.00000010
14.85000000	-0.00000116	0.00000018
14.90000000	-0.00000020	0.00000033
14.95000000	0.00000053	0.00000034
15.00000000	0.00000146	0.00000038
15.05000000	0.00000214	0.00000035
15.10000000	0.00000273	0.00000029
15.15000000	0.00000318	0.00000030
15.20000000	0.00000324	0.00000002
15.25000000	0.00000328	0.00000011
15.30000000	0.00000306	0.00000008
15.35000000	0.00000268	-0.00000007
15.40000000	0.00000210	-0.00000038
15.45000000	0.00000160	-0.00000012
15.50000000	0.00000075	-0.00000021
15.55000000	-0.00000004	-0.00000041
15.60000000	-0.00000097	-0.00000033
15.65000000	-0.00000174	-0.00000026
15.70000000	-0.00000244	-0.00000025
15.75000000	-0.00000288	-0.00000032
15.80000000	-0.00000316	-0.00000011
15.85000000	-0.00000329	-0.00000013
15.90000000	-0.00000316	0.00000005
15.95000000	-0.00000287	0.00000015
16.00000000	-0.00000238	0.00000012
16.05000000	-0.00000171	0.00000012
16.10000000	-0.00000098	0.00000008
16.15000000	0.00000002	0.00000022
16.20000000	0.00000095	0.00000033
16.25000000	0.00000182	0.00000033
16.30000000	0.00000242	0.00000025
16.35000000	0.00000308	0.00000030
16.40000000	0.00000347	0.00000022
16.45000000	0.00000348	0.00000007
16.50000000	0.00000334	-0.00000004
16.55000000	0.00000305	-0.00000002
16.60000000	0.00000228	-0.00000017
16.65000000	0.00000134	-0.00000016
16.70000000	0.00000027	-0.00000023
16.75000000	-0.00000099	-0.00000034
16.80000000	-0.00000202	-0.00000027
16.85000000	-0.00000290	-0.00000030
16.90000000	-0.00000351	-0.00000028
16.95000000	-0.00000385	-0.00000027
17.00000000	-0.00000384	-0.00000011
17.05000000	-0.00000360	-0.00000010
17.10000000	-0.00000293	-0.00000003
17.15000000	-0.00000232	0.00000004
17.20000000	-0.00000134	0.00000018
17.25000000	-0.00000031	0.00000024
17.30000000	0.00000074	0.00000030
17.35000000	0.00000180	0.00000034
17.40000000	0.00000277	0.00000034
17.45000000	0.00000364	0.00000041
17.50000000	0.00000407	0.00000034
17.55000000	0.00000423	0.00000033
17.60000000	0.00000396	0.00000022
17.65000000	0.00000347	0.00000014
17.70000000	0.00000272	0.00000001
17.75000000	0.00000201	-0.00000000
17.80000000	0.00000091	-0.00000021
17.85000000	-0.00000013	-0.00000026
17.90000000	-0.00000101	-0.00000034
17.95000000	-0.00000180	-0.00000029
18.00000000	-0.00000266	-0.00000038
18.05000000	-0.00000321	-0.00000037
18.10000000	-0.00000378	-0.00000038
18.15000000	-0.00000388	-0.00000028
18.20000000	-0.00000393	-0.00000030
18.25000000	-0.00000336	-0.00000013
18.30000000	-0.00000290	-0.00000003
18.35000000	-0.00000198	0.00000007
18.40000000	-0.00000111	0.00000017
18.45000000	0.00000014	0.00000024
18.50000000	0.00000123	0.00000030
18.55000000	0.00000234	0.00000040
18.60000000	0.00000338	0.00000043
18.65000000	0.00000382	0.00000038
18.70000000	0.00000407	0.00000041
18.75000000	0.00000435	0.00000031
18.80000000	0.00000408	0.00000019
18.85000000	0.00000347	0.00000009
18.90000000	0.00000274	0.00000003
18.95000000	0.00000191	-0.00000012
19.00000000	0.00000088	-0.00000023
19.05000000	-0.00000009	-0.00000030
19.10000000	-0.00000121	-0.00000032
19.15000000	-0.00000221	-0.00000040
19.20000000	-0.00000289	-0.00000043
19.25000000	-0.00000340	-0.00000041
19.30000000	-0.00000380	-0.00000043
19.35000000	-0.00000392	-0.00000029
19.40000000	-0.00000363	-0.00000013
19.45000000	-0.00000310	-0.00000006
19.50000000	-0.00000243	0.00000004
19.55000000	-0.00000136	0.00000017
19.60000000	-0.00000066	0.00000028
19.65000000	0.00000018	0.00000034
19.70000000	0.00000106	0.00000038
19.75000000	0.00000176	0.00000045
19.80000000	0.00000225	0.00000044
19.85000000	0.00000276	0.00000034
19.90000000	0.00000286	0.00000038
19.95000000	0.00000289	0.00000031
20.00000000	0.00000280	0.00000018
20.05000000	0.00000257	-0.00000003
20.10000000	0.00000193	-0.00000005
20.15000000	0.00000123	-0.00000011
20.20000000	0.00000069	-0.00000026
20.25000000	0.00000001	-0.00000043
20.30000000	-0.00000070	-0.00000037
20.35000000	-0.00000136	-0.00000038
20.40000000	-0.00000177	-0.00000039
20.45000000	-0.00000205	-0.00000040
20.50000000	-0.00000231	-0.00000037
20.55000000	-0.00000251	-0.00000006
20.60000000	-0.00000230	-0.00000017
20.65000000	-0.00000212	-0.00000005
20.70000000	-0.00000194	0.00000006
20.75000000	-0.00000146	0.00000013
20.80000000	-0.00000098	0.00000030
20.85000000	-0.00000034	0.00000022
20.90000000	0.00000036	0.00000041
20.95000000	0.00000104	0.00000037
21.00000000	0.00000159	0.00000050
21.05000000	0.00000212	0.00000039
21.10000000	0.00000255	0.00000023
21.15000000	0.00000276	0.00000021
21.20000000	0.00000277	0.00000021
21.25000000	0.00000260	0.00000004
21.30000000	0.00000243	-0.00000026
21.35000000	0.00000186	-0.00000024
21.40000000	0.00000117	-0.00000029
21.45000000	0.00000038	-0.00000039
21.50000000	-0.00000055	-0.00000041
21.55000000	-0.00000126	-0.00000035
21.60000000	-0.00000192	-0.00000020
21.65000000	-0.00000239	-0.00000027
21.70000000	-0.00000251	-0.00000033
21.75000000	-0.00000254	-0.00000027
21.80000000	-0.00000242	-0.00000008
21.85000000	-0.00000216	0.00000019
21.90000000	-0.00000175	0.00000014
21.95000000	-0.00000129	0.00000014
22.00000000	-0.00000085	0.00000031
22.05000000	-0.00000014	0.00000026
22.10000000	0.00000041	0.00000042
22.15000000	0.00000110	0.00000033
22.20000000	0.00000173	0.00000034
22.25000000	0.00000212	0.00000016
22.30000000	0.00000248	0.00000016
22.35000000	0.00000271	0.00000031
22.40000000	0.00000271	-0.00000006
22.45000000	0.00000262	0.00000013
22.50000000	0.00000242	-0.00000009
22.55000000	0.00000187	-0.00000008
22.60000000	0.00000124	-0.00000027
22.65000000	0.00000040	-0.00000030
22.70000000	-0.00000048	-0.00000025
22.75000000	-0.00000133	-0.00000040
22.80000000	-0.00000212	-0.00000026
22.85000000	-0.00000279	-0.00000029
22.90000000	-0.00000328	-0.00000036
22.95000000	-0.00000349	-0.00000007
23.00000000	-0.00000338	-0.00000005
23.05000000	-0.00000298	-0.00000000
23.10000000	-0.00000256	0.00000013
23.15000000	-0.00000169	0.00000030
23.20000000	-0.00000100	0.00000012
23.25000000	-0.00000004	0.00000020
23.30000000	0.00000098	0.00000044
23.35000000	0.00000171	0.00000040
23.40000000	0.00000231	0.00000036
23.45000000	0.00000274	0.00000028
23.50000000	0.00000303	0.00000024
23.55000000	0.00000321	0.00000032
23.60000000	0.00000300	0.00000017
23.65000000	0.00000279	0.00000019
23.70000000	0.00000211	-0.00000011
23.75000000	0.00000169	-0.00000005
23.80000000	0.00000108	-0.00000017
23.85000000	0.00000023	-0.00000033
23.90000000	-0.00000032	-0.00000030
23.95000000	-0.00000103	-0.00000037
24.00000000	-0.00000168	-0.00000036
24.05000000	-0.00000221	-0.00000034
24.10000000	-0.00000259	-0.00000020
24.15000000	-0.00000291	-0.00000021
24.20000000	-0.00000295	-0.00000007
24.25000000	-0.00000275	0.00000008
24.30000000	-0.00000245	0.00000013
24.35000000	-0.00000194	0.00000012
24.40000000	-0.00000118	0.00000027
24.45000000	-0.00000009	0.00000032
24.50000000	0.00000054	0.00000030
24.55000000	0.00000132	0.00000038
24.60000000	0.00000193	0.00000036
24.65000000	0.00000244	0.00000031
24.70000000	0.00000269	0.00000029
24.75000000	0.00000273	0.00000013
24.80000000	0.00000276	0.00000008
24.85000000	0.00000253	0.00000001
24.90000000	0.00000222	-0.00000010
24.95000000	0.00000163	-0.00000020
25.00000000	0.00000111	-0.00000025
25.05000000	0.00000059	-0.00000028
25.10000000	-0.00000031	-0.00000032
25.15000000	-0.00000106	-0.00000040
25.20000000	-0.00000154	-0.00000034
25.25000000	-0.00000202	-0.00000029
25.30000000	-0.00000238	-0.00000022
25.35000000	-0.00000258	-0.00000016
25.40000000	-0.00000273	-0.00000008
25.45000000	-0.00000262	-0.00000001
25.50000000	-0.00000234	0.00000007
25.55000000	-0.00000177	0.00000019
25.60000000	-0.00000116	0.00000023
25.65000000	-0.00000054	0.00000030
25.70000000	0.00000007	0.00000031
25.75000000	0.00000074	0.00000035
25.80000000	0.00000138	0.00000035
25.85000000	0.00000180	0.00000033
25.90000000	0.00000210	0.00000030
25.95000000	0.00000241	0.00000016
26.00000000	0.00000257	0.00000009
26.05000000	0.00000251	0.00000002
26.10000000	0.00000231	-0.00000004
26.15000000	0.00000205	-0.00000017
26.20000000	0.00000153	-0.00000023
26.25000000	0.00000071	-0.00000026
26.30000000	-0.00000007	-0.00000034
26.35000000	-0.00000068	-0.00000031
26.40000000	-0.00000128	-0.00000038
26.45000000	-0.00000186	-0.00000023
26.50000000	-0.00000218	-0.00000029
26.55000000	-0.00000248	-0.00000020
26.60000000	-0.00000265	-0.00000013
26.65000000	-0.00000271	-0.00000006
26.70000000	-0.00000262	0.00000006
26.75000000	-0.00000225	0.00000011
26.80000000	-0.00000161	0.00000015
26.85000000	-0.00000096	0.00000029
26.90000000	-0.00000016	0.00000032
26.95000000	0.00000069	0.00000029
27.00000000	0.00000140	0.00000034
27.05000000	0.00000209	0.00000018
27.10000000	0.00000242	0.00000024
27.15000000	0.00000258	0.00000020
27.20000000	0.00000276	0.00000013
27.25000000	0.00000256	0.00000008
27.30000000	0.00000251	0.00000002
27.35000000	0.00000218	-0.00000009
27.40000000	0.00000171	-0.00000009
27.45000000	0.00000133	-0.00000037
27.50000000	0.00000070	-0.00000030
27.55000000	-0.00000002	-0.00000038
27.60000000	-0.00000070	-0.00000029
27.65000000	-0.00000130	-0.00000035
27.70000000	-0.00000176	-0.00000035
27.75000000	-0.00000219	-0.00000027
27.80000000	-0.00000248	-0.00000013
27.85000000	-0.00000263	-0.00000002
27.90000000	-0.00000254	-0.00000007
27.95000000	-0.00000245	0.00000019
28.00000000	-0.00000194	0.00000012
28.05000000	-0.00000159	0.00000033
28.10000000	-0.00000091	0.00000033
28.15000000	-0.00000028	0.00000034
28.20000000	0.00000039	0.00000038
28.25000000	0.00000112	0.00000020
28.30000000	0.00000163	0.00000028
28.35000000	0.00000216	0.00000026
28.40000000	0.00000255	0.00000021
28.45000000	0.00000272	0.00000010
28.50000000	0.00000268	0.00000002
28.55000000	0.00000249	0.00000003
28.60000000	0.00000214	-0.00000005
28.65000000	0.00000166	-0.00000022
28.70000000	0.00000111	-0.00000036
28.75000000	0.00000043	-0.00000026
28.80000000	-0.00000013	-0.00000030
28.85000000	-0.00000071	-0.00000043
28.90000000	-0.00000130	-0.00000018
28.95000000	-0.00000175	-0.00000025
29.00000000	-0.00000215	-0.00000010
29.05000000	-0.00000251	-0.00000012
29.10000000	-0.00000263	0.00000008
29.15000000	-0.00000268	0.00000001
29.20000000	-0.00000250	0.00000005
29.25000000	-0.00000217	0.00000020
29.30000000	-0.00000160	0.00000024
29.35000000	-0.00000102	0.00000032
29.40000000	-0.00000031	0.00000020
29.45000000	0.00000047	0.00000039
29.50000000	0.00000119	0.00000011
29.55000000	0.00000180	0.00000009
29.60000000	0.00000247	0.00000031
29.65000000	0.00000280	0.00000003
29.70000000	0.00000296	-0.00000015
29.75000000	0.00000292	-0.00000009
29.80000000	0.00000263	-0.00000013
29.85000000	0.00000220	-0.00000017
29.90000000	0.00000163	-0.00000010
29.95000000	0.00000092	-0.00000037
30.00000000	0.00000023	-0.00000016
30.05000000	-0.00000051	-0.00000033
30.10000000	-0.00000125	-0.00000027
30.15000000	-0.00000193	-0.00000008
30.20000000	-0.00000260	-0.00000026
30.25000000	-0.00000287	-0.00000023
30.30000000	-0.00000311	-0.00000013
30.35000000	-0.00000297	0.00000002
30.40000000	-0.00000262	0.00000005
30.45000000	-0.00000212	0.00000013
30.50000000	-0.00000137	0.00000021
30.55000000	-0.00000057	0.00000022
30.60000000	0.00000020	0.00000032
30.65000000	0.00000098	0.00000021
30.70000000	0.00000180	0.00000024
30.75000000	0.00000226	0.00000027
30.80000000	0.00000270	0.00000018
30.85000000	0.00000303	0.00000012
30.90000000	0.00000294	-0.00000010
30.95000000	0.00000298	0.00000009
31.00000000	0.00000262	-0.00000005
31.05000000	0.00000231	0.00000010
31.10000000	0.00000142	-0.00000022
31.15000000	0.00000071	-0.00000025
31.20000000	0.00000003	-0.00000029
31.25000000	-0.00000075	-0.00000028
31.30000000	-0.00000142	-0.00000024
31.35000000	-0.00000186	-0.00000016
31.40000000	-0.00000229	-0.00000011
31.45000000	-0.00000284	-0.00000019
31.50000000	-0.00000297	-0.00000004
31.55000000	-0.00000286	-0.00000001
31.60000000	-0.00000256	-0.00000000
31.65000000	-0.00000228	0.00000004
31.70000000	-0.00000148	0.00000009
31.75000000	-0.00000088	0.00000014
31.80000000	-0.00000012	0.00000020
31.85000000	0.00000043	0.00000017
31.90000000	0.00000132	0.00000022
31.95000000	0.00000183	0.00000019
32.00000000	0.00000229	0.00000018
32.05000000	0.00000260	0.00000014
32.10000000	0.00000259	0.00000004
32.15000000	0.00000278	0.00000013
32.20000000	0.00000244	-0.00000001
32.25000000	0.00000190	-0.00000005
32.30000000	0.00000135	-0.00000014
32.35000000	0.00000078	-0.00000015
32.40000000	-0.00000027	-0.00000021
32.45000000	-0.00000081	-0.00000020
32.50000000	-0.00000143	-0.00000019
32.55000000	-0.00000194	-0.00000016
32.60000000	-0.00000252	-0.00000017
32.65000000	-0.00000253	-0.00000018
32.70000000	-0.00000274	-0.00000009
32.75000000	-0.00000246	-0.00000003
32.80000000	-0.00000237	0.00000002
32.85000000	-0.00000184	0.00000011
32.90000000	-0.00000107	0.00000012
32.95000000	-0.00000068	0.00000018
33.00000000	0.00000016	0.00000017
33.05000000	0.00000116	0.00000022
33.10000000	0.00000152	0.00000024
33.15000000	0.00000244	0.00000018
33.20000000	0.00000280	0.00000014
33.25000000	0.00000275	0.00000014
33.30000000	0.00000262	0.00000005
33.35000000	0.00000252	0.00000001
33.40000000	0.00000210	-0.00000003
33.45000000	0.00000144	-0.00000008
33.50000000	0.00000092	-0.00000015
33.55000000	0.00000022	-0.00000014
33.60000000	-0.00000039	-0.00000020
33.65000000	-0.00000094	-0.00000020
33.70000000	-0.00000132	-0.00000028
33.75000000	-0.00000200	-0.00000017
33.80000000	-0.00000209	-0.00000010
33.85000000	-0.00000234	-0.00000005
33.90000000	-0.00000213	-0.00000008
33.95000000	-0.00000204	0.00000001
34.00000000	-0.00000166	-0.00000002
34.05000000	-0.00000128	0.00000012
34.10000000	-0.00000088	0.00000014
34.15000000	-0.00000046	0.00000019
34.20000000	0.00000022	0.00000024
34.25000000	0.00000066	0.00000016
34.30000000	0.00000131	0.00000007
34.35000000	0.00000165	0.00000013
34.40000000	0.00000194	0.00000023
34.45000000	0.00000208	0.00000015
34.50000000	0.00000215	0.00000012
34.55000000	0.00000215	-0.00000005
34.60000000	0.00000172	0.00000011
34.65000000	0.00000150	-0.00000010
34.70000000	0.00000110	-0.00000023
34.75000000	0.00000056	-0.00000022
34.80000000	0.00000006	-0.00000019
34.85000000	-0.00000038	-0.00000029
34.90000000	-0.00000101	-0.00000018
34.95000000	-0.00000151	-0.00000005
35.00000000	-0.00000194	-0.00000015
35.05000000	-0.00000221	-0.00000020
35.10000000	-0.00000218	-0.00000018
35.15000000	-0.00000226	0.00000006
35.20000000	-0.00000199	0.00000000
35.25000000	-0.00000171	0.00000016
35.30000000	-0.00000132	0.00000020
35.35000000	-0.00000070	0.00000016
35.40000000	-0.00000017	0.00000023
35.45000000	0.00000041	0.00000016
35.50000000	0.00000106	0.00000013
35.55000000	0.00000147	0.00000034
35.60000000	0.00000185	0.00000015
35.65000000	0.00000214	0.00000010
35.70000000	0.00000232	-0.00000004
35.75000000	0.00000210	0.00000003
35.80000000	0.00000186	0.00000003
35.85000000	0.00000153	-0.00000005
35.90000000	0.00000105	0.00000004
35.95000000	0.00000049	-0.00000024
36.00000000	0.00000009	-0.00000017
36.05000000	-0.00000060	-0.00000022
36.10000000	-0.00000106	-0.00000030
36.15000000	-0.00000147	-0.00000012
36.20000000	-0.00000182	-0.00000018
36.25000000	-0.00000206	-0.00000002
36.30000000	-0.00000213	0.00000006
36.35000000	-0.00000200	-0.00000001
36.40000000	-0.00000175	0.00000003
36.45000000	-0.00000131	0.00000001
36.50000000	-0.00000085	-0.00000003
36.55000000	-0.00000026	0.00000028
36.60000000	0.00000028	0.00000011
36.65000000	0.00000080	0.00000015
36.70000000	0.00000136	0.00000028
36.75000000	0.00000169	0.00000018
36.80000000	0.00000196	0.00000021
36.85000000	0.00000212	0.00000011
36.90000000	0.00000208	0.00000005
36.95000000	0.00000198	-0.00000003
37.00000000	0.00000174	0.00000000
37.05000000	0.00000142	-0.00000001
37.10000000	0.00000096	-0.00000005
37.15000000	0.00000037	-0.00000037
37.20000000	-0.00000004	-0.00000016
37.25000000	-0.00000058	-0.00000017
37.30000000	-0.00000096	-0.00000009
37.35000000	-0.00000140	-0.00000010
37.40000000	-0.00000165	-0.00000008
37.45000000	-0.00000188	-0.00000002
37.50000000	-0.00000175	0.00000015
37.55000000	-0.00000171	0.00000004
37.60000000	-0.00000157	0.00000008
37.65000000	-0.00000138	0.00000016
37.70000000	-0.00000105	0.00000014
37.75000000	-0.00000070	0.00000011
37.80000000	-0.00000030	0.00000008
37.85000000	0.00000018	0.00000022
37.90000000	0.00000061	0.00000017
37.95000000	0.00000093	0.00000006
38.00000000	0.00000141	0.00000011
38.05000000	0.00000174	0.00000014
38.10000000	0.00000185	0.00000015
38.15000000	0.00000190	-0.00000002
38.20000000	0.00000171	-0.00000002
38.25000000	0.00000153	-0.00000016
38.30000000	0.00000125	-0.00000005
38.35000000	0.00000085	-0.00000024
38.40000000	0.00000051	-0.00000016
38.45000000	-0.00000027	-0.00000024
38.50000000	-0.00000069	-0.00000018
38.55000000	-0.00000107	-0.00000008
38.60000000	-0.00000139	-0.00000008
38.65000000	-0.00000196	-0.00000015
38.70000000	-0.00000191	0.00000001
38.75000000	-0.00000205	-0.00000011
38.80000000	-0.00000196	0.00000001
38.85000000	-0.00000166	0.00000006
38.90000000	-0.00000146	0.00000011
38.95000000	-0.00000104	0.00000015
39.00000000	-0.00000049	0.00000014
39.05000000	0.00000006	0.00000019
39.10000000	0.00000055	0.00000022
39.15000000	0.00000121	0.00000026
39.20000000	0.00000125	0.00000006
39.25000000	0.00000177	0.00000003
39.30000000	0.00000190	0.00000001
39.35000000	0.00000180	-0.00000005
39.40000000	0.00000178	-0.00000004
39.45000000	0.00000134	-0.00000007
39.50000000	0.00000113	-0.00000011
39.55000000	0.00000066	-0.00000018
39.60000000	0.00000051	-0.00000012
39.65000000	0.00000018	-0.00000011
39.70000000	-0.00000025	-0.00000012
39.75000000	-0.00000053	-0.00000011
39.80000000	-0.00000116	-0.00000017
39.85000000	-0.00000119	-0.00000012
39.90000000	-0.00000151	-0.00000009
39.95000000	-0.00000168	-0.00000005
40.00000000	-0.00000175	0.00000001
40.05000000	-0.00000131	0.00000002
40.10000000	-0.00000111	0.00000014
40.15000000	-0.00000078	0.00000011
40.20000000	-0.00000013	0.00000013
40.25000000	0.00000014	0.00000019
40.30000000	0.00000047	0.00000011
40.35000000	0.00000105	0.00000006
40.40000000	0.00000119	0.00000007
40.45000000	0.00000162	0.00000009
40.50000000	0.00000162	0.00000002
40.55000000	0.00000177	0.00000003
40.60000000	0.00000156	-0.00000003
40.65000000	0.00000140	-0.00000007
40.70000000	0.00000122	-0.00000017
40.75000000	0.00000069	-0.00000013
40.80000000	0.00000040	-0.00000012
40.85000000	-0.00000008	-0.00000017
40.90000000	-0.00000016	-0.00000018
40.95000000	-0.00000076	-0.00000012
41.00000000	-0.00000122	-0.00000003
41.05000000	-0.00000116	-0.00000013
41.10000000	-0.00000154	-0.00000010
41.15000000	-0.00000172	-0.00000002
41.20000000	-0.00000172	0.00000011
41.25000000	-0.00000148	0.00000005
41.30000000	-0.00000124	0.00000006
41.35000000	-0.00000084	0.00000008
41.40000000	-0.00000063	0.00000015
41.45000000	-0.00000021	0.00000010
41.50000000	0.00000008	0.00000014
41.55000000	0.00000054	0.00000007
41.60000000	0.00000081	0.00000010
41.65000000	0.00000108	0.00000011
41.70000000	0.00000131	0.00000004
41.75000000	0.00000147	-0.00000007
41.80000000	0.00000157	-0.00000007
41.85000000	0.00000147	-0.00000015
41.90000000	0.00000127	-0.00000014
41.95000000	0.00000094	-0.00000006
42.00000000	0.00000066	-0.00000016
42.05000000	0.00000019	-0.00000003
42.10000000	-0.00000010	-0.00000014
42.15000000	-0.00000052	-0.00000009
42.20000000	-0.00000076	0.00000011
42.25000000	-0.00000080	-0.00000015
42.30000000	-0.00000105	-0.00000001
42.35000000	-0.00000117	0.00000000
42.40000000	-0.00000119	0.00000013
42.45000000	-0.00000117	0.00000011
42.50000000	-0.00000113	0.00000016
42.55000000	-0.00000089	-0.00000002
42.60000000	-0.00000074	0.00000017
42.65000000	-0.00000037	0.00000018
42.70000000	-0.00000009	0.00000015
42.75000000	0.00000035	0.00000003
42.80000000	0.00000067	-0.00000006
42.85000000	0.00000098	0.00000007
42.90000000	0.00000115	0.00000011
42.95000000	0.00000134	0.00000003
43.00000000	0.00000143	-0.00000007
43.05000000	0.00000145	0.00000000
43.10000000	0.00000138	-0.00000018
43.15000000	0.00000111	0.00000003
43.20000000	0.00000090	-0.00000013
43.25000000	0.00000064	-0.00000004
43.30000000	0.00000030	0.00000008
43.35000000	-0.00000003	0.00000011
43.40000000	-0.00000038	0.00000012
43.45000000	-0.00000066	-0.00000020
43.50000000	-0.00000094	-0.00000003
43.55000000	-0.00000119	-0.00000005
43.60000000	-0.00000136	-0.00000007
43.65000000	-0.00000139	0.00000007
43.70000000	-0.00000144	0.00000005
43.75000000	-0.00000127	-0.00000006
43.80000000	-0.00000105	0.00000025
43.85000000	-0.00000081	0.00000002
43.90000000	-0.00000032	0.00000023
43.95000000	0.00000011	0.00000028
44.00000000	0.00000050	0.00000020
44.05000000	0.00000091	0.00000004
44.10000000	0.00000118	0.00000006
44.15000000	0.00000136	-0.00000005
44.20000000	0.00000143	0.00000011
44.25000000	0.00000140	0.00000010
44.30000000	0.00000122	-0.00000005
44.35000000	0.00000100	-0.00000011
44.40000000	0.00000081	-0.00000012
44.45000000	0.00000052	-0.00000002
44.50000000	0.00000014	-0.00000003
44.55000000	-0.00000030	-0.00000030
44.60000000	-0.00000062	-0.00000015
44.65000000	-0.00000089	0.00000005
44.70000000	-0.00000121	-0.00000001
44.75000000	-0.00000141	-0.00000001
44.80000000	-0.00000137	-0.00000004
44.85000000	-0.00000134	0.00000008
44.90000000	-0.00000118	0.00000003
44.95000000	-0.00000101	0.00000011
45.00000000	-0.00000085	0.00000011
45.05000000	-0.00000070	-0.00000007
45.10000000	-0.00000037	-0.00000003
45.15000000	-0.00000006	-0.00000001
45.20000000	0.00000032	-0.00000001
45.25000000	0.00000074	0.00000024
45.30000000	0.00000102	0.00000003
45.35000000	0.00000127	-0.00000010
45.40000000	0.00000151	-0.00000000
45.45000000	0.00000155	0.00000003
45.50000000	0.00000147	-0.00000018
45.55000000	0.00000124	-0.00000015
45.60000000	0.00000098	-0.00000020
45.65000000	0.00000083	-0.00000007
45.70000000	0.00000033	-0.00000008
45.75000000	0.00000002	-0.00000005
45.80000000	-0.00000035	-0.00000005
45.85000000	-0.00000064	-0.00000010
45.90000000	-0.00000100	-0.00000008
45.95000000	-0.00000129	0.00000000
46.00000000	-0.00000131	0.00000011
46.05000000	-0.00000132	0.00000002
46.10000000	-0.00000136	0.00000002
46.15000000	-0.00000130	-0.00000007
46.20000000	-0.00000080	0.00000009
46.25000000	-0.00000047	0.00000006
46.30000000	-0.00000031	-0.00000002
46.35000000	0.00000031	0.00000007
46.40000000	0.00000060	0.00000004
46.45000000	0.00000094	0.00000004
46.50000000	0.00000116	-0.00000004
46.55000000	0.00000159	0.00000009
46.60000000	0.00000139	-0.00000005
46.65000000	0.00000162	-0.00000005
46.70000000	0.00000153	-0.00000002
46.75000000	0.00000126	0.00000002
46.80000000	0.00000072	-0.00000008
46.85000000	0.00000035	-0.00000006
46.90000000	-0.00000005	-0.00000008
46.95000000	-0.00000046	-0.00000006
47.00000000	-0.00000069	-0.00000005
47.05000000	-0.00000097	-0.00000006
47.10000000	-0.00000114	-0.00000001
47.15000000	-0.00000122	-0.00000002
47.20000000	-0.00000135	0.00000003
47.25000000	-0.00000122	-0.00000002
47.30000000	-0.00000100	0.00000005
47.35000000	-0.00000121	0.00000003
47.40000000	-0.00000055	0.00000006
47.45000000	-0.00000044	0.00000005
47.50000000	-0.00000015	0.00000004
47.55000000	0.00000025	0.00000004
47.60000000	0.00000074	-0.00000003
47.65000000	0.00000082	-0.00000000
47.70000000	0.00000082	0.00000007
47.75000000	0.00000117	-0.00000001
47.80000000	0.00000116	-0.00000002
47.85000000	0.00000107	-0.00000002
47.90000000	0.00000113	-0.00000007
47.95000000	0.00000077	0.00000003
48.00000000	0.00000070	-0.00000006
48.05000000	0.00000021	-0.00000006
48.10000000	0.00000018	-0.00000013
48.15000000	-0.00000024	0.00000000
48.20000000	-0.00000064	-0.00000007
48.25000000	-0.00000061	-0.00000008
48.30000000	-0.00000099	-0.00000002
48.35000000	-0.00000106	-0.00000004
48.40000000	-0.00000096	0.00000001
48.45000000	-0.00000101	-0.00000005
48.50000000	-0.00000123	0.00000013
48.55000000	-0.00000087	0.00000007
48.60000000	-0.00000080	0.00000010
48.65000000	-0.00000054	0.00000012
48.70000000	-0.00000005	0.00000001
48.75000000	0.00000026	-0.00000004
48.80000000	0.00000041	0.00000014
48.85000000	0.00000091	0.00000003
48.90000000	0.00000103	0.00000006
48.95000000	0.00000139	-0.00000010
49.00000000	0.00000144	-0.00000002
49.05000000	0.00000147	-0.00000002
49.10000000	0.00000142	-0.00000005
49.15000000	0.00000120	-0.00000010
49.20000000	0.00000093	-0.00000006
49.25000000	0.00000058	-0.00000007
49.30000000	0.00000006	0.00000008
49.35000000	-0.00000026	-0.00000012
49.40000000	-0.00000064	-0.00000002
49.45000000	-0.00000098	0.00000003
49.50000000	-0.00000114	-0.00000003
49.55000000	-0.00000126	0.00000014
49.60000000	-0.00000119	0.00000013
49.65000000	-0.00000083	-0.00000011
49.70000000	-0.00000094	0.00000022
49.75000000	-0.00000055	0.00000011
49.80000000	-0.00000035	-0.00000001
49.85000000	-0.00000022	0.00000019
49.90000000	0.00000014	-0.00000013
49.95000000	0.00000031	0.00000009
50.00000000	0.00000050	0.00000011
50.05000000	0.00000070	0.00000008
50.10000000	0.00000091	-0.00000006
50.15000000	0.00000096	-0.00000004
50.20000000	0.00000094	-0.00000017
50.25000000	0.00000076	0.00000021
50.30000000	0.00000063	-0.00000000
50.35000000	0.00000044	0.00000016
50.40000000	0.00000034	0.00000001
50.45000000	0.00000018	-0.00000004
50.50000000	-0.00000006	-0.00000007
50.55000000	-0.00000023	0.00000002
50.60000000	-0.00000034	0.00000007
50.65000000	-0.00000049	0.00000003
50.70000000	-0.00000064	-0.00000007
50.75000000	-0.00000072	-0.00000014
50.80000000	-0.00000080	-0.00000001
50.85000000	-0.00000077	-0.00000019
50.90000000	-0.00000069	0.00000023
50.95000000	-0.00000056	0.00000004
51.00000000	-0.00000043	0.00000019
51.05000000	-0.00000040	-0.00000003
51.10000000	-0.00000020	-0.00000009
51.15000000	-0.00000008	-0.00000004
51.20000000	0.00000010	0.00000003
51.25000000	0.00000027	0.00000006
51.30000000	0.00000054	0.00000014
51.35000000	0.00000069	-0.00000008
51.40000000	0.00000081	0.00000002
51.45000000	0.00000089	-0.00000010
51.50000000	0.00000086	-0.00000016
51.55000000	0.00000088	-0.00000012
51.60000000	0.00000067	-0.00000019
51.65000000	0.00000040	-0.00000002
51.70000000	0.00000023	-0.00000007
51.75000000	-0.00000005	-0.00000026
51.80000000	-0.00000019	0.00000006
51.85000000	-0.00000040	-0.00000005
51.90000000	-0.00000063	-0.00000002
51.95000000	-0.00000090	0.00000001
52.00000000	-0.00000096	0.00000008
52.05000000	-0.00000094	0.00000019
52.10000000	-0.00000105	-0.00000003
52.15000000	-0.00000076	0.00000004
52.20000000	-0.00000062	0.00000000
52.25000000	-0.00000051	-0.00000006
52.30000000	-0.00000003	-0.00000003
52.35000000	0.00000035	0.00000016
52.40000000	0.00000061	0.00000006
52.45000000	0.00000094	0.00000009
52.50000000	0.00000097	0.00000001
52.55000000	0.00000111	-0.00000008
52.60000000	0.00000122	0.00000011
52.65000000	0.00000130	0.00000005
52.70000000	0.00000115	0.00000000
52.75000000	0.00000107	0.00000000
52.80000000	0.00000093	0.00000005
52.85000000	0.00000044	-0.00000016
52.90000000	0.00000005	-0.00000002
52.95000000	-0.00000019	0.00000000
53.00000000	-0.00000061	-0.00000008
53.05000000	-0.00000069	-0.00000001
53.10000000	-0.00000099	-0.00000004
53.15000000	-0.00000092	0.00000000
53.20000000	-0.00000106	-0.00000003
53.25000000	-0.00000090	0.00000006
53.30000000	-0.00000086	0.00000002
53.35000000	-0.00000070	0.00000005
53.40000000	-0.00000049	0.00000006
53.45000000	-0.00000031	0.00000008
53.50000000	-0.00000007	0.00000008
53.55000000	0.00000002	0.00000003
53.60000000	0.00000019	0.00000009
53.65000000	0.00000076	0.00000005
53.70000000	0.00000071	0.00000008
53.75000000	0.00000061	0.00000006
53.80000000	0.00000079	0.00000004
53.85000000	0.00000068	-0.00000005
53.90000000	0.00000091	-0.00000010
53.95000000	0.00000055	0.00000001
54.00000000	0.00000048	-0.00000007
54.05000000	0.00000037	-0.00000005
54.10000000	0.00000020	0.00000002
54.15000000	0.00000007	-0.00000009
54.20000000	-0.00000024	-0.00000004
54.25000000	-0.00000036	-0.00000005
54.30000000	-0.00000074	0.00000001
54.35000000	-0.00000054	-0.00000008
54.40000000	-0.00000037	-0.00000005
54.45000000	-0.00000067	0.00000004
54.50000000	-0.00000056	0.00000004
54.55000000	-0.00000070	0.00000007
54.60000000	-0.00000054	0.00000012
54.65000000	-0.00000048	0.00000008
54.70000000	-0.00000035	0.00000007
54.75000000	-0.00000035	0.00000008
54.80000000	0.00000005	0.00000005
54.85000000	0.00000014	0.00000006
54.90000000	0.00000042	-0.00000000
54.95000000	0.00000059	-0.00000009
55.00000000	0.00000042	-0.00000004
55.05000000	0.00000042	-0.00000008
55.10000000	0.00000049	-0.00000012
55.15000000	0.00000019	0.00000009
55.20000000	0.00000028	-0.00000010
55.25000000	0.00000013	0.00000012
55.30000000	0.00000007	0.00000004
55.35000000	0.00000031	-0.00000019
55.40000000	-0.00000006	0.00000005
55.45000000	-0.00000004	-0.00000009
55.50000000	-0.00000029	-0.00000005
55.55000000	-0.00000027	-0.00000013
55.60000000	-0.00000039	-0.00000004
55.65000000	-0.00000041	-0.00000000
55.70000000	-0.00000046	0.00000014
55.75000000	-0.00000012	0.00000001
55.80000000	-0.00000013	0.00000004
55.85000000	-0.00000005	0.00000012
55.90000000	0.00000014	0.00000006
55.95000000	0.00000034	-0.00000002
56.00000000	0.00000031	0.00000013
56.05000000	0.00000040	0.00000020
56.10000000	0.00000068	0.00000002
56.15000000	0.00000066	0.00000004
56.20000000	0.00000074	-0.00000003
56.25000000	0.00000070	-0.00000009
56.30000000	0.00000049	0.00000004
56.35000000	0.00000044	-0.00000003
56.40000000	0.00000021	0.00000002
56.45000000	0.00000015	-0.00000011
56.50000000	-0.00000005	0.00000011
56.55000000	-0.00000009	-0.00000007
56.60000000	-0.00000022	0.00000007
56.65000000	-0.00000032	0.00000004
56.70000000	-0.00000043	0.00000001
56.75000000	-0.00000036	-0.00000007
56.80000000	-0.00000047	0.00000009
56.85000000	-0.00000037	-0.00000014
56.90000000	-0.00000034	-0.00000001
56.95000000	-0.00000021	-0.00000006
57.00000000	-0.00000011	0.00000003
57.05000000	-0.00000002	0.00000013
57.10000000	0.00000006	0.00000005
57.15000000	0.00000014	-0.00000014
57.20000000	0.00000016	0.00000005
57.25000000	0.00000013	0.00000014
57.30000000	0.00000007	-0.00000005
57.35000000	0.00000014	0.00000004
57.40000000	0.00000017	-0.00000004
57.45000000	0.00000012	-0.00000021
57.50000000	0.00000015	-0.00000018
57.55000000	0.00000014	0.00000001
57.60000000	0.00000012	0.00000012
57.65000000	0.00000007	0.00000000
57.70000000	-0.00000002	-0.00000007
57.75000000	-0.00000016	-0.00000003
57.80000000	-0.00000016	0.00000020
57.85000000	-0.00000033	-0.00000001
57.90000000	-0.00000031	0.00000001
57.95000000	-0.00000036	0.00000014
58.00000000	-0.00000038	0.00000006
58.05000000	-0.00000045	0.00000002
58.10000000	-0.00000047	-0.00000005
58.15000000	-0.00000048	-0.00000020
58.20000000	-0.00000038	-0.00000022
58.25000000	-0.00000013	0.00000000
58.30000000	0.00000001	0.00000005
58.35000000	0.00000015	0.00000013
58.40000000	0.00000024	-0.00000002
58.45000000	0.00000029	-0.00000003
58.50000000	0.00000038	-0.00000004
58.55000000	0.00000037	-0.00000005
58.60000000	0.00000035	-0.00000006
58.65000000	0.00000049	-0.00000000
58.70000000	0.00000060	0.00000007
58.75000000	0.00000039	-0.00000005
58.80000000	0.00000052	0.00000005
58.85000000	0.00000047	-0.00000006
58.90000000	0.00000047	0.00000006
58.95000000	0.00000029	0.00000003
59.00000000	0.00000008	-0.00000009
59.05000000	-0.00000001	-0.00000002
59.10000000	-0.00000006	0.00000006
59.15000000	-0.00000027	-0.00000004
59.20000000	-0.00000014	0.00000006
59.25000000	-0.00000034	-0.00000002
59.30000000	-0.00000024	0.00000004
59.35000000	-0.00000023	0.00000008
59.40000000	-0.00000039	-0.00000002
59.45000000	-0.00000011	0.00000018
59.50000000	-0.00000012	0.00000011
59.55000000	-0.00000004	0.00000004
59.60000000	0.00000008	0.00000002
59.65000000	0.00000020	0.00000000
59.70000000	0.00000024	0.00000001
59.75000000	0.00000027	-0.00000004
59.80000000	0.00000026	-0.00000006
59.85000000	0.00000025	-0.00000007
59.90000000	0.00000029	-0.00000004
59.95000000	0.00000038	0.00000000
60.00000000	0.00000025	-0.00000004
60.05000000	0.00000022	-0.00000003
60.10000000	-0.00000006	-0.00000004
60.15000000	0.00000009	0.00000006
60.20000000	-0.00000010	0.00000001
60.25000000	-0.00000004	-0.00000001
60.30000000	-0.00000018	0.00000005
60.35000000	-0.00000031	0.00000004
60.40000000	-0.00000041	0.00000002
60.45000000	-0.00000030	0.00000001
60.50000000	-0.00000028	-0.00000000
60.55000000	-0.00000031	-0.00000004
60.60000000	-0.00000021	0.00000001
60.65000000	-0.00000024	0.00000003
60.70000000	-0.00000009	0.00000004
60.75000000	0.00000011	-0.00000008
60.80000000	0.00000007	-0.00000007
60.85000000	0.00000014	-0.00000004
60.90000000	0.00000015	-0.00000007
60.95000000	0.00000035	0.00000000
61.00000000	0.00000032	-0.00000000
61.05000000	0.00000027	-0.00000000
61.10000000	0.00000024	-0.00000003
61.15000000	0.00000030	-0.00000009
61.20000000	0.00000014	-0.00000007
61.25000000	-0.00000006	0.00000004
61.30000000	-0.00000005	0.00000007
61.35000000	-0.00000007	-0.00000005
61.40000000	-0.00000019	0.00000007
61.45000000	-0.00000032	0.00000006
61.50000000	-0.00000020	-0.00000006
61.55000000	-0.00000039	0.00000000
61.60000000	-0.00000021	-0.00000008
61.65000000	-0.00000042	0.00000010
61.70000000	-0.00000022	0.00000000
61.75000000	-0.00000016	-0.00000004
61.80000000	-0.00000001	-0.00000001
61.85000000	0.00000012	-0.00000008
61.90000000	0.00000007	0.00000000
61.95000000	0.00000017	-0.00000002
62.00000000	0.00000027	-0.00000011
62.05000000	0.00000031	-0.00000007
62.10000000	0.00000039	-0.00000004
62.15000000	0.00000037	-0.00000003
62.20000000	0.00000028	0.00000011
62.25000000	0.00000043	-0.00000001
62.30000000	0.00000045	-0.00000005
62.35000000	0.00000027	0.00000016
62.40000000	0.00000031	0.00000008
62.45000000	0.00000023	-0.00000001
62.50000000	0.00000013	0.00000002
62.55000000	0.00000012	0.00000003
62.60000000	0.00000013	-0.00000008
62.65000000	-0.00000011	0.00000016
62.70000000	-0.00000014	0.00000008
62.75000000	-0.00000010	0.00000002
62.80000000	-0.00000012	-0.00000012
62.85000000	-0.00000020	0.00000014
62.90000000	-0.00000010	-0.00000007
62.95000000	-0.00000026	0.00000027
63.00000000	-0.00000025	0.00000012
63.05000000	-0.00000014	0.00000005
63.10000000	-0.00000017	0.00000008
63.15000000	-0.00000010	0.00000009
63.20000000	0.00000006	0.00000007
63.25000000	0.00000020	-0.00000010
63.30000000	0.00000018	-0.00000005
63.35000000	0.00000025	-0.00000003
63.40000000	0.00000027	-0.00000018
63.45000000	0.00000026	-0.00000015
63.50000000	0.00000019	-0.00000011
63.55000000	0.00000010	0.00000009
63.60000000	0.00000007	-0.00000019
63.65000000	0.00000004	0.00000024
63.70000000	-0.00000006	0.00000020
63.75000000	-0.00000010	-0.00000009
63.80000000	-0.00000021	-0.00000025
63.85000000	-0.00000019	0.00000001
63.90000000	-0.00000024	-0.00000017
63.95000000	-0.00000027	0.00000010
64.00000000	-0.00000029	-0.00000018
64.05000000	-0.00000024	-0.00000005
64.10000000	-0.00000021	-0.00000004
64.15000000	-0.00000017	0.00000011
64.20000000	-0.00000001	0.00000009
64.25000000	-0.00000001	0.00000007
64.30000000	0.00000008	0.00000003
64.35000000	0.00000007	-0.00000007
64.40000000	0.00000021	0.00000023
64.45000000	0.00000025	0.00000012
64.50000000	0.00000025	-0.00000003
64.55000000	0.00000021	-0.00000020
64.60000000	0.00000019	-0.00000014
64.65000000	0.00000018	-0.00000010
64.70000000	0.00000016	0.00000000
64.75000000	0.00000022	0.00000015
64.80000000	0.00000001	-0.00000006
64.85000000	-0.00000001	-0.00000009
64.90000000	0.00000003	0.00000001
64.95000000	-0.00000006	0.00000003
65.00000000	-0.00000005	0.00000003
65.05000000	-0.00000009	-0.00000000
65.10000000	-0.00000017	-0.00000004
65.15000000	-0.00000016	0.00000001
65.20000000	-0.00000018	-0.00000000
65.25000000	-0.00000022	0.00000004
65.30000000	-0.00000031	-0.00000010
65.35000000	-0.00000024	-0.00000010
65.40000000	-0.00000008	0.00000009
65.45000000	-0.00000008	0.00000005
65.50000000	0.00000003	0.00000015
65.55000000	-0.00000002	0.00000004
65.60000000	0.00000008	0.00000000
65.65000000	0.00000011	-0.00000003
65.70000000	0.00000032	-0.00000001
65.75000000	0.00000031	-0.00000002
65.80000000	0.00000041	-0.00000003
65.85000000	0.00000055	0.00000006
65.90000000	0.00000024	-0.00000007
65.95000000	0.00000032	-0.00000003
66.00000000	0.00000057	0.00000013
66.05000000	0.00000041	0.00000003
66.10000000	0.00000025	-0.00000007
66.15000000	0.00000026	-0.00000001
66.20000000	0.00000022	0.00000005
66.25000000	-0.00000001	0.00000001
66.30000000	-0.00000002	0.00000000
66.35000000	0.00000001	0.00000001
66.40000000	-0.00000002	0.00000002
66.45000000	-0.00000010	0.00000008
66.50000000	-0.00000012	0.00000006
66.55000000	-0.00000018	-0.00000000
66.60000000	-0.00000012	-0.00000001
66.65000000	-0.00000022	-0.00000004
66.70000000	-0.00000041	0.00000001
66.75000000	-0.00000018	-0.00000007
66.80000000	0.00000008	-0.00000000
66.85000000	-0.00000001	-0.00000005
66.90000000	-0.00000004	0.00000005
66.95000000	-0.00000003	-0.00000005
67.00000000	-0.00000006	0.00000003
67.05000000	-0.00000007	0.00000003
67.10000000	-0.00000005	-0.00000004
67.15000000	-0.00000009	0.00000004
67.20000000	-0.00000007	-0.00000006
67.25000000	-0.00000019	-0.00000003
67.30000000	-0.00000004	-0.00000004
67.35000000	-0.00000004	-0.00000001
67.40000000	-0.00000002	-0.00000005
67.45000000	-0.00000009	-0.00000003
67.50000000	0.00000004	-0.00000001
67.55000000	0.00000002	-0.00000004
67.60000000	0.00000013	-0.00000005
67.65000000	-0.00000021	0.00000005
67.70000000	0.00000002	-0.00000001
67.75000000	-0.00000023	0.00000003
67.80000000	-0.00000006	-0.00000012
67.85000000	-0.00000003	-0.00000009
67.90000000	-0.00000020	0.00000004
67.95000000	-0.00000019	0.00000013
68.00000000	-0.00000017	0.00000004
68.05000000	0.00000006	-0.00000004
68.10000000	-0.00000004	0.00000006
68.15000000	0.00000019	-0.00000006
68.20000000	0.00000010	0.00000004
68.25000000	0.00000013	0.00000004
68.30000000	0.00000028	-0.00000005
68.35000000	0.00000020	0.00000002
68.40000000	0.00000010	0.00000013
68.45000000	0.00000038	0.00000001
68.50000000	0.00000026	-0.00000007
68.55000000	0.00000015	0.00000004
68.60000000	0.00000023	-0.00000005
68.65000000	0.00000019	-0.00000003
68.70000000	0.00000022	-0.00000013
68.75000000	0.00000013	-0.00000001
68.80000000	-0.00000011	0.00000010
68.85000000	-0.00000011	0.00000004
68.90000000	-0.00000007	0.00000003
68.95000000	-0.00000005	0.00000010
69.00000000	-0.00000001	0.00000001
69.05000000	0.00000000	-0.00000008
69.10000000	-0.00000001	0.00000002
69.15000000	0.00000009	-0.00000004
69.20000000	0.00000014	-0.00000008
69.25000000	0.00000024	-0.00000006
69.30000000	0.00000019	-0.00000001
69.35000000	0.00000024	-0.00000001
69.40000000	0.00000010	0.00000016
69.45000000	0.00000015	0.00000003
69.50000000	0.00000025	-0.00000003
69.55000000	0.00000025	0.00000000
69.60000000	0.00000017	0.00000004
69.65000000	0.00000012	0.00000009
69.70000000	0.00000019	0.00000009
69.75000000	0.00000007	0.00000001
69.80000000	0.00000005	-0.00000001
69.85000000	-0.00000003	-0.00000006
69.90000000	-0.00000006	0.00000011
69.95000000	-0.00000016	0.00000004
70.00000000	-0.00000016	-0.00000009
70.05000000	-0.00000024	-0.00000002
70.10000000	-0.00000027	0.00000014
70.15000000	-0.00000025	-0.00000003
70.20000000	-0.00000021	-0.00000018
70.25000000	-0.00000020	-0.00000016
70.30000000	-0.00000018	-0.00000000
70.35000000	-0.00000012	0.00000007
70.40000000	-0.00000011	0.00000009
70.45000000	-0.00000010	-0.00000008
70.50000000	-0.00000003	-0.00000022
70.55000000	-0.00000003	0.00000019
70.60000000	-0.00000004	0.00000004
70.65000000	-0.00000003	0.00000002
70.70000000	-0.00000002	-0.00000012
70.75000000	0.00000004	-0.00000002
70.80000000	0.00000007	-0.00000011
70.85000000	0.00000012	0.00000006
70.90000000	0.00000008	-0.00000015
70.95000000	0.00000016	-0.00000002
71.00000000	0.00000011	-0.00000018
71.05000000	0.00000016	0.00000002
71.10000000	0.00000010	0.00000002
71.15000000	0.00000008	-0.00000009
71.20000000	0.00000011	0.00000013
71.25000000	-0.00000002	-0.00000002
71.30000000	0.00000009	0.00000010
71.35000000	-0.00000008	-0.00000001
71.40000000	0.00000000	0.00000007
71.45000000	-0.00000006	-0.00000007
71.50000000	-0.00000010	0.00000006
71.55000000	0.00000000	0.00000014
71.60000000	-0.00000013	-0.00000007
71.65000000	0.00000003	0.00000014
71.70000000	-0.00000009	-0.00000009
71.75000000	0.00000006	0.00000004
71.80000000	0.00000007	0.00000003
71.85000000	0.00000019	0.00000009
71.90000000	0.00000017	0.00000002
71.95000000	0.00000011	-0.00000005
72.00000000	0.00000023	0.00000012
72.05000000	0.00000029	0.00000008
72.10000000	0.00000019	-0.00000010
72.15000000	0.00000015	-0.00000011
72.20000000	0.00000020	0.00000001
72.25000000	0.00000034	0.00000012
72.30000000	0.00000011	-0.00000001
72.35000000	0.00000015	0.00000003
72.40000000	0.00000006	0.00000006
72.45000000	0.00000000	-0.00000003
72.50000000	0.00000020	0.00000020
72.55000000	-0.00000001	0.00000003
72.60000000	0.00000002	0.00000002
72.65000000	-0.00000009	-0.00000006
72.70000000	-0.00000016	-0.00000013
72.75000000	-0.00000027	-0.00000008
72.80000000	-0.00000013	-0.00000002
72.85000000	-0.00000000	0.00000008
72.90000000	-0.00000003	0.00000003
72.95000000	0.00000025	0.00000013
73.00000000	-0.00000001	-0.00000007
73.05000000	-0.00000004	0.00000001
73.10000000	-0.00000014	-0.00000005
73.15000000	0.00000009	0.00000001
73.20000000	0.00000005	-0.00000000
73.25000000	0.00000000	-0.00000002
73.30000000	0.00000003	-0.00000001
73.35000000	0.00000011	0.00000001
73.40000000	-0.00000000	0.00000000
73.45000000	0.00000007	0.00000003
73.50000000	0.00000005	-0.00000000
73.55000000	-0.00000016	-0.00000005
73.60000000	-0.00000015	-0.00000005
73.65000000	-0.00000008	0.00000001
73.70000000	-0.00000027	0.00000002
73.75000000	0.00000006	-0.00000002
73.80000000	-0.00000007	0.00000000
73.85000000	-0.00000008	-0.00000001
73.90000000	-0.00000005	-0.00000001
73.95000000	0.00000010	0.00000004
74.00000000	-0.00000014	-0.00000000
74.05000000	-0.00000022	0.00000004
74.10000000	0.00000009	-0.00000006
74.15000000	-0.00000015	0.00000000
74.20000000	-0.00000014	-0.00000002
74.25000000	-0.00000005	0.00000005
74.30000000	-0.00000002	0.00000003
74.35000000	0.00000006	0.00000006
74.40000000	0.00000023	-0.00000003
74.45000000	0.00000015	0.00000001
74.50000000	0.00000019	-0.00000002
74.55000000	0.00000010	0.00000003
74.60000000	0.00000028	-0.00000003
74.65000000	0.00000040	-0.00000005
74.70000000	0.00000019	0.00000004
74.75000000	0.00000016	0.00000002
74.80000000	0.00000028	0.00000003
74.85000000	0.00000019	0.00000000
74.90000000	0.00000003	0.00000003
74.95000000	0.00000013	0.00000001
75.00000000	0.00000014	-0.00000003
75.05000000	-0.00000003	0.00000002
75.10000000	-0.00000012	0.00000005
75.15000000	-0.00000004	-0.00000005
75.20000000	-0.00000029	0.00000012
75.25000000	-0.00000018	0.00000004
75.30000000	-0.00000012	0.00000001
75.35000000	-0.00000008	0.00000005
75.40000000	0.00000000	-0.00000001
75.45000000	-0.00000002	-0.00000001
75.50000000	0.00000001	0.00000002
75.55000000	0.00000017	-0.00000011
75.60000000	0.00000007	0.00000005
75.65000000	0.00000016	0.00000002
75.70000000	0.00000024	-0.00000009
75.75000000	0.00000013	0.00000015
75.80000000	0.00000010	0.00000013
75.85000000	0.00000009	0.00000009
75.90000000	0.00000020	-0.00000012
75.95000000	0.00000008	0.00000003
76.00000000	0.00000015	-0.00000020
76.05000000	0.00000005	-0.00000014
76.10000000	0.00000004	-0.00000007
76.15000000	-0.00000003	-0.00000010
76.20000000	-0.00000004	-0.00000010
76.25000000	-0.00000004	-0.00000006
76.30000000	-0.00000012	-0.00000005
76.35000000	-0.00000010	-0.00000021
76.40000000	-0.00000014	-0.00000008
76.45000000	0.00000001	-0.00000020
76.50000000	-0.00000015	0.00000011
76.55000000	-0.00000013	-0.00000008
76.60000000	-0.00000009	0.00000006
76.65000000	-0.00000006	0.00000001
76.70000000	-0.00000002	-0.00000008
76.75000000	0.00000001	-0.00000005
76.80000000	-0.00000001	0.00000018
76.85000000	0.00000009	0.00000004
76.90000000	0.00000003	-0.00000007
76.95000000	0.00000007	0.00000019
77.00000000	0.00000004	0.00000009
77.05000000	0.00000011	-0.00000009
77.10000000	0.00000009	0.00000021
77.15000000	0.00000004	0.00000002
77.20000000	0.00000009	0.00000013
77.25000000	-0.00000001	-0.00000009
77.30000000	0.00000003	-0.00000010
77.35000000	0.00000004	0.00000008
77.40000000	0.00000000	-0.00000009
77.45000000	0.00000001	-0.00000009
77.50000000	-0.00000000	-0.00000001
77.55000000	0.00000004	0.00000000
77.60000000	0.00000007	-0.00000002
77.65000000	0.00000012	0.00000000
77.70000000	0.00000013	-0.00000001
77.75000000	0.00000004	0.00000004
77.80000000	0.00000017	0.00000009
77.85000000	0.00000002	-0.00000012
77.90000000	-0.00000001	0.00000004
77.95000000	0.00000006	-0.00000001
78.00000000	0.00000004	-0.00000008
78.05000000	0.00000012	-0.00000002
78.10000000	0.00000002	-0.00000012
78.15000000	0.00000002	-0.00000005
78.20000000	0.00000007	0.00000000
78.25000000	0.00000006	-0.00000005
78.30000000	0.00000003	-0.00000002
78.35000000	0.00000003	-0.00000009
78.40000000	0.00000011	0.00000009
78.45000000	0.00000013	0.00000013
78.50000000	0.00000006	-0.00000005
78.55000000	0.00000001	-0.00000002
78.60000000	0.00000013	0.00000008
78.65000000	0.00000002	0.00000003
78.70000000	0.00000005	0.00000000
78.75000000	-0.00000007	-0.00000006
78.80000000	-0.00000001	-0.00000007
78.85000000	-0.00000000	-0.00000000
78.90000000	0.00000003	0.00000002
78.95000000	-0.00000002	0.00000006
79.00000000	-0.00000003	0.00000004
79.05000000	-0.00000005	0.00000001
79.10000000	-0.00000016	-0.00000003
79.15000000	-0.00000000	0.00000009
79.20000000	-0.00000005	0.00000003
79.25000000	-0.00000026	-0.00000005
79.30000000	0.00000004	0.00000009
79.35000000	0.00000004	0.00000004
79.40000000	-0.00000004	0.00000003
79.45000000	0.00000005	-0.00000001
79.50000000	-0.00000000	0.00000002
79.55000000	0.00000016	0.00000007
79.60000000	0.00000000	-0.00000003
79.65000000	0.00000000	0.00000004
79.70000000	0.00000004	-0.00000001
79.75000000	0.00000011	0.00000003
79.80000000	0.00000017	0.00000006
79.85000000	0.00000016	0.00000005
79.90000000	-0.00000001	0.00000007
79.95000000	-0.00000011	-0.00000009
80.00000000	0.00000002	0.00000004
