0.00000000	0.00000030	0.00000010
0.05000000	0.00000044	0.00000012
0.10000000	0.00000038	-0.00000000
0.15000000	0.00000041	0.00000009
0.20000000	0.00000047	0.00000007
0.25000000	0.00000034	-0.00000003
0.30000000	0.00000034	0.00000004
0.35000000	0.00000034	0.00000001
0.40000000	0.00000062	-0.00000014
0.45000000	0.00000057	-0.00000004
0.50000000	0.00000055	0.00000003
0.55000000	0.00000063	-0.00000005
0.60000000	0.00000067	-0.00000001
0.65000000	0.00000051	0.00000010
0.70000000	0.00000055	0.00000002
0.75000000	0.00000049	0.00000012
0.80000000	0.00000055	-0.00000003
0.85000000	0.00000056	0.00000005
0.90000000	0.00000068	-0.00000001
0.95000000	0.00000057	0.00000005
1.00000000	0.00000045	-0.00000006
1.05000000	0.00000046	0.00000011
1.10000000	0.00000060	0.00000005
1.15000000	0.00000051	0.00000003
1.20000000	0.00000053	-0.00000012
1.25000000	0.00000036	-0.00000004
1.30000000	0.00000030	0.00000009
1.35000000	0.00000022	-0.00000005
1.40000000	-0.00000009	-0.00000000
1.45000000	-0.00000026	0.00000003
1.50000000	-0.00000057	-0.00000008
1.55000000	-0.00000069	-0.00000000
1.60000000	-0.00000089	0.00000004
1.65000000	-0.00000097	0.00000008
1.70000000	-0.00000100	-0.00000000
1.75000000	-0.00000089	0.00000015
1.80000000	-0.00000081	0.00000013
1.85000000	-0.00000045	0.00000017
1.90000000	-0.00000014	0.00000013
1.95000000	0.00000038	-0.00000006
2.00000000	0.00000088	-0.00000001
2.05000000	0.00000139	-0.00000003
2.10000000	0.00000191	0.00000012
2.15000000	0.00000245	0.00000017
2.20000000	0.00000290	-0.00000014
2.25000000	0.00000319	-0.00000017
2.30000000	0.00000323	0.00000017
2.35000000	0.00000305	-0.00000007
2.40000000	0.00000288	-0.00000008
2.45000000	0.00000260	-0.00000003
2.50000000	0.00000207	0.00000002
2.55000000	0.00000148	0.00000006
2.60000000	0.00000107	0.00000008
2.65000000	0.00000065	0.00000008
2.70000000	0.00000012	-0.00000009
2.75000000	-0.00000013	0.00000010
2.80000000	-0.00000043	-0.00000007
2.85000000	-0.00000062	0.00000021
2.90000000	-0.00000085	-0.00000008
2.95000000	-0.00000104	0.00000012
3.00000000	-0.00000110	-0.00000006
3.05000000	-0.00000111	-0.00000009
3.10000000	-0.00000108	-0.00000006
3.15000000	-0.00000102	-0.00000008
3.20000000	-0.00000092	-0.00000012
3.25000000	-0.00000092	0.00000002
3.30000000	-0.00000078	0.00000002
3.35000000	-0.00000058	-0.00000000
3.40000000	-0.00000062	-0.00000004
3.45000000	-0.00000047	0.00000027
3.50000000	-0.00000025	0.00000001
3.55000000	-0.00000005	0.00000013
3.60000000	0.00000019	0.00000010
3.65000000	0.00000041	0.00000022
3.70000000	0.00000058	0.00000021
3.75000000	0.00000066	0.00000011
3.80000000	0.00000072	0.00000018
3.85000000	0.00000058	0.00000011
3.90000000	0.00000040	0.00000005
3.95000000	0.00000018	0.00000001
4.00000000	0.00000013	0.00000019
4.05000000	-0.00000008	0.00000012
4.10000000	0.00000012	0.00000010
4.15000000	0.00000017	0.00000004
4.20000000	0.00000047	-0.00000007
4.25000000	0.00000076	0.00000001
4.30000000	0.00000113	0.00000001
4.35000000	0.00000144	-0.00000002
4.40000000	0.00000169	-0.00000003
4.45000000	0.00000194	0.00000002
4.50000000	0.00000203	0.00000004
4.55000000	0.00000210	-0.00000000
4.60000000	0.00000218	0.00000008
4.65000000	0.00000197	-0.00000011
4.70000000	0.00000174	-0.00000012
4.75000000	0.00000171	-0.00000003
4.80000000	0.00000140	-0.00000009
4.85000000	0.00000093	-0.00000003
4.90000000	0.00000071	-0.00000003
4.95000000	0.00000047	-0.00000009
5.00000000	0.00000020	-0.00000011
5.05000000	0.00000038	0.00000005
5.10000000	0.00000041	0.00000005
5.15000000	0.00000067	0.00000001
5.20000000	0.00000068	0.00000000
5.25000000	0.00000077	0.00000001
5.30000000	0.00000072	0.00000002
5.35000000	0.00000052	-0.00000006
5.40000000	0.00000046	0.00000005
5.45000000	-0.00000003	-0.00000000
5.50000000	-0.00000049	-0.00000009
5.55000000	-0.00000058	0.00000009
5.60000000	-0.00000104	-0.00000001
5.65000000	-0.00000114	-0.00000001
5.70000000	-0.00000139	-0.00000006
5.75000000	-0.00000137	0.00000008
5.80000000	-0.00000144	-0.00000000
5.85000000	-0.00000129	0.00000010
5.90000000	-0.00000121	0.00000017
5.95000000	-0.00000112	0.00000005
6.00000000	-0.00000082	0.00000006
6.05000000	-0.00000051	0.00000008
6.10000000	-0.00000029	0.00000008
6.15000000	0.00000018	0.00000007
6.20000000	0.00000053	-0.00000006
6.25000000	0.00000055	0.00000005
6.30000000	0.00000044	0.00000018
6.35000000	0.00000059	0.00000010
6.40000000	0.00000048	-0.00000000
6.45000000	0.00000029	0.00000001
6.50000000	0.00000034	0.00000001
6.55000000	0.00000047	0.00000005
6.60000000	0.00000082	0.00000009
6.65000000	0.00000076	0.00000002
6.70000000	0.00000133	0.00000006
6.75000000	0.00000180	-0.00000002
6.80000000	0.00000219	0.00000000
6.85000000	0.00000230	-0.00000001
6.90000000	0.00000239	0.00000000
6.95000000	0.00000234	-0.00000002
7.00000000	0.00000211	0.00000007
7.05000000	0.00000220	-0.00000000
7.10000000	0.00000179	-0.00000004
7.15000000	0.00000161	-0.00000006
7.20000000	0.00000150	-0.00000009
7.25000000	0.00000112	-0.00000003
7.30000000	0.00000086	-0.00000006
7.35000000	0.00000070	0.00000001
7.40000000	0.00000047	-0.00000006
7.45000000	0.00000017	-0.00000008
7.50000000	0.00000012	-0.00000007
7.55000000	-0.00000006	0.00000004
7.60000000	0.00000007	0.00000013
7.65000000	0.00000013	0.00000005
7.70000000	0.00000000	0.00000001
7.75000000	-0.00000016	0.00000003
7.80000000	-0.00000019	0.00000020
7.85000000	-0.00000060	-0.00000004
7.90000000	-0.00000086	0.00000001
7.95000000	-0.00000117	0.00000004
8.00000000	-0.00000145	0.00000007
8.05000000	-0.00000133	0.00000009
8.10000000	-0.00000120	0.00000009
8.15000000	-0.00000107	0.00000011
8.20000000	-0.00000084	0.00000023
8.25000000	-0.00000041	0.00000021
8.30000000	-0.00000001	0.00000012
8.35000000	0.00000020	0.00000022
8.40000000	0.00000042	0.00000005
8.45000000	0.00000051	-0.00000003
8.50000000	0.00000059	0.00000008
8.55000000	0.00000058	0.00000022
8.60000000	0.00000046	0.00000011
8.65000000	0.00000053	0.00000011
8.70000000	0.00000066	0.00000006
8.75000000	0.00000065	-0.00000003
8.80000000	0.00000055	0.00000003
8.85000000	0.00000050	0.00000010
8.90000000	0.00000042	0.00000007
8.95000000	0.00000052	0.00000005
9.00000000	0.00000063	0.00000007
9.05000000	0.00000079	-0.00000004
9.10000000	0.00000114	-0.00000007
9.15000000	0.00000134	0.00000005
9.20000000	0.00000157	0.00000003
9.25000000	0.00000185	-0.00000017
9.30000000	0.00000181	-0.00000005
9.35000000	0.00000175	0.00000000
9.40000000	0.00000165	-0.00000011
9.45000000	0.00000145	-0.00000006
9.50000000	0.00000119	-0.00000002
9.55000000	0.00000114	-0.00000021
9.60000000	0.00000096	-0.00000003
9.65000000	0.00000081	-0.00000002
9.70000000	0.00000080	0.00000005
9.75000000	0.00000080	0.00000009
9.80000000	0.00000086	-0.00000008
9.85000000	0.00000078	-0.00000008
9.90000000	0.00000069	0.00000000
9.95000000	0.00000053	0.00000010
10.00000000	0.00000046	0.00000004
10.05000000	0.00000040	0.00000007
10.10000000	0.00000020	0.00000002
10.15000000	0.00000024	0.00000013
10.20000000	-0.00000002	-0.00000001
10.25000000	-0.00000018	0.00000011
10.30000000	-0.00000039	0.00000001
10.35000000	-0.00000074	0.00000017
10.40000000	-0.00000102	0.00000014
10.45000000	-0.00000123	0.00000013
10.50000000	-0.00000141	0.00000030
10.55000000	-0.00000134	0.00000021
10.60000000	-0.00000122	0.00000022
10.65000000	-0.00000090	0.00000021
10.70000000	-0.00000053	0.00000019
10.75000000	-0.00000017	0.00000004
10.80000000	0.00000033	0.00000025
10.85000000	0.00000056	0.00000015
10.90000000	0.00000089	0.00000021
10.95000000	0.00000081	0.00000001
11.00000000	0.00000087	-0.00000007
11.05000000	0.00000077	-0.00000002
11.10000000	0.00000076	-0.00000007
11.15000000	0.00000060	0.00000003
11.20000000	0.00000054	0.00000001
11.25000000	0.00000044	0.00000006
11.30000000	0.00000048	-0.00000007
11.35000000	0.00000059	0.00000015
11.40000000	0.00000045	0.00000012
11.45000000	0.00000047	-0.00000008
11.50000000	0.00000045	0.00000001
11.55000000	0.00000051	-0.00000012
11.60000000	0.00000066	0.00000001
11.65000000	0.00000100	0.00000001
11.70000000	0.00000127	-0.00000016
11.75000000	0.00000155	0.00000009
11.80000000	0.00000182	-0.00000001
11.85000000	0.00000188	0.00000000
11.90000000	0.00000179	-0.00000013
11.95000000	0.00000174	-0.00000004
12.00000000	0.00000154	0.00000000
12.05000000	0.00000120	-0.00000003
12.10000000	0.00000119	-0.00000005
12.15000000	0.00000108	-0.00000003
12.20000000	0.00000092	-0.00000008
12.25000000	0.00000098	0.00000011
12.30000000	0.00000093	0.00000008
12.35000000	0.00000074	0.00000013
12.40000000	0.00000050	0.00000006
12.45000000	0.00000032	0.00000005
12.50000000	-0.00000002	0.00000010
12.55000000	-0.00000028	-0.00000006
12.60000000	-0.00000040	0.00000014
12.65000000	-0.00000080	0.00000002
12.70000000	-0.00000088	0.00000012
12.75000000	-0.00000102	0.00000005
12.80000000	-0.00000096	0.00000004
12.85000000	-0.00000115	0.00000015
12.90000000	-0.00000131	0.00000001
12.95000000	-0.00000135	0.00000003
13.00000000	-0.00000135	0.00000014
13.05000000	-0.00000134	0.00000019
13.10000000	-0.00000102	0.00000014
13.15000000	-0.00000097	0.00000009
13.20000000	-0.00000066	0.00000004
13.25000000	-0.00000012	-0.00000006
13.30000000	0.00000036	0.00000006
13.35000000	0.00000080	0.00000010
13.40000000	0.00000110	0.00000001
13.45000000	0.00000115	-0.00000003
13.50000000	0.00000119	0.00000004
13.55000000	0.00000131	0.00000003
13.60000000	0.00000126	-0.00000002
13.65000000	0.00000150	0.00000004
13.70000000	0.00000158	0.00000003
13.75000000	0.00000157	-0.00000000
13.80000000	0.00000177	-0.00000003
13.85000000	0.00000191	0.00000002
13.90000000	0.00000174	0.00000003
13.95000000	0.00000177	0.00000001
14.00000000	0.00000140	-0.00000004
14.05000000	0.00000129	-0.00000002
14.10000000	0.00000096	-0.00000010
14.15000000	0.00000088	-0.00000002
14.20000000	0.00000107	0.00000002
14.25000000	0.00000086	-0.00000002
14.30000000	0.00000082	-0.00000004
14.35000000	0.00000065	-0.00000000
14.40000000	0.00000056	-0.00000008
14.45000000	0.00000045	-0.00000008
14.50000000	0.00000028	-0.00000002
14.55000000	0.00000029	0.00000006
14.60000000	0.00000021	0.00000002
14.65000000	0.00000024	0.00000001
14.70000000	0.00000043	0.00000001
14.75000000	0.00000060	0.00000006
14.80000000	0.00000065	0.00000012
14.85000000	0.00000051	0.00000012
14.90000000	0.00000037	0.00000003
14.95000000	0.00000000	0.00000008
15.00000000	-0.00000027	0.00000006
15.05000000	-0.00000064	0.00000004
15.10000000	-0.00000087	0.00000005
15.15000000	-0.00000112	0.00000005
15.20000000	-0.00000120	0.00000009
15.25000000	-0.00000116	0.00000018
15.30000000	-0.00000099	0.00000011
15.35000000	-0.00000098	0.00000014
15.40000000	-0.00000087	0.00000011
15.45000000	-0.00000071	0.00000015
15.50000000	-0.00000045	0.00000004
15.55000000	-0.00000040	0.00000015
15.60000000	-0.00000002	0.00000014
15.65000000	0.00000031	0.00000009
15.70000000	0.00000072	0.00000005
15.75000000	0.00000112	-0.00000001
15.80000000	0.00000128	0.00000003
15.85000000	0.00000128	0.00000008
15.90000000	0.00000134	0.00000007
15.95000000	0.00000134	-0.00000002
16.00000000	0.00000108	0.00000010
16.05000000	0.00000132	-0.00000009
16.10000000	0.00000117	-0.00000004
16.15000000	0.00000117	0.00000006
16.20000000	0.00000142	-0.00000010
16.25000000	0.00000132	-0.00000003
16.30000000	0.00000153	-0.00000007
16.35000000	0.00000136	-0.00000004
16.40000000	0.00000151	-0.00000014
16.45000000	0.00000154	0.00000010
16.50000000	0.00000142	-0.00000011
16.55000000	0.00000137	-0.00000011
16.60000000	0.00000112	-0.00000015
16.65000000	0.00000080	-0.00000002
16.70000000	0.00000075	-0.00000010
16.75000000	0.00000054	0.00000002
16.80000000	0.00000044	0.00000004
16.85000000	0.00000057	-0.00000013
16.90000000	0.00000033	-0.00000004
16.95000000	0.00000013	-0.00000004
17.00000000	0.00000008	-0.00000010
17.05000000	-0.00000023	0.00000006
17.10000000	-0.00000031	-0.00000004
17.15000000	-0.00000026	-0.00000005
17.20000000	-0.00000034	0.00000017
17.25000000	-0.00000021	0.00000013
17.30000000	-0.00000021	0.00000024
17.35000000	-0.00000015	0.00000029
17.40000000	-0.00000014	0.00000003
17.45000000	-0.00000030	0.00000011
17.50000000	-0.00000037	0.00000002
17.55000000	-0.00000049	-0.00000001
17.60000000	-0.00000064	-0.00000001
17.65000000	-0.00000066	0.00000002
17.70000000	-0.00000069	0.00000020
17.75000000	-0.00000046	0.00000001
17.80000000	-0.00000035	0.00000002
17.85000000	-0.00000018	0.00000018
17.90000000	0.00000006	0.00000018
17.95000000	0.00000023	0.00000008
18.00000000	0.00000046	0.00000002
18.05000000	0.00000053	0.00000013
18.10000000	0.00000067	0.00000004
18.15000000	0.00000069	0.00000008
18.20000000	0.00000088	0.00000004
18.25000000	0.00000082	-0.00000004
18.30000000	0.00000093	-0.00000012
18.35000000	0.00000087	-0.00000008
18.40000000	0.00000096	-0.00000007
18.45000000	0.00000091	-0.00000012
18.50000000	0.00000079	-0.00000014
18.55000000	0.00000072	-0.00000002
18.60000000	0.00000072	-0.00000010
18.65000000	0.00000069	0.00000000
18.70000000	0.00000085	0.00000001
18.75000000	0.00000098	-0.00000010
18.80000000	0.00000116	-0.00000009
18.85000000	0.00000119	-0.00000010
18.90000000	0.00000143	-0.00000001
18.95000000	0.00000142	0.00000006
19.00000000	0.00000132	-0.00000026
19.05000000	0.00000111	0.00000000
19.10000000	0.00000093	-0.00000005
19.15000000	0.00000073	-0.00000005
19.20000000	0.00000045	-0.00000002
19.25000000	0.00000030	0.00000000
19.30000000	0.00000014	0.00000006
19.35000000	0.00000024	0.00000003
19.40000000	0.00000027	0.00000017
19.45000000	0.00000031	-0.00000007
19.50000000	0.00000035	0.00000020
19.55000000	0.00000030	0.00000004
19.60000000	0.00000026	-0.00000003
19.65000000	0.00000022	-0.00000001
19.70000000	0.00000009	0.00000022
19.75000000	-0.00000010	-0.00000006
19.80000000	-0.00000014	0.00000014
19.85000000	-0.00000017	0.00000012
19.90000000	-0.00000031	0.00000001
19.95000000	-0.00000039	-0.00000000
20.00000000	-0.00000053	0.00000002
20.05000000	-0.00000064	0.00000010
20.10000000	-0.00000084	0.00000013
20.15000000	-0.00000083	0.00000006
20.20000000	-0.00000086	-0.00000004
20.25000000	-0.00000062	-0.00000012
20.30000000	-0.00000015	0.00000010
20.35000000	0.00000010	-0.00000003
20.40000000	0.00000054	-0.00000002
20.45000000	0.00000075	0.00000009
20.50000000	0.00000086	-0.00000003
20.55000000	0.00000091	0.00000005
20.60000000	0.00000080	0.00000000
20.65000000	0.00000080	0.00000006
20.70000000	0.00000080	-0.00000003
20.75000000	0.00000061	-0.00000001
20.80000000	0.00000067	-0.00000011
20.85000000	0.00000079	-0.00000008
20.90000000	0.00000081	-0.00000006
20.95000000	0.00000096	-0.00000017
21.00000000	0.00000108	0.00000001
21.05000000	0.00000102	-0.00000015
21.10000000	0.00000104	0.00000004
21.15000000	0.00000115	-0.00000000
21.20000000	0.00000130	0.00000001
21.25000000	0.00000139	-0.00000013
21.30000000	0.00000146	-0.00000009
21.35000000	0.00000152	-0.00000001
21.40000000	0.00000138	0.00000005
21.45000000	0.00000127	-0.00000001
21.50000000	0.00000102	-0.00000003
21.55000000	0.00000083	-0.00000007
21.60000000	0.00000069	-0.00000001
21.65000000	0.00000038	0.00000005
21.70000000	0.00000036	0.00000009
21.75000000	0.00000013	0.00000001
21.80000000	0.00000010	0.00000008
21.85000000	0.00000003	0.00000016
21.90000000	-0.00000014	0.00000005
21.95000000	0.00000016	0.00000020
22.00000000	0.00000010	0.00000003
22.05000000	-0.00000001	0.00000004
22.10000000	0.00000024	0.00000008
22.15000000	0.00000015	0.00000002
22.20000000	-0.00000003	0.00000002
22.25000000	-0.00000018	0.00000011
22.30000000	-0.00000028	0.00000011
22.35000000	-0.00000047	0.00000009
22.40000000	-0.00000066	-0.00000005
22.45000000	-0.00000074	0.00000007
22.50000000	-0.00000090	0.00000007
22.55000000	-0.00000075	0.00000007
22.60000000	-0.00000078	0.00000007
22.65000000	-0.00000056	0.00000008
22.70000000	-0.00000046	0.00000007
22.75000000	-0.00000002	0.00000009
22.80000000	0.00000024	0.00000003
22.85000000	0.00000024	0.00000005
22.90000000	0.00000051	0.00000006
22.95000000	0.00000092	-0.00000007
23.00000000	0.00000098	-0.00000003
23.05000000	0.00000105	0.00000004
23.10000000	0.00000120	-0.00000002
23.15000000	0.00000115	-0.00000003
23.20000000	0.00000121	-0.00000006
23.25000000	0.00000120	-0.00000008
23.30000000	0.00000123	-0.00000002
23.35000000	0.00000145	-0.00000012
23.40000000	0.00000094	0.00000001
23.45000000	0.00000089	-0.00000000
23.50000000	0.00000113	-0.00000011
23.55000000	0.00000117	-0.00000002
23.60000000	0.00000106	0.00000001
23.65000000	0.00000110	0.00000002
23.70000000	0.00000116	-0.00000002
23.75000000	0.00000112	0.00000003
23.80000000	0.00000094	0.00000005
23.85000000	0.00000103	0.00000001
23.90000000	0.00000095	0.00000006
23.95000000	0.00000097	-0.00000004
24.00000000	0.00000073	-0.00000001
24.05000000	0.00000070	-0.00000004
24.10000000	0.00000048	0.00000013
24.15000000	0.00000061	0.00000003
24.20000000	0.00000044	0.00000007
24.25000000	0.00000033	0.00000003
24.30000000	0.00000017	0.00000002
24.35000000	0.00000001	0.00000010
24.40000000	-0.00000011	0.00000003
24.45000000	-0.00000048	0.00000015
24.50000000	-0.00000048	0.00000000
24.55000000	-0.00000069	-0.00000004
24.60000000	-0.00000061	-0.00000004
24.65000000	-0.00000085	0.00000006
24.70000000	-0.00000093	0.00000005
24.75000000	-0.00000101	0.00000009
24.80000000	-0.00000112	0.00000007
24.85000000	-0.00000118	0.00000016
24.90000000	-0.00000093	0.00000005
24.95000000	-0.00000056	-0.00000007
25.00000000	-0.00000042	0.00000004
25.05000000	-0.00000009	0.00000007
25.10000000	0.00000036	-0.00000002
25.15000000	0.00000058	0.00000010
25.20000000	0.00000076	0.00000012
25.25000000	0.00000106	0.00000004
25.30000000	0.00000107	-0.00000002
25.35000000	0.00000110	0.00000004
25.40000000	0.00000112	-0.00000003
25.45000000	0.00000136	-0.00000015
25.50000000	0.00000121	0.00000014
25.55000000	0.00000131	-0.00000001
25.60000000	0.00000131	-0.00000001
25.65000000	0.00000124	-0.00000004
25.70000000	0.00000120	0.00000003
25.75000000	0.00000121	0.00000000
25.80000000	0.00000111	-0.00000007
25.85000000	0.00000110	-0.00000004
25.90000000	0.00000105	0.00000001
25.95000000	0.00000116	0.00000006
26.00000000	0.00000114	0.00000012
26.05000000	0.00000132	-0.00000010
26.10000000	0.00000128	0.00000007
26.15000000	0.00000124	-0.00000004
26.20000000	0.00000105	-0.00000001
26.25000000	0.00000087	0.00000008
26.30000000	0.00000063	0.00000004
26.35000000	0.00000053	-0.00000012
26.40000000	0.00000031	-0.00000006
26.45000000	0.00000022	0.00000002
26.50000000	0.00000020	-0.00000002
26.55000000	0.00000019	0.00000005
26.60000000	0.00000006	-0.00000005
26.65000000	-0.00000006	0.00000008
26.70000000	-0.00000012	0.00000022
26.75000000	-0.00000022	0.00000023
26.80000000	-0.00000026	0.00000006
26.85000000	-0.00000028	0.00000006
26.90000000	-0.00000017	0.00000019
26.95000000	-0.00000025	-0.00000007
27.00000000	-0.00000013	0.00000006
27.05000000	-0.00000015	-0.00000007
27.10000000	-0.00000017	0.00000007
27.15000000	-0.00000025	0.00000020
27.20000000	-0.00000029	0.00000003
27.25000000	-0.00000033	0.00000000
27.30000000	-0.00000034	0.00000022
27.35000000	-0.00000040	0.00000005
27.40000000	-0.00000040	-0.00000003
27.45000000	-0.00000027	0.00000014
27.50000000	-0.00000015	0.00000006
27.55000000	0.00000001	0.00000020
27.60000000	0.00000016	0.00000010
27.65000000	0.00000025	0.00000005
27.70000000	0.00000050	-0.00000008
27.75000000	0.00000069	0.00000004
27.80000000	0.00000095	0.00000006
27.85000000	0.00000101	0.00000000
27.90000000	0.00000113	-0.00000012
27.95000000	0.00000127	-0.00000008
28.00000000	0.00000124	-0.00000003
28.05000000	0.00000151	-0.00000003
28.10000000	0.00000152	-0.00000003
28.15000000	0.00000167	0.00000008
28.20000000	0.00000147	-0.00000002
28.25000000	0.00000137	-0.00000002
28.30000000	0.00000125	-0.00000001
28.35000000	0.00000115	0.00000001
28.40000000	0.00000109	0.00000001
28.45000000	0.00000108	0.00000000
28.50000000	0.00000103	-0.00000009
28.55000000	0.00000105	0.00000001
28.60000000	0.00000095	-0.00000006
28.65000000	0.00000084	-0.00000006
28.70000000	0.00000058	-0.00000009
28.75000000	0.00000053	-0.00000006
28.80000000	0.00000039	-0.00000004
28.85000000	0.00000040	0.00000011
28.90000000	0.00000023	0.00000004
28.95000000	0.00000026	0.00000014
29.00000000	0.00000004	0.00000002
29.05000000	-0.00000012	-0.00000002
29.10000000	-0.00000034	-0.00000002
29.15000000	-0.00000026	0.00000011
29.20000000	-0.00000046	0.00000005
29.25000000	-0.00000047	0.00000004
29.30000000	-0.00000033	0.00000010
29.35000000	-0.00000043	0.00000009
29.40000000	-0.00000051	0.00000013
29.45000000	-0.00000038	0.00000008
29.50000000	-0.00000049	0.00000008
29.55000000	-0.00000034	0.00000015
29.60000000	-0.00000046	0.00000004
29.65000000	-0.00000033	0.00000002
29.70000000	-0.00000041	0.00000002
29.75000000	-0.00000016	0.00000007
29.80000000	0.00000000	0.00000004
29.85000000	-0.00000006	0.00000007
29.90000000	0.00000007	0.00000004
29.95000000	0.00000024	-0.00000000
30.00000000	0.00000031	-0.00000003
30.05000000	0.00000036	0.00000000
30.10000000	0.00000062	0.00000000
30.15000000	0.00000065	0.00000001
30.20000000	0.00000072	-0.00000002
30.25000000	0.00000095	-0.00000003
30.30000000	0.00000114	-0.00000006
30.35000000	0.00000141	-0.00000003
30.40000000	0.00000133	-0.00000005
30.45000000	0.00000152	-0.00000003
30.50000000	0.00000143	-0.00000002
30.55000000	0.00000135	-0.00000006
30.60000000	0.00000124	-0.00000005
30.65000000	0.00000123	-0.00000012
30.70000000	0.00000122	-0.00000003
30.75000000	0.00000098	0.00000000
30.80000000	0.00000096	0.00000010
30.85000000	0.00000088	-0.00000003
30.90000000	0.00000079	0.00000003
30.95000000	0.00000059	0.00000002
31.00000000	0.00000057	0.00000005
31.05000000	0.00000044	0.00000002
31.10000000	0.00000053	0.00000005
31.15000000	0.00000071	0.00000005
31.20000000	0.00000039	0.00000010
31.25000000	0.00000037	0.00000007
31.30000000	0.00000027	0.00000013
31.35000000	0.00000028	0.00000006
31.40000000	0.00000020	0.00000009
31.45000000	-0.00000006	0.00000006
31.50000000	-0.00000006	0.00000016
31.55000000	-0.00000022	0.00000012
31.60000000	-0.00000025	0.00000013
31.65000000	-0.00000019	0.00000010
31.70000000	-0.00000023	0.00000009
31.75000000	-0.00000028	0.00000007
31.80000000	-0.00000031	0.00000006
31.85000000	-0.00000044	0.00000013
31.90000000	-0.00000045	0.00000011
31.95000000	-0.00000027	0.00000001
32.00000000	-0.00000025	0.00000005
32.05000000	-0.00000022	0.00000009
32.10000000	-0.00000004	-0.00000002
32.15000000	0.00000004	-0.00000003
32.20000000	-0.00000001	0.00000003
32.25000000	0.00000009	0.00000001
32.30000000	0.00000011	0.00000007
32.35000000	0.00000027	0.00000012
32.40000000	0.00000050	-0.00000003
32.45000000	0.00000050	-0.00000007
32.50000000	0.00000056	0.00000001
32.55000000	0.00000068	0.00000006
32.60000000	0.00000071	0.00000010
32.65000000	0.00000074	-0.00000000
32.70000000	0.00000084	-0.00000009
32.75000000	0.00000088	0.00000008
32.80000000	0.00000103	-0.00000009
32.85000000	0.00000118	-0.00000003
32.90000000	0.00000131	-0.00000001
32.95000000	0.00000134	0.00000001
33.00000000	0.00000141	-0.00000003
33.05000000	0.00000145	-0.00000008
33.10000000	0.00000135	-0.00000003
33.15000000	0.00000124	-0.00000002
33.20000000	0.00000113	-0.00000007
33.25000000	0.00000107	-0.00000005
33.30000000	0.00000082	0.00000007
33.35000000	0.00000082	0.00000002
33.40000000	0.00000072	0.00000005
33.45000000	0.00000072	0.00000003
33.50000000	0.00000064	-0.00000004
33.55000000	0.00000052	0.00000015
33.60000000	0.00000035	0.00000001
33.65000000	0.00000022	0.00000014
33.70000000	0.00000026	0.00000001
33.75000000	0.00000015	0.00000004
33.80000000	0.00000011	0.00000010
33.85000000	0.00000016	0.00000022
33.90000000	0.00000023	-0.00000001
33.95000000	0.00000017	0.00000004
34.00000000	0.00000009	0.00000020
34.05000000	0.00000007	0.00000008
34.10000000	-0.00000008	0.00000023
34.15000000	-0.00000015	-0.00000001
34.20000000	-0.00000028	0.00000017
34.25000000	-0.00000035	-0.00000003
34.30000000	-0.00000040	-0.00000003
34.35000000	-0.00000041	0.00000017
34.40000000	-0.00000045	0.00000005
34.45000000	-0.00000046	0.00000002
34.50000000	-0.00000039	0.00000000
34.55000000	-0.00000041	0.00000009
34.60000000	-0.00000033	0.00000004
34.65000000	-0.00000021	0.00000009
34.70000000	-0.00000013	0.00000006
34.75000000	0.00000011	0.00000000
34.80000000	0.00000035	-0.00000008
34.85000000	0.00000053	-0.00000005
34.90000000	0.00000073	-0.00000011
34.95000000	0.00000090	0.00000009
35.00000000	0.00000105	0.00000007
35.05000000	0.00000115	0.00000002
35.10000000	0.00000115	0.00000004
35.15000000	0.00000126	-0.00000005
35.20000000	0.00000118	-0.00000013
35.25000000	0.00000128	-0.00000005
35.30000000	0.00000144	-0.00000000
35.35000000	0.00000151	-0.00000008
35.40000000	0.00000166	-0.00000007
35.45000000	0.00000168	0.00000002
35.50000000	0.00000162	0.00000008
35.55000000	0.00000159	0.00000012
35.60000000	0.00000134	0.00000007
35.65000000	0.00000097	-0.00000003
35.70000000	0.00000062	-0.00000003
35.75000000	0.00000027	-0.00000010
35.80000000	0.00000014	0.00000009
35.85000000	0.00000003	0.00000007
35.90000000	-0.00000027	0.00000000
35.95000000	-0.00000040	0.00000002
36.00000000	-0.00000044	0.00000008
36.05000000	-0.00000041	0.00000010
36.10000000	-0.00000061	0.00000005
36.15000000	-0.00000057	0.00000000
36.20000000	-0.00000063	-0.00000002
36.25000000	-0.00000032	0.00000007
36.30000000	-0.00000018	0.00000009
36.35000000	0.00000005	0.00000003
36.40000000	0.00000040	0.00000013
36.45000000	0.00000048	0.00000002
36.50000000	0.00000059	0.00000006
36.55000000	0.00000043	0.00000009
36.60000000	0.00000064	0.00000014
36.65000000	0.00000036	0.00000003
36.70000000	0.00000008	0.00000003
36.75000000	0.00000014	0.00000012
36.80000000	0.00000024	0.00000006
36.85000000	0.00000024	0.00000006
36.90000000	0.00000005	0.00000004
36.95000000	0.00000018	0.00000000
37.00000000	0.00000015	0.00000008
37.05000000	0.00000013	0.00000004
37.10000000	0.00000009	-0.00000004
37.15000000	-0.00000009	0.00000006
37.20000000	0.00000022	0.00000003
37.25000000	0.00000054	-0.00000006
37.30000000	0.00000080	-0.00000002
37.35000000	0.00000096	-0.00000003
37.40000000	0.00000122	-0.00000002
37.45000000	0.00000117	-0.00000006
37.50000000	0.00000110	-0.00000006
37.55000000	0.00000129	-0.00000007
37.60000000	0.00000117	-0.00000004
37.65000000	0.00000110	-0.00000006
37.70000000	0.00000111	-0.00000006
37.75000000	0.00000116	-0.00000005
37.80000000	0.00000117	-0.00000004
37.85000000	0.00000114	0.00000001
37.90000000	0.00000101	0.00000004
37.95000000	0.00000091	0.00000001
38.00000000	0.00000088	0.00000008
38.05000000	0.00000071	0.00000007
38.10000000	0.00000080	0.00000012
38.15000000	0.00000036	0.00000010
38.20000000	0.00000041	-0.00000002
38.25000000	0.00000040	0.00000013
38.30000000	0.00000030	0.00000004
38.35000000	0.00000024	0.00000003
38.40000000	0.00000007	0.00000006
38.45000000	-0.00000004	0.00000012
38.50000000	-0.00000003	0.00000011
38.55000000	-0.00000020	0.00000012
38.60000000	-0.00000025	0.00000007
38.65000000	-0.00000032	0.00000011
38.70000000	-0.00000029	0.00000015
38.75000000	-0.00000018	0.00000001
38.80000000	-0.00000044	0.00000007
38.85000000	-0.00000025	0.00000009
38.90000000	-0.00000025	0.00000010
38.95000000	-0.00000013	0.00000015
39.00000000	0.00000000	0.00000010
39.05000000	0.00000032	0.00000000
39.10000000	0.00000026	0.00000002
39.15000000	0.00000036	0.00000000
39.20000000	0.00000035	0.00000005
39.25000000	0.00000035	0.00000004
39.30000000	0.00000028	0.00000008
39.35000000	0.00000041	-0.00000005
39.40000000	0.00000034	0.00000004
39.45000000	0.00000027	0.00000017
39.50000000	0.00000039	0.00000006
39.55000000	0.00000049	0.00000008
39.60000000	0.00000058	0.00000007
39.65000000	0.00000062	0.00000011
39.70000000	0.00000077	-0.00000000
39.75000000	0.00000080	0.00000010
39.80000000	0.00000103	-0.00000010
39.85000000	0.00000106	0.00000004
39.90000000	0.00000106	-0.00000004
39.95000000	0.00000121	-0.00000008
40.00000000	0.00000121	-0.00000004
40.05000000	0.00000118	-0.00000001
40.10000000	0.00000114	-0.00000002
40.15000000	0.00000108	-0.00000008
40.20000000	0.00000088	-0.00000003
40.25000000	0.00000076	0.00000013
40.30000000	0.00000059	-0.00000001
40.35000000	0.00000055	0.00000004
40.40000000	0.00000040	-0.00000011
40.45000000	0.00000044	0.00000000
40.50000000	0.00000050	-0.00000001
40.55000000	0.00000047	0.00000018
40.60000000	0.00000040	0.00000002
40.65000000	0.00000046	-0.00000007
40.70000000	0.00000033	0.00000011
40.75000000	0.00000027	0.00000002
40.80000000	0.00000016	0.00000002
40.85000000	0.00000010	0.00000004
40.90000000	-0.00000007	0.00000003
40.95000000	-0.00000005	0.00000006
41.00000000	-0.00000008	0.00000004
41.05000000	-0.00000011	0.00000001
41.10000000	-0.00000011	0.00000013
41.15000000	-0.00000009	0.00000020
41.20000000	-0.00000016	0.00000004
41.25000000	-0.00000019	0.00000013
41.30000000	-0.00000013	0.00000009
41.35000000	-0.00000016	0.00000003
41.40000000	0.00000002	0.00000010
41.45000000	0.00000013	0.00000004
41.50000000	0.00000030	0.00000009
41.55000000	0.00000042	0.00000009
41.60000000	0.00000052	0.00000009
41.65000000	0.00000058	0.00000006
41.70000000	0.00000056	-0.00000003
41.75000000	0.00000049	0.00000009
41.80000000	0.00000027	0.00000006
41.85000000	0.00000013	-0.00000014
41.90000000	0.00000010	0.00000005
41.95000000	0.00000001	-0.00000008
42.00000000	0.00000018	-0.00000001
42.05000000	0.00000042	-0.00000006
42.10000000	0.00000044	-0.00000024
42.15000000	0.00000077	-0.00000011
42.20000000	0.00000097	-0.00000004
42.25000000	0.00000105	0.00000002
42.30000000	0.00000099	-0.00000012
42.35000000	0.00000110	-0.00000009
42.40000000	0.00000108	-0.00000002
42.45000000	0.00000105	-0.00000011
42.50000000	0.00000109	-0.00000011
42.55000000	0.00000111	0.00000001
42.60000000	0.00000101	-0.00000007
42.65000000	0.00000090	-0.00000009
42.70000000	0.00000076	0.00000002
42.75000000	0.00000071	0.00000014
42.80000000	0.00000055	0.00000005
42.85000000	0.00000045	0.00000006
42.90000000	0.00000049	0.00000013
42.95000000	0.00000060	0.00000016
43.00000000	0.00000043	-0.00000002
43.05000000	0.00000071	0.00000003
43.10000000	0.00000058	0.00000003
43.15000000	0.00000052	0.00000012
43.20000000	0.00000036	-0.00000004
43.25000000	0.00000035	0.00000010
43.30000000	0.00000002	0.00000008
43.35000000	0.00000003	0.00000016
43.40000000	-0.00000017	0.00000009
43.45000000	-0.00000024	0.00000004
43.50000000	-0.00000026	0.00000009
43.55000000	-0.00000049	0.00000008
43.60000000	-0.00000037	0.00000005
43.65000000	-0.00000021	0.00000005
43.70000000	-0.00000030	-0.00000001
43.75000000	-0.00000005	0.00000003
43.80000000	-0.00000013	0.00000005
43.85000000	-0.00000005	0.00000000
43.90000000	0.00000005	0.00000000
43.95000000	0.00000029	0.00000006
44.00000000	0.00000038	0.00000000
44.05000000	0.00000032	-0.00000006
44.10000000	0.00000052	0.00000003
44.15000000	0.00000047	-0.00000006
44.20000000	0.00000069	-0.00000002
44.25000000	0.00000042	-0.00000008
44.30000000	0.00000041	0.00000001
44.35000000	0.00000038	-0.00000004
44.40000000	0.00000034	-0.00000002
44.45000000	0.00000043	-0.00000003
44.50000000	0.00000036	-0.00000001
44.55000000	0.00000067	-0.00000003
44.60000000	0.00000080	-0.00000002
44.65000000	0.00000090	0.00000004
44.70000000	0.00000103	-0.00000002
44.75000000	0.00000129	0.00000003
44.80000000	0.00000137	0.00000003
44.85000000	0.00000129	-0.00000002
44.90000000	0.00000111	0.00000004
44.95000000	0.00000102	0.00000005
45.00000000	0.00000089	0.00000005
45.05000000	0.00000094	0.00000008
45.10000000	0.00000095	-0.00000002
45.15000000	0.00000092	0.00000003
45.20000000	0.00000084	0.00000001
45.25000000	0.00000090	0.00000003
45.30000000	0.00000058	0.00000015
45.35000000	0.00000066	0.00000009
45.40000000	0.00000052	0.00000004
45.45000000	0.00000032	-0.00000002
45.50000000	0.00000019	0.00000021
45.55000000	0.00000019	0.00000013
45.60000000	0.00000019	0.00000004
45.65000000	0.00000010	0.00000014
45.70000000	-0.00000008	0.00000010
45.75000000	-0.00000023	0.00000009
45.80000000	-0.00000014	-0.00000001
45.85000000	-0.00000051	0.00000007
45.90000000	-0.00000055	0.00000007
45.95000000	-0.00000063	0.00000006
46.00000000	-0.00000056	-0.00000002
46.05000000	-0.00000037	0.00000010
46.10000000	-0.00000020	0.00000005
46.15000000	-0.00000020	0.00000009
46.20000000	0.00000011	-0.00000000
46.25000000	0.00000045	0.00000003
46.30000000	0.00000046	0.00000009
46.35000000	0.00000061	0.00000005
46.40000000	0.00000079	-0.00000011
46.45000000	0.00000074	0.00000002
46.50000000	0.00000085	-0.00000001
46.55000000	0.00000082	-0.00000003
46.60000000	0.00000086	-0.00000005
46.65000000	0.00000086	-0.00000013
46.70000000	0.00000081	-0.00000005
46.75000000	0.00000069	0.00000006
46.80000000	0.00000054	0.00000007
46.85000000	0.00000053	-0.00000004
46.90000000	0.00000037	0.00000001
46.95000000	0.00000036	-0.00000011
47.00000000	0.00000034	-0.00000004
47.05000000	0.00000039	0.00000006
47.10000000	0.00000046	-0.00000000
47.15000000	0.00000053	-0.00000012
47.20000000	0.00000059	0.00000007
47.25000000	0.00000069	0.00000007
47.30000000	0.00000074	-0.00000006
47.35000000	0.00000065	-0.00000002
47.40000000	0.00000063	-0.00000013
47.45000000	0.00000045	0.00000006
47.50000000	0.00000042	0.00000009
47.55000000	0.00000047	-0.00000014
47.60000000	0.00000044	0.00000011
47.65000000	0.00000039	0.00000017
47.70000000	0.00000059	0.00000006
47.75000000	0.00000073	0.00000005
47.80000000	0.00000083	0.00000005
47.85000000	0.00000079	0.00000011
47.90000000	0.00000078	0.00000020
47.95000000	0.00000076	-0.00000002
48.00000000	0.00000073	0.00000012
48.05000000	0.00000066	0.00000016
48.10000000	0.00000055	0.00000011
48.15000000	0.00000053	-0.00000008
48.20000000	0.00000040	-0.00000002
48.25000000	0.00000022	-0.00000012
48.30000000	0.00000004	0.00000001
48.35000000	-0.00000017	-0.00000005
48.40000000	-0.00000038	-0.00000001
48.45000000	-0.00000051	0.00000008
48.50000000	-0.00000047	0.00000010
48.55000000	-0.00000034	0.00000001
48.60000000	-0.00000016	0.00000001
48.65000000	0.00000003	-0.00000006
48.70000000	0.00000034	0.00000003
48.75000000	0.00000049	-0.00000006
48.80000000	0.00000062	-0.00000011
48.85000000	0.00000077	-0.00000014
48.90000000	0.00000087	0.00000006
48.95000000	0.00000075	0.00000004
49.00000000	0.00000071	0.00000004
49.05000000	0.00000054	-0.00000003
49.10000000	0.00000051	-0.00000006
49.15000000	0.00000040	-0.00000005
49.20000000	0.00000035	-0.00000010
49.25000000	0.00000027	-0.00000003
49.30000000	0.00000026	-0.00000000
49.35000000	0.00000012	0.00000002
49.40000000	0.00000009	-0.00000012
49.45000000	0.00000039	0.00000004
49.50000000	0.00000044	0.00000009
49.55000000	0.00000052	0.00000006
49.60000000	0.00000083	0.00000008
49.65000000	0.00000093	0.00000015
49.70000000	0.00000081	-0.00000005
49.75000000	0.00000086	-0.00000001
49.80000000	0.00000085	0.00000008
49.85000000	0.00000084	0.00000008
49.90000000	0.00000073	0.00000019
49.95000000	0.00000053	0.00000019
50.00000000	0.00000027	-0.00000003
50.05000000	0.00000016	0.00000014
50.10000000	-0.00000011	0.00000000
50.15000000	0.00000003	0.00000007
50.20000000	0.00000018	0.00000015
50.25000000	0.00000010	0.00000018
50.30000000	0.00000026	0.00000004
50.35000000	0.00000053	0.00000017
50.40000000	0.00000051	0.00000003
50.45000000	0.00000067	0.00000006
50.50000000	0.00000051	0.00000006
50.55000000	0.00000049	0.00000006
50.60000000	0.00000055	0.00000004
50.65000000	0.00000044	-0.00000006
50.70000000	0.00000058	0.00000003
50.75000000	0.00000061	0.00000002
50.80000000	0.00000063	0.00000003
50.85000000	0.00000052	-0.00000006
50.90000000	0.00000034	-0.00000015
50.95000000	0.00000039	-0.00000008
51.00000000	0.00000032	-0.00000008
51.05000000	0.00000051	0.00000000
51.10000000	0.00000056	-0.00000005
51.15000000	0.00000071	0.00000005
51.20000000	0.00000097	-0.00000000
51.25000000	0.00000109	-0.00000006
51.30000000	0.00000119	0.00000002
51.35000000	0.00000104	-0.00000004
51.40000000	0.00000092	-0.00000009
51.45000000	0.00000058	-0.00000002
51.50000000	0.00000049	-0.00000004
51.55000000	0.00000034	-0.00000002
51.60000000	0.00000015	-0.00000002
51.65000000	0.00000001	0.00000004
51.70000000	0.00000012	-0.00000003
51.75000000	-0.00000003	0.00000005
51.80000000	-0.00000018	0.00000006
51.85000000	-0.00000001	0.00000007
51.90000000	0.00000020	0.00000004
51.95000000	0.00000026	0.00000005
52.00000000	0.00000024	0.00000008
52.05000000	0.00000025	0.00000012
52.10000000	0.00000035	0.00000002
52.15000000	0.00000020	0.00000015
52.20000000	0.00000050	0.00000005
52.25000000	0.00000039	0.00000007
52.30000000	0.00000027	0.00000002
52.35000000	0.00000022	0.00000012
52.40000000	0.00000022	0.00000006
52.45000000	0.00000009	0.00000012
52.50000000	0.00000023	0.00000009
52.55000000	0.00000007	0.00000014
52.60000000	0.00000007	0.00000015
52.65000000	0.00000025	0.00000004
52.70000000	0.00000035	0.00000008
52.75000000	0.00000040	0.00000003
52.80000000	0.00000069	-0.00000001
52.85000000	0.00000062	0.00000008
52.90000000	0.00000073	0.00000004
52.95000000	0.00000067	-0.00000002
53.00000000	0.00000033	0.00000015
53.05000000	0.00000034	-0.00000004
53.10000000	0.00000017	-0.00000008
53.15000000	0.00000001	0.00000006
53.20000000	0.00000009	0.00000003
53.25000000	0.00000019	-0.00000001
53.30000000	0.00000038	-0.00000009
53.35000000	0.00000046	-0.00000000
53.40000000	0.00000064	0.00000006
53.45000000	0.00000066	0.00000005
53.50000000	0.00000082	-0.00000006
53.55000000	0.00000091	-0.00000008
53.60000000	0.00000095	-0.00000008
53.65000000	0.00000100	-0.00000004
53.70000000	0.00000097	0.00000005
53.75000000	0.00000101	-0.00000005
53.80000000	0.00000101	0.00000001
53.85000000	0.00000090	-0.00000001
53.90000000	0.00000070	0.00000012
53.95000000	0.00000058	-0.00000005
54.00000000	0.00000029	0.00000017
54.05000000	0.00000028	-0.00000003
54.10000000	0.00000019	-0.00000005
54.15000000	0.00000032	0.00000003
54.20000000	0.00000024	0.00000028
54.25000000	0.00000061	-0.00000002
54.30000000	0.00000063	-0.00000003
54.35000000	0.00000069	0.00000001
54.40000000	0.00000067	0.00000019
54.45000000	0.00000068	-0.00000012
54.50000000	0.00000055	0.00000006
54.55000000	0.00000041	0.00000004
54.60000000	0.00000033	-0.00000004
54.65000000	0.00000020	0.00000018
54.70000000	0.00000022	-0.00000007
54.75000000	0.00000010	0.00000001
54.80000000	-0.00000003	-0.00000005
54.85000000	-0.00000003	-0.00000017
54.90000000	-0.00000014	0.00000018
54.95000000	-0.00000015	0.00000008
55.00000000	-0.00000007	0.00000010
55.05000000	0.00000001	0.00000002
55.10000000	0.00000011	-0.00000001
55.15000000	0.00000037	-0.00000003
55.20000000	0.00000047	0.00000004
55.25000000	0.00000063	0.00000009
55.30000000	0.00000069	0.00000005
55.35000000	0.00000067	0.00000002
55.40000000	0.00000069	0.00000010
55.45000000	0.00000053	0.00000014
55.50000000	0.00000050	0.00000011
55.55000000	0.00000039	0.00000014
55.60000000	0.00000030	-0.00000006
55.65000000	0.00000025	0.00000014
55.70000000	0.00000024	-0.00000005
55.75000000	0.00000035	0.00000005
55.80000000	0.00000031	-0.00000004
55.85000000	0.00000048	0.00000002
55.90000000	0.00000056	-0.00000007
55.95000000	0.00000078	-0.00000012
56.00000000	0.00000098	-0.00000002
56.05000000	0.00000101	-0.00000003
56.10000000	0.00000097	-0.00000001
56.15000000	0.00000104	0.00000005
56.20000000	0.00000089	-0.00000001
56.25000000	0.00000083	-0.00000010
56.30000000	0.00000066	-0.00000010
56.35000000	0.00000063	-0.00000007
56.40000000	0.00000059	0.00000002
56.45000000	0.00000050	0.00000009
56.50000000	0.00000025	-0.00000003
56.55000000	0.00000027	0.00000007
56.60000000	0.00000019	-0.00000001
56.65000000	0.00000022	0.00000011
56.70000000	0.00000015	0.00000006
56.75000000	0.00000020	-0.00000007
56.80000000	0.00000043	0.00000028
56.85000000	0.00000041	0.00000012
56.90000000	0.00000026	-0.00000001
56.95000000	0.00000041	0.00000012
57.00000000	0.00000031	0.00000012
57.05000000	0.00000017	-0.00000001
57.10000000	0.00000013	0.00000009
57.15000000	0.00000003	-0.00000004
57.20000000	-0.00000002	0.00000001
57.25000000	-0.00000009	0.00000000
57.30000000	-0.00000001	0.00000007
57.35000000	-0.00000015	-0.00000007
57.40000000	0.00000020	0.00000004
57.45000000	0.00000047	0.00000007
57.50000000	0.00000051	0.00000002
57.55000000	0.00000060	0.00000011
57.60000000	0.00000086	0.00000010
57.65000000	0.00000091	0.00000009
57.70000000	0.00000092	-0.00000001
57.75000000	0.00000105	0.00000013
57.80000000	0.00000088	-0.00000006
57.85000000	0.00000075	0.00000000
57.90000000	0.00000052	-0.00000008
57.95000000	0.00000049	0.00000001
58.00000000	0.00000047	-0.00000002
58.05000000	0.00000037	-0.00000001
58.10000000	0.00000028	0.00000008
58.15000000	0.00000032	0.00000002
58.20000000	0.00000013	0.00000000
58.25000000	0.00000010	-0.00000005
58.30000000	0.00000008	0.00000006
58.35000000	0.00000028	-0.00000000
58.40000000	0.00000038	0.00000001
58.45000000	0.00000042	0.00000001
58.50000000	0.00000057	0.00000004
58.55000000	0.00000053	0.00000005
58.60000000	0.00000057	-0.00000001
58.65000000	0.00000050	0.00000006
58.70000000	0.00000042	0.00000001
58.75000000	0.00000033	0.00000000
58.80000000	0.00000037	-0.00000000
58.85000000	0.00000030	0.00000003
58.90000000	0.00000035	0.00000002
58.95000000	0.00000035	0.00000011
59.00000000	0.00000050	0.00000003
59.05000000	0.00000061	0.00000013
59.10000000	0.00000075	0.00000007
59.15000000	0.00000073	0.00000002
59.20000000	0.00000077	0.00000010
59.25000000	0.00000101	0.00000012
59.30000000	0.00000093	0.00000003
59.35000000	0.00000091	0.00000014
59.40000000	0.00000094	-0.00000001
59.45000000	0.00000079	0.00000005
59.50000000	0.00000057	0.00000010
59.55000000	0.00000035	0.00000003
59.60000000	0.00000031	0.00000010
59.65000000	-0.00000005	0.00000007
59.70000000	-0.00000010	0.00000002
59.75000000	-0.00000014	0.00000004
59.80000000	-0.00000007	-0.00000002
59.85000000	0.00000010	-0.00000001
59.90000000	0.00000022	0.00000004
59.95000000	0.00000046	-0.00000003
60.00000000	0.00000052	0.00000010
60.05000000	0.00000090	-0.00000015
60.10000000	0.00000086	-0.00000005
60.15000000	0.00000079	0.00000005
60.20000000	0.00000068	0.00000008
60.25000000	0.00000069	-0.00000008
60.30000000	0.00000062	-0.00000014
60.35000000	0.00000037	0.00000001
60.40000000	0.00000022	0.00000002
60.45000000	0.00000005	0.00000000
60.50000000	-0.00000023	0.00000010
60.55000000	-0.00000022	0.00000008
60.60000000	-0.00000008	0.00000003
60.65000000	-0.00000006	-0.00000009
60.70000000	0.00000011	-0.00000002
60.75000000	0.00000020	0.00000006
60.80000000	0.00000047	0.00000002
60.85000000	0.00000067	-0.00000004
60.90000000	0.00000087	-0.00000001
60.95000000	0.00000094	-0.00000001
61.00000000	0.00000091	-0.00000007
61.05000000	0.00000091	0.00000013
61.10000000	0.00000095	0.00000013
61.15000000	0.00000071	0.00000010
61.20000000	0.00000064	-0.00000008
61.25000000	0.00000027	0.00000016
61.30000000	0.00000016	0.00000020
61.35000000	-0.00000001	0.00000020
61.40000000	0.00000007	0.00000003
61.45000000	0.00000007	0.00000006
61.50000000	0.00000018	0.00000008
61.55000000	0.00000024	0.00000024
61.60000000	0.00000047	0.00000011
61.65000000	0.00000061	0.00000010
61.70000000	0.00000066	0.00000010
61.75000000	0.00000068	0.00000007
61.80000000	0.00000075	-0.00000005
61.85000000	0.00000066	0.00000004
61.90000000	0.00000067	0.00000011
61.95000000	0.00000065	-0.00000017
62.00000000	0.00000052	0.00000014
62.05000000	0.00000046	-0.00000001
62.10000000	0.00000029	-0.00000005
62.15000000	0.00000020	-0.00000003
62.20000000	0.00000009	0.00000011
62.25000000	0.00000002	-0.00000009
62.30000000	0.00000009	0.00000001
62.35000000	0.00000020	0.00000002
62.40000000	0.00000037	-0.00000001
62.45000000	0.00000051	-0.00000008
62.50000000	0.00000074	0.00000002
62.55000000	0.00000082	0.00000005
62.60000000	0.00000074	-0.00000021
62.65000000	0.00000072	0.00000001
62.70000000	0.00000063	0.00000005
62.75000000	0.00000045	-0.00000014
62.80000000	0.00000036	-0.00000004
62.85000000	0.00000026	0.00000012
62.90000000	0.00000007	-0.00000002
62.95000000	0.00000004	0.00000006
63.00000000	-0.00000006	0.00000007
63.05000000	0.00000002	-0.00000002
63.10000000	0.00000021	0.00000019
63.15000000	0.00000025	-0.00000001
63.20000000	0.00000032	0.00000001
63.25000000	0.00000039	-0.00000004
63.30000000	0.00000052	-0.00000001
63.35000000	0.00000061	0.00000009
63.40000000	0.00000056	-0.00000002
63.45000000	0.00000072	-0.00000003
63.50000000	0.00000073	0.00000006
63.55000000	0.00000056	-0.00000005
63.60000000	0.00000047	-0.00000011
63.65000000	0.00000039	0.00000004
63.70000000	0.00000042	0.00000012
63.75000000	0.00000025	0.00000012
63.80000000	0.00000012	0.00000001
63.85000000	0.00000021	0.00000009
63.90000000	0.00000036	0.00000015
63.95000000	0.00000046	0.00000015
64.00000000	0.00000042	-0.00000005
64.05000000	0.00000056	0.00000007
64.10000000	0.00000069	0.00000008
64.15000000	0.00000064	0.00000011
64.20000000	0.00000054	-0.00000002
64.25000000	0.00000056	0.00000012
64.30000000	0.00000047	0.00000005
64.35000000	0.00000043	0.00000009
64.40000000	0.00000039	0.00000006
64.45000000	0.00000027	-0.00000007
64.50000000	0.00000024	-0.00000002
64.55000000	0.00000018	-0.00000004
64.60000000	0.00000036	0.00000008
64.65000000	0.00000043	0.00000006
64.70000000	0.00000050	0.00000004
64.75000000	0.00000048	0.00000000
64.80000000	0.00000052	0.00000003
64.85000000	0.00000069	0.00000000
64.90000000	0.00000079	0.00000008
64.95000000	0.00000091	0.00000004
65.00000000	0.00000085	0.00000003
65.05000000	0.00000084	-0.00000000
65.10000000	0.00000077	-0.00000003
65.15000000	0.00000075	0.00000003
65.20000000	0.00000061	-0.00000001
65.25000000	0.00000027	-0.00000007
65.30000000	0.00000014	0.00000004
65.35000000	0.00000012	-0.00000001
65.40000000	0.00000009	0.00000007
65.45000000	0.00000032	0.00000000
65.50000000	0.00000041	0.00000003
65.55000000	0.00000037	0.00000007
65.60000000	0.00000054	0.00000008
65.65000000	0.00000045	0.00000001
65.70000000	0.00000041	0.00000003
65.75000000	0.00000057	0.00000005
65.80000000	0.00000058	0.00000001
65.85000000	0.00000055	0.00000005
65.90000000	0.00000069	0.00000005
65.95000000	0.00000039	-0.00000000
66.00000000	0.00000028	0.00000009
66.05000000	0.00000040	-0.00000003
66.10000000	0.00000031	-0.00000000
66.15000000	0.00000024	0.00000002
66.20000000	0.00000021	0.00000006
66.25000000	0.00000013	0.00000008
66.30000000	0.00000032	0.00000004
66.35000000	0.00000025	0.00000008
66.40000000	0.00000037	0.00000005
66.45000000	0.00000065	0.00000003
66.50000000	0.00000068	0.00000006
66.55000000	0.00000075	0.00000001
66.60000000	0.00000077	0.00000007
66.65000000	0.00000067	0.00000003
66.70000000	0.00000067	-0.00000001
66.75000000	0.00000053	0.00000006
66.80000000	0.00000048	-0.00000002
66.85000000	0.00000031	-0.00000001
66.90000000	0.00000030	-0.00000006
66.95000000	0.00000034	0.00000003
67.00000000	0.00000023	-0.00000004
67.05000000	0.00000018	0.00000007
67.10000000	0.00000024	0.00000000
67.15000000	0.00000061	-0.00000014
67.20000000	0.00000052	-0.00000001
67.25000000	0.00000057	-0.00000001
67.30000000	0.00000066	-0.00000003
67.35000000	0.00000068	0.00000001
67.40000000	0.00000073	0.00000003
67.45000000	0.00000072	0.00000004
67.50000000	0.00000069	0.00000007
67.55000000	0.00000074	-0.00000006
67.60000000	0.00000059	-0.00000007
67.65000000	0.00000050	-0.00000005
67.70000000	0.00000019	0.00000016
67.75000000	0.00000009	0.00000008
67.80000000	0.00000002	0.00000000
67.85000000	0.00000003	-0.00000004
67.90000000	-0.00000006	0.00000006
67.95000000	-0.00000008	0.00000010
68.00000000	0.00000011	0.00000007
68.05000000	0.00000030	-0.00000003
68.10000000	0.00000030	0.00000010
68.15000000	0.00000044	-0.00000007
68.20000000	0.00000043	0.00000007
68.25000000	0.00000043	0.00000007
68.30000000	0.00000040	0.00000014
68.35000000	0.00000041	0.00000003
68.40000000	0.00000040	0.00000006
68.45000000	0.00000034	0.00000007
68.50000000	0.00000033	0.00000008
68.55000000	0.00000022	0.00000026
68.60000000	0.00000033	0.00000005
68.65000000	0.00000030	0.00000009
68.70000000	0.00000051	-0.00000003
68.75000000	0.00000056	-0.00000000
68.80000000	0.00000060	0.00000006
68.85000000	0.00000073	0.00000003
68.90000000	0.00000074	0.00000011
68.95000000	0.00000092	0.00000013
69.00000000	0.00000092	0.00000003
69.05000000	0.00000089	0.00000001
69.10000000	0.00000091	-0.00000014
69.15000000	0.00000082	0.00000008
69.20000000	0.00000069	-0.00000005
69.25000000	0.00000057	-0.00000003
69.30000000	0.00000044	0.00000009
69.35000000	0.00000030	0.00000024
69.40000000	0.00000016	-0.00000004
69.45000000	0.00000009	-0.00000011
69.50000000	0.00000004	-0.00000007
69.55000000	0.00000006	-0.00000007
69.60000000	0.00000011	0.00000006
69.65000000	0.00000011	0.00000004
69.70000000	0.00000024	-0.00000009
69.75000000	0.00000035	0.00000000
69.80000000	0.00000036	-0.00000002
69.85000000	0.00000039	-0.00000002
69.90000000	0.00000035	0.00000015
69.95000000	0.00000029	0.00000007
70.00000000	0.00000032	0.00000006
70.05000000	0.00000037	0.00000012
70.10000000	0.00000031	0.00000005
70.15000000	0.00000032	0.00000000
70.20000000	0.00000036	0.00000003
70.25000000	0.00000031	0.00000001
70.30000000	0.00000039	0.00000015
70.35000000	0.00000043	0.00000000
70.40000000	0.00000056	0.00000016
70.45000000	0.00000059	0.00000010
70.50000000	0.00000060	-0.00000001
70.55000000	0.00000074	0.00000002
70.60000000	0.00000081	0.00000014
70.65000000	0.00000083	0.00000003
70.70000000	0.00000081	0.00000010
70.75000000	0.00000067	0.00000002
70.80000000	0.00000063	0.00000002
70.85000000	0.00000048	0.00000003
70.90000000	0.00000034	-0.00000006
70.95000000	0.00000031	0.00000007
71.00000000	0.00000020	0.00000001
71.05000000	0.00000022	0.00000006
71.10000000	0.00000040	0.00000009
71.15000000	0.00000055	0.00000011
71.20000000	0.00000076	0.00000010
71.25000000	0.00000079	0.00000004
71.30000000	0.00000079	-0.00000008
71.35000000	0.00000094	0.00000003
71.40000000	0.00000087	0.00000007
71.45000000	0.00000076	0.00000000
71.50000000	0.00000077	0.00000005
71.55000000	0.00000061	-0.00000001
71.60000000	0.00000057	-0.00000002
71.65000000	0.00000029	-0.00000003
71.70000000	0.00000019	-0.00000003
71.75000000	0.00000008	0.00000007
71.80000000	-0.00000005	0.00000007
71.85000000	0.00000002	0.00000009
71.90000000	-0.00000017	-0.00000005
71.95000000	-0.00000009	0.00000004
72.00000000	0.00000012	0.00000001
72.05000000	0.00000022	0.00000005
72.10000000	0.00000045	0.00000008
72.15000000	0.00000034	-0.00000006
72.20000000	0.00000067	0.00000003
72.25000000	0.00000059	0.00000004
72.30000000	0.00000067	0.00000002
72.35000000	0.00000064	-0.00000001
72.40000000	0.00000051	-0.00000003
72.45000000	0.00000042	-0.00000005
72.50000000	0.00000028	0.00000006
72.55000000	0.00000015	0.00000002
72.60000000	0.00000013	0.00000001
72.65000000	0.00000019	0.00000009
72.70000000	0.00000036	0.00000007
72.75000000	0.00000020	0.00000010
72.80000000	0.00000046	0.00000008
72.85000000	0.00000045	0.00000004
72.90000000	0.00000050	0.00000013
72.95000000	0.00000062	0.00000001
73.00000000	0.00000074	-0.00000004
73.05000000	0.00000094	0.00000001
73.10000000	0.00000081	0.00000005
73.15000000	0.00000088	-0.00000002
73.20000000	0.00000087	0.00000005
73.25000000	0.00000060	0.00000001
73.30000000	0.00000048	-0.00000000
73.35000000	0.00000047	-0.00000003
73.40000000	0.00000034	-0.00000002
73.45000000	0.00000027	0.00000003
73.50000000	0.00000033	0.00000003
73.55000000	0.00000018	0.00000005
73.60000000	0.00000028	0.00000002
73.65000000	0.00000036	0.00000004
73.70000000	0.00000040	0.00000002
73.75000000	0.00000044	0.00000003
73.80000000	0.00000051	0.00000003
73.85000000	0.00000050	0.00000002
73.90000000	0.00000066	-0.00000006
73.95000000	0.00000043	0.00000004
74.00000000	0.00000056	-0.00000007
74.05000000	0.00000036	-0.00000007
74.10000000	0.00000018	0.00000001
74.15000000	0.00000024	-0.00000002
74.20000000	0.00000011	-0.00000003
74.25000000	0.00000006	-0.00000005
74.30000000	-0.00000001	0.00000005
74.35000000	-0.00000001	0.00000013
74.40000000	0.00000027	0.00000003
74.45000000	0.00000025	0.00000002
74.50000000	0.00000030	-0.00000001
74.55000000	0.00000055	-0.00000010
74.60000000	0.00000045	0.00000016
74.65000000	0.00000054	0.00000007
74.70000000	0.00000070	-0.00000007
74.75000000	0.00000072	-0.00000004
74.80000000	0.00000068	0.00000003
74.85000000	0.00000054	-0.00000002
74.90000000	0.00000046	-0.00000006
74.95000000	0.00000037	0.00000007
75.00000000	0.00000037	0.00000010
75.05000000	0.00000025	0.00000006
75.10000000	0.00000041	-0.00000003
75.15000000	0.00000043	-0.00000008
75.20000000	0.00000052	0.00000010
75.25000000	0.00000051	-0.00000000
75.30000000	0.00000061	-0.00000000
75.35000000	0.00000061	-0.00000001
75.40000000	0.00000069	-0.00000001
75.45000000	0.00000069	0.00000003
75.50000000	0.00000065	-0.00000001
75.55000000	0.00000060	0.00000003
75.60000000	0.00000053	-0.00000008
75.65000000	0.00000050	-0.00000009
75.70000000	0.00000043	-0.00000001
75.75000000	0.00000040	-0.00000008
75.80000000	0.00000038	0.00000003
75.85000000	0.00000034	-0.00000006
75.90000000	0.00000045	-0.00000002
75.95000000	0.00000027	-0.00000004
76.00000000	0.00000037	0.00000001
76.05000000	0.00000042	0.00000002
76.10000000	0.00000040	0.00000010
76.15000000	0.00000048	-0.00000006
76.20000000	0.00000047	0.00000012
76.25000000	0.00000046	0.00000009
76.30000000	0.00000056	0.00000009
76.35000000	0.00000049	-0.00000003
76.40000000	0.00000036	0.00000004
76.45000000	0.00000034	0.00000002
76.50000000	0.00000020	0.00000010
76.55000000	0.00000015	0.00000011
76.60000000	0.00000012	-0.00000001
76.65000000	0.00000020	0.00000006
76.70000000	0.00000017	0.00000008
76.75000000	0.00000029	0.00000006
76.80000000	0.00000026	0.00000005
76.85000000	0.00000049	0.00000019
76.90000000	0.00000043	0.00000015
76.95000000	0.00000050	-0.00000007
77.00000000	0.00000053	0.00000016
77.05000000	0.00000051	0.00000002
77.10000000	0.00000060	-0.00000006
77.15000000	0.00000054	-0.00000013
77.20000000	0.00000054	0.00000009
77.25000000	0.00000051	-0.00000004
77.30000000	0.00000058	0.00000006
77.35000000	0.00000054	-0.00000005
77.40000000	0.00000049	0.00000002
77.45000000	0.00000054	0.00000008
77.50000000	0.00000049	0.00000003
77.55000000	0.00000051	0.00000009
77.60000000	0.00000057	0.00000003
77.65000000	0.00000059	-0.00000000
77.70000000	0.00000070	-0.00000004
77.75000000	0.00000067	-0.00000014
77.80000000	0.00000077	0.00000000
77.85000000	0.00000081	0.00000010
77.90000000	0.00000069	0.00000008
77.95000000	0.00000063	-0.00000004
78.00000000	0.00000059	0.00000006
78.05000000	0.00000047	-0.00000010
78.10000000	0.00000049	0.00000010
78.15000000	0.00000024	-0.00000014
78.20000000	0.00000034	-0.00000001
78.25000000	0.00000021	-0.00000008
78.30000000	0.00000020	0.00000003
78.35000000	0.00000023	-0.00000009
78.40000000	0.00000042	0.00000010
78.45000000	0.00000041	0.00000000
78.50000000	0.00000054	0.00000004
78.55000000	0.00000045	-0.00000005
78.60000000	0.00000045	-0.00000002
78.65000000	0.00000061	-0.00000002
78.70000000	0.00000058	0.00000003
78.75000000	0.00000047	-0.00000006
78.80000000	0.00000052	0.00000008
78.85000000	0.00000044	0.00000013
78.90000000	0.00000047	0.00000003
78.95000000	0.00000029	0.00000001
79.00000000	0.00000014	0.00000000
79.05000000	-0.00000004	-0.00000005
79.10000000	0.00000003	0.00000004
79.15000000	0.00000015	0.00000001
79.20000000	0.00000014	0.00000006
79.25000000	0.00000012	-0.00000004
79.30000000	0.00000018	0.00000000
79.35000000	0.00000035	0.00000001
79.40000000	0.00000043	0.00000004
79.45000000	0.00000050	-0.00000004
79.50000000	0.00000062	0.00000003
79.55000000	0.00000059	0.00000005
79.60000000	0.00000057	0.00000003
79.65000000	0.00000057	0.00000006
79.70000000	0.00000046	0.00000003
79.75000000	0.00000058	0.00000002
79.80000000	0.00000059	0.00000006
79.85000000	0.00000046	0.00000001
79.90000000	0.00000053	0.00000004
79.95000000	0.00000051	0.00000004
80.00000000	0.00000061	0.00000004
80.05000000	0.00000062	0.00000009
80.10000000	0.00000071	0.00000000
80.15000000	0.00000075	0.00000005
80.20000000	0.00000075	0.00000001
80.25000000	0.00000069	0.00000005
80.30000000	0.00000079	0.00000008
80.35000000	0.00000075	0.00000004
80.40000000	0.00000062	0.00000001
80.45000000	0.00000079	-0.00000003
80.50000000	0.00000053	-0.00000003
80.55000000	0.00000051	0.00000002
80.60000000	0.00000027	0.00000004
80.65000000	0.00000020	0.00000005
80.70000000	0.00000009	0.00000003
80.75000000	-0.00000002	-0.00000000
80.80000000	0.00000007	0.00000003
80.85000000	0.00000008	0.00000004
80.90000000	0.00000016	0.00000003
80.95000000	0.00000007	0.00000003
81.00000000	0.00000009	0.00000002
81.05000000	0.00000028	-0.00000003
81.10000000	0.00000022	-0.00000001
81.15000000	0.00000031	0.00000003
81.20000000	0.00000026	0.00000010
81.25000000	0.00000039	-0.00000003
81.30000000	0.00000033	0.00000004
81.35000000	0.00000025	0.00000003
81.40000000	0.00000046	-0.00000002
81.45000000	0.00000037	0.00000004
81.50000000	0.00000044	0.00000004
81.55000000	0.00000038	0.00000001
81.60000000	0.00000049	0.00000000
81.65000000	0.00000047	0.00000004
81.70000000	0.00000045	0.00000012
81.75000000	0.00000055	0.00000007
81.80000000	0.00000055	0.00000012
81.85000000	0.00000048	0.00000012
81.90000000	0.00000066	-0.00000003
81.95000000	0.00000069	0.00000010
82.00000000	0.00000063	0.00000001
82.05000000	0.00000067	0.00000003
82.10000000	0.00000049	0.00000007
82.15000000	0.00000061	-0.00000014
82.20000000	0.00000039	0.00000006
82.25000000	0.00000040	0.00000009
82.30000000	0.00000041	0.00000011
82.35000000	0.00000061	0.00000002
82.40000000	0.00000056	0.00000009
82.45000000	0.00000075	0.00000006
82.50000000	0.00000063	0.00000014
82.55000000	0.00000070	0.00000012
82.60000000	0.00000071	-0.00000006
82.65000000	0.00000059	-0.00000001
82.70000000	0.00000043	0.00000015
82.75000000	0.00000049	0.00000013
82.80000000	0.00000056	-0.00000004
82.85000000	0.00000038	-0.00000012
82.90000000	0.00000032	-0.00000007
82.95000000	0.00000036	-0.00000007
83.00000000	0.00000013	0.00000007
83.05000000	0.00000011	0.00000002
83.10000000	0.00000009	0.00000015
83.15000000	0.00000008	-0.00000006
83.20000000	0.00000018	-0.00000009
83.25000000	0.00000016	0.00000009
83.30000000	0.00000029	0.00000007
83.35000000	0.00000034	-0.00000000
83.40000000	0.00000039	-0.00000005
83.45000000	0.00000045	0.00000009
83.50000000	0.00000043	0.00000004
83.55000000	0.00000052	0.00000001
83.60000000	0.00000047	0.00000000
83.65000000	0.00000045	-0.00000004
83.70000000	0.00000043	0.00000008
83.75000000	0.00000043	-0.00000002
83.80000000	0.00000045	-0.00000003
83.85000000	0.00000042	-0.00000008
83.90000000	0.00000044	0.00000003
83.95000000	0.00000051	0.00000006
84.00000000	0.00000052	-0.00000004
84.05000000	0.00000061	-0.00000002
84.10000000	0.00000056	-0.00000001
84.15000000	0.00000065	0.00000007
84.20000000	0.00000069	0.00000012
84.25000000	0.00000074	0.00000005
84.30000000	0.00000073	-0.00000009
84.35000000	0.00000083	0.00000003
84.40000000	0.00000077	0.00000010
84.45000000	0.00000069	0.00000001
84.50000000	0.00000065	0.00000011
84.55000000	0.00000049	0.00000002
84.60000000	0.00000042	-0.00000001
84.65000000	0.00000033	-0.00000002
84.70000000	0.00000042	-0.00000001
84.75000000	0.00000027	-0.00000010
84.80000000	0.00000032	-0.00000003
84.85000000	0.00000047	0.00000013
84.90000000	0.00000037	-0.00000012
84.95000000	0.00000047	0.00000007
85.00000000	0.00000045	0.00000005
85.05000000	0.00000047	0.00000000
85.10000000	0.00000042	-0.00000007
85.15000000	0.00000052	0.00000018
85.20000000	0.00000049	0.00000018
85.25000000	0.00000027	-0.00000005
85.30000000	0.00000020	-0.00000002
85.35000000	0.00000022	0.00000012
85.40000000	0.00000012	-0.00000002
85.45000000	0.00000022	-0.00000001
85.50000000	0.00000038	0.00000008
85.55000000	0.00000027	0.00000010
85.60000000	0.00000026	-0.00000012
85.65000000	0.00000040	-0.00000000
85.70000000	0.00000029	-0.00000008
85.75000000	0.00000044	-0.00000013
85.80000000	0.00000050	-0.00000005
85.85000000	0.00000061	0.00000008
85.90000000	0.00000073	0.00000013
85.95000000	0.00000065	-0.00000001
86.00000000	0.00000065	0.00000013
86.05000000	0.00000048	0.00000001
86.10000000	0.00000038	-0.00000008
86.15000000	0.00000038	0.00000005
86.20000000	0.00000039	0.00000013
86.25000000	0.00000043	0.00000015
86.30000000	0.00000042	0.00000004
86.35000000	0.00000040	0.00000009
86.40000000	0.00000057	0.00000016
86.45000000	0.00000059	0.00000009
86.50000000	0.00000052	0.00000012
86.55000000	0.00000056	0.00000002
86.60000000	0.00000066	0.00000008
86.65000000	0.00000063	0.00000005
86.70000000	0.00000062	-0.00000003
86.75000000	0.00000060	-0.00000001
86.80000000	0.00000059	0.00000002
86.85000000	0.00000044	0.00000006
86.90000000	0.00000047	0.00000003
86.95000000	0.00000028	0.00000007
87.00000000	0.00000033	0.00000012
87.05000000	0.00000030	0.00000003
87.10000000	0.00000022	0.00000004
87.15000000	0.00000028	-0.00000002
87.20000000	0.00000022	0.00000012
87.25000000	0.00000039	0.00000009
87.30000000	0.00000038	0.00000012
87.35000000	0.00000028	0.00000007
87.40000000	0.00000023	0.00000003
87.45000000	0.00000030	0.00000002
87.50000000	0.00000041	-0.00000002
87.55000000	0.00000039	-0.00000003
87.60000000	0.00000022	-0.00000001
87.65000000	0.00000028	0.00000001
87.70000000	0.00000018	-0.00000001
87.75000000	0.00000014	0.00000002
87.80000000	0.00000007	0.00000002
87.85000000	0.00000011	-0.00000004
87.90000000	0.00000028	0.00000001
87.95000000	0.00000029	0.00000004
88.00000000	0.00000027	0.00000008
88.05000000	0.00000045	0.00000000
88.10000000	0.00000049	0.00000000
88.15000000	0.00000069	0.00000002
88.20000000	0.00000056	0.00000003
88.25000000	0.00000066	0.00000004
88.30000000	0.00000071	-0.00000003
88.35000000	0.00000066	0.00000002
88.40000000	0.00000036	0.00000012
88.45000000	0.00000065	0.00000008
88.50000000	0.00000046	0.00000007
88.55000000	0.00000061	0.00000002
88.60000000	0.00000044	-0.00000005
88.65000000	0.00000043	0.00000002
88.70000000	0.00000042	0.00000010
88.75000000	0.00000061	0.00000002
88.80000000	0.00000051	0.00000001
88.85000000	0.00000053	0.00000002
88.90000000	0.00000070	0.00000011
88.95000000	0.00000063	0.00000004
89.00000000	0.00000064	0.00000004
89.05000000	0.00000060	0.00000008
89.10000000	0.00000074	-0.00000001
89.15000000	0.00000054	0.00000004
89.20000000	0.00000051	-0.00000005
89.25000000	0.00000051	0.00000002
89.30000000	0.00000035	0.00000010
89.35000000	0.00000025	0.00000002
89.40000000	0.00000015	0.00000008
89.45000000	0.00000027	-0.00000002
89.50000000	0.00000006	0.00000011
89.55000000	0.00000026	-0.00000008
89.60000000	0.00000031	0.00000004
89.65000000	0.00000038	0.00000007
89.70000000	0.00000061	-0.00000010
89.75000000	0.00000048	0.00000012
89.80000000	0.00000055	0.00000010
89.85000000	0.00000074	-0.00000006
89.90000000	0.00000061	-0.00000009
89.95000000	0.00000067	-0.00000002
90.00000000	0.00000063	0.00000007
