-30.00000000	0.00000009	0.00000022
-29.95000000	-0.00000005	0.00000001
-29.90000000	-0.00000004	0.00000016
-29.85000000	-0.00000003	0.00000003
-29.80000000	-0.00000004	-0.00000006
-29.75000000	-0.00000011	0.00000003
-29.70000000	-0.00000004	0.00000025
-29.65000000	-0.00000012	-0.00000009
-29.60000000	-0.00000006	-0.00000001
-29.55000000	0.00000001	0.00000010
-29.50000000	0.00000003	0.00000002
-29.45000000	0.00000010	0.00000001
-29.40000000	0.00000009	-0.00000005
-29.35000000	0.00000016	0.00000012
-29.30000000	0.00000022	0.00000005
-29.25000000	0.00000028	0.00000010
-29.20000000	0.00000028	0.00000005
-29.15000000	0.00000035	0.00000014
-29.10000000	0.00000031	-0.00000005
-29.05000000	0.00000035	0.00000004
-29.00000000	0.00000025	0.00000001
-28.95000000	0.00000019	-0.00000007
-28.90000000	0.00000020	0.00000005
-28.85000000	0.00000000	-0.00000006
-28.80000000	-0.00000013	-0.00000016
-28.75000000	-0.00000010	-0.00000004
-28.70000000	-0.00000018	-0.00000012
-28.65000000	-0.00000017	-0.00000004
-28.60000000	-0.00000011	-0.00000002
-28.55000000	-0.00000001	0.00000016
-28.50000000	-0.00000002	-0.00000004
-28.45000000	-0.00000002	0.00000002
-28.40000000	0.00000004	-0.00000006
-28.35000000	0.00000023	0.00000006
-28.30000000	0.00000025	0.00000009
-28.25000000	0.00000034	0.00000004
-28.20000000	0.00000044	0.00000009
-28.15000000	0.00000031	0.00000000
-28.10000000	0.00000038	0.00000001
-28.05000000	0.00000032	-0.00000007
-28.00000000	0.00000031	-0.00000003
-27.95000000	0.00000039	0.00000010
-27.90000000	0.00000031	0.00000003
-27.85000000	0.00000023	-0.00000003
-27.80000000	0.00000019	-0.00000001
-27.75000000	0.00000017	0.00000003
-27.70000000	-0.00000007	-0.00000008
-27.65000000	0.00000004	0.00000008
-27.60000000	-0.00000015	-0.00000001
-27.55000000	-0.00000029	-0.00000008
-27.50000000	-0.00000014	0.00000001
-27.45000000	-0.00000017	0.00000004
-27.40000000	-0.00000039	-0.00000006
-27.35000000	-0.00000015	0.00000000
-27.30000000	-0.00000026	0.00000002
-27.25000000	-0.00000014	-0.00000002
-27.20000000	-0.00000010	-0.00000003
-27.15000000	0.00000007	0.00000008
-27.10000000	0.00000004	0.00000008
-27.05000000	0.00000038	0.00000012
-27.00000000	0.00000039	0.00000004
-26.95000000	0.00000054	0.00000000
-26.90000000	0.00000046	0.00000003
-26.85000000	0.00000068	-0.00000002
-26.80000000	0.00000038	0.00000004
-26.75000000	0.00000050	0.00000008
-26.70000000	0.00000031	0.00000008
-26.65000000	0.00000025	0.00000000
-26.60000000	0.00000020	0.00000001
-26.55000000	-0.00000006	0.00000001
-26.50000000	-0.00000009	0.00000002
-26.45000000	-0.00000004	0.00000007
-26.40000000	-0.00000023	0.00000002
-26.35000000	-0.00000031	0.00000003
-26.30000000	-0.00000036	0.00000001
-26.25000000	-0.00000036	-0.00000002
-26.20000000	-0.00000027	-0.00000005
-26.15000000	-0.00000019	-0.00000002
-26.10000000	-0.00000025	-0.00000001
-26.05000000	-0.00000031	0.00000006
-26.00000000	-0.00000022	0.00000004
-25.95000000	-0.00000010	0.00000003
-25.90000000	-0.00000005	0.00000001
-25.85000000	-0.00000004	0.00000011
-25.80000000	0.00000015	0.00000005
-25.75000000	0.00000012	0.00000004
-25.70000000	0.00000020	0.00000008
-25.65000000	0.00000020	-0.00000000
-25.60000000	0.00000024	0.00000010
-25.55000000	0.00000054	-0.00000006
-25.50000000	0.00000042	0.00000006
-25.45000000	0.00000047	-0.00000001
-25.40000000	0.00000047	0.00000006
-25.35000000	0.00000044	0.00000003
-25.30000000	0.00000031	0.00000007
-25.25000000	0.00000028	0.00000006
-25.20000000	0.00000015	0.00000011
-25.15000000	0.00000023	0.00000003
-25.10000000	0.00000021	0.00000005
-25.05000000	0.00000018	-0.00000003
-25.00000000	0.00000007	-0.00000002
-24.95000000	-0.00000009	0.00000005
-24.90000000	-0.00000016	0.00000006
-24.85000000	-0.00000012	-0.00000010
-24.80000000	-0.00000018	-0.00000003
-24.75000000	-0.00000019	-0.00000003
-24.70000000	-0.00000037	0.00000004
-24.65000000	-0.00000028	-0.00000001
-24.60000000	-0.00000021	-0.00000001
-24.55000000	-0.00000021	0.00000007
-24.50000000	-0.00000009	0.00000006
-24.45000000	0.00000005	0.00000003
-24.40000000	-0.00000001	0.00000020
-24.35000000	0.00000027	-0.00000000
-24.30000000	0.00000027	0.00000006
-24.25000000	0.00000035	-0.00000001
-24.20000000	0.00000032	0.00000010
-24.15000000	0.00000042	0.00000004
-24.10000000	0.00000059	-0.00000011
-24.05000000	0.00000041	0.00000008
-24.00000000	0.00000052	0.00000003
-23.95000000	0.00000057	-0.00000001
-23.90000000	0.00000046	0.00000008
-23.85000000	0.00000037	0.00000003
-23.80000000	0.00000030	0.00000000
-23.75000000	0.00000033	-0.00000017
-23.70000000	0.00000026	-0.00000005
-23.65000000	0.00000010	-0.00000001
-23.60000000	-0.00000005	0.00000006
-23.55000000	-0.00000009	0.00000002
-23.50000000	-0.00000014	-0.00000013
-23.45000000	-0.00000031	-0.00000005
-23.40000000	-0.00000039	0.00000001
-23.35000000	-0.00000036	-0.00000000
-23.30000000	-0.00000041	-0.00000001
-23.25000000	-0.00000043	0.00000001
-23.20000000	-0.00000031	0.00000015
-23.15000000	-0.00000019	0.00000009
-23.10000000	-0.00000004	-0.00000009
-23.05000000	-0.00000006	0.00000001
-23.00000000	0.00000016	0.00000016
-22.95000000	0.00000023	0.00000001
-22.90000000	0.00000025	-0.00000003
-22.85000000	0.00000030	0.00000003
-22.80000000	0.00000028	0.00000005
-22.75000000	0.00000020	-0.00000018
-22.70000000	0.00000031	-0.00000016
-22.65000000	0.00000027	0.00000010
-22.60000000	0.00000022	0.00000004
-22.55000000	0.00000031	0.00000020
-22.50000000	0.00000026	0.00000001
-22.45000000	0.00000029	-0.00000002
-22.40000000	0.00000026	0.00000002
-22.35000000	0.00000024	0.00000014
-22.30000000	0.00000021	0.00000005
-22.25000000	0.00000009	-0.00000006
-22.20000000	0.00000003	0.00000001
-22.15000000	-0.00000007	-0.00000007
-22.10000000	-0.00000007	0.00000004
-22.05000000	-0.00000005	-0.00000000
-22.00000000	-0.00000012	0.00000002
-21.95000000	-0.00000026	-0.00000005
-21.90000000	-0.00000015	0.00000006
-21.85000000	-0.00000024	0.00000005
-21.80000000	-0.00000021	-0.00000002
-21.75000000	-0.00000012	0.00000013
-21.70000000	-0.00000002	0.00000001
-21.65000000	0.00000004	0.00000006
-21.60000000	0.00000015	0.00000004
-21.55000000	0.00000027	0.00000006
-21.50000000	0.00000021	-0.00000007
-21.45000000	0.00000030	-0.00000007
-21.40000000	0.00000035	-0.00000007
-21.35000000	0.00000032	-0.00000004
-21.30000000	0.00000032	-0.00000005
-21.25000000	0.00000034	0.00000005
-21.20000000	0.00000030	0.00000003
-21.15000000	0.00000048	0.00000017
-21.10000000	0.00000038	0.00000002
-21.05000000	0.00000047	0.00000008
-21.00000000	0.00000030	0.00000003
-20.95000000	0.00000028	0.00000000
-20.90000000	0.00000035	0.00000014
-20.85000000	0.00000011	0.00000002
-20.80000000	-0.00000003	-0.00000008
-20.75000000	-0.00000013	-0.00000005
-20.70000000	-0.00000012	-0.00000007
-20.65000000	-0.00000006	0.00000000
-20.60000000	-0.00000009	0.00000000
-20.55000000	-0.00000014	0.00000001
-20.50000000	-0.00000024	-0.00000006
-20.45000000	-0.00000009	-0.00000002
-20.40000000	-0.00000007	-0.00000004
-20.35000000	0.00000008	0.00000006
-20.30000000	0.00000018	0.00000009
-20.25000000	0.00000020	0.00000007
-20.20000000	0.00000004	0.00000003
-20.15000000	0.00000026	0.00000001
-20.10000000	0.00000023	0.00000002
-20.05000000	-0.00000006	-0.00000004
-20.00000000	0.00000022	-0.00000003
-19.95000000	0.00000018	-0.00000003
-19.90000000	0.00000020	0.00000001
-19.85000000	0.00000032	0.00000003
-19.80000000	0.00000037	0.00000006
-19.75000000	0.00000015	0.00000002
-19.70000000	0.00000003	-0.00000003
-19.65000000	0.00000010	0.00000001
-19.60000000	0.00000014	0.00000000
-19.55000000	0.00000006	-0.00000000
-19.50000000	0.00000008	0.00000004
-19.45000000	0.00000000	-0.00000000
-19.40000000	0.00000001	-0.00000003
-19.35000000	0.00000010	-0.00000002
-19.30000000	0.00000004	0.00000001
-19.25000000	0.00000012	0.00000001
-19.20000000	-0.00000001	0.00000005
-19.15000000	-0.00000003	0.00000003
-19.10000000	-0.00000000	0.00000005
-19.05000000	-0.00000009	0.00000003
-19.00000000	-0.00000011	0.00000001
-18.95000000	-0.00000009	0.00000001
-18.90000000	-0.00000039	0.00000010
-18.85000000	-0.00000023	0.00000001
-18.80000000	-0.00000022	-0.00000003
-18.75000000	-0.00000041	0.00000000
-18.70000000	-0.00000027	0.00000004
-18.65000000	-0.00000018	-0.00000000
-18.60000000	-0.00000011	0.00000007
-18.55000000	-0.00000010	0.00000010
-18.50000000	0.00000023	-0.00000006
-18.45000000	0.00000030	0.00000001
-18.40000000	0.00000039	0.00000007
-18.35000000	0.00000050	0.00000007
-18.30000000	0.00000060	0.00000004
-18.25000000	0.00000072	0.00000000
-18.20000000	0.00000063	0.00000010
-18.15000000	0.00000079	-0.00000005
-18.10000000	0.00000063	0.00000001
-18.05000000	0.00000055	-0.00000005
-18.00000000	0.00000062	-0.00000010
-17.95000000	0.00000040	0.00000003
-17.90000000	0.00000034	-0.00000004
-17.85000000	0.00000008	-0.00000005
-17.80000000	-0.00000009	-0.00000010
-17.75000000	-0.00000015	-0.00000014
-17.70000000	-0.00000050	0.00000006
-17.65000000	-0.00000060	-0.00000001
-17.60000000	-0.00000066	0.00000008
-17.55000000	-0.00000066	-0.00000000
-17.50000000	-0.00000076	0.00000017
-17.45000000	-0.00000057	-0.00000006
-17.40000000	-0.00000058	-0.00000007
-17.35000000	-0.00000053	0.00000003
-17.30000000	-0.00000045	0.00000007
-17.25000000	-0.00000022	-0.00000000
-17.20000000	-0.00000003	0.00000002
-17.15000000	0.00000028	0.00000004
-17.10000000	0.00000064	-0.00000001
-17.05000000	0.00000086	0.00000001
-17.00000000	0.00000103	0.00000008
-16.95000000	0.00000123	0.00000005
-16.90000000	0.00000129	0.00000007
-16.85000000	0.00000131	0.00000003
-16.80000000	0.00000128	-0.00000019
-16.75000000	0.00000096	-0.00000006
-16.70000000	0.00000075	0.00000008
-16.65000000	0.00000058	-0.00000002
-16.60000000	0.00000026	-0.00000001
-16.55000000	0.00000005	-0.00000010
-16.50000000	-0.00000025	-0.00000003
-16.45000000	-0.00000039	-0.00000025
-16.40000000	-0.00000060	-0.00000008
-16.35000000	-0.00000071	-0.00000000
-16.30000000	-0.00000090	0.00000013
-16.25000000	-0.00000106	0.00000001
-16.20000000	-0.00000100	-0.00000001
-16.15000000	-0.00000105	0.00000003
-16.10000000	-0.00000092	-0.00000007
-16.05000000	-0.00000074	0.00000007
-16.00000000	-0.00000054	0.00000024
-15.95000000	-0.00000025	-0.00000004
-15.90000000	-0.00000004	0.00000001
-15.85000000	0.00000030	0.00000006
-15.80000000	0.00000061	0.00000011
-15.75000000	0.00000089	0.00000001
-15.70000000	0.00000114	0.00000007
-15.65000000	0.00000133	0.00000014
-15.60000000	0.00000146	0.00000007
-15.55000000	0.00000143	0.00000006
-15.50000000	0.00000134	-0.00000001
-15.45000000	0.00000105	-0.00000011
-15.40000000	0.00000064	-0.00000003
-15.35000000	0.00000025	-0.00000005
-15.30000000	-0.00000032	-0.00000004
-15.25000000	-0.00000084	-0.00000006
-15.20000000	-0.00000125	0.00000007
-15.15000000	-0.00000154	0.00000008
-15.10000000	-0.00000172	-0.00000011
-15.05000000	-0.00000167	0.00000004
-15.00000000	-0.00000138	0.00000008
-14.95000000	-0.00000115	0.00000003
-14.90000000	-0.00000074	-0.00000006
-14.85000000	-0.00000007	0.00000006
-14.80000000	0.00000039	0.00000012
-14.75000000	0.00000069	-0.00000004
-14.70000000	0.00000107	0.00000000
-14.65000000	0.00000143	-0.00000006
-14.60000000	0.00000164	-0.00000003
-14.55000000	0.00000191	0.00000002
-14.50000000	0.00000192	0.00000008
-14.45000000	0.00000181	-0.00000011
-14.40000000	0.00000189	0.00000016
-14.35000000	0.00000137	0.00000004
-14.30000000	0.00000101	0.00000004
-14.25000000	0.00000050	-0.00000002
-14.20000000	0.00000001	-0.00000006
-14.15000000	-0.00000024	0.00000004
-14.10000000	-0.00000080	-0.00000003
-14.05000000	-0.00000104	0.00000004
-14.00000000	-0.00000137	-0.00000002
-13.95000000	-0.00000163	-0.00000004
-13.90000000	-0.00000185	0.00000001
-13.85000000	-0.00000193	0.00000004
-13.80000000	-0.00000213	0.00000002
-13.75000000	-0.00000191	0.00000008
-13.70000000	-0.00000155	0.00000010
-13.65000000	-0.00000123	0.00000007
-13.60000000	-0.00000066	0.00000003
-13.55000000	-0.00000017	-0.00000006
-13.50000000	0.00000080	-0.00000001
-13.45000000	0.00000152	-0.00000002
-13.40000000	0.00000218	-0.00000003
-13.35000000	0.00000269	0.00000002
-13.30000000	0.00000278	0.00000000
-13.25000000	0.00000264	-0.00000001
-13.20000000	0.00000254	0.00000001
-13.15000000	0.00000223	0.00000000
-13.10000000	0.00000178	0.00000003
-13.05000000	0.00000105	-0.00000002
-13.00000000	0.00000063	0.00000006
-12.95000000	0.00000018	0.00000004
-12.90000000	-0.00000052	-0.00000001
-12.85000000	-0.00000090	-0.00000000
-12.80000000	-0.00000118	0.00000010
-12.75000000	-0.00000155	0.00000005
-12.70000000	-0.00000170	0.00000013
-12.65000000	-0.00000184	-0.00000008
-12.60000000	-0.00000171	0.00000001
-12.55000000	-0.00000143	0.00000003
-12.50000000	-0.00000134	0.00000003
-12.45000000	-0.00000100	0.00000004
-12.40000000	-0.00000082	-0.00000000
-12.35000000	-0.00000075	0.00000002
-12.30000000	-0.00000032	-0.00000004
-12.25000000	-0.00000021	0.00000003
-12.20000000	0.00000015	-0.00000003
-12.15000000	0.00000026	0.00000000
-12.10000000	0.00000080	-0.00000002
-12.05000000	0.00000111	-0.00000001
-12.00000000	0.00000137	-0.00000003
-11.95000000	0.00000165	-0.00000001
-11.90000000	0.00000171	0.00000008
-11.85000000	0.00000190	-0.00000002
-11.80000000	0.00000186	-0.00000003
-11.75000000	0.00000162	-0.00000002
-11.70000000	0.00000149	-0.00000006
-11.65000000	0.00000118	-0.00000014
-11.60000000	0.00000068	-0.00000001
-11.55000000	0.00000043	0.00000000
-11.50000000	-0.00000002	0.00000018
-11.45000000	-0.00000014	-0.00000005
-11.40000000	-0.00000068	0.00000004
-11.35000000	-0.00000091	-0.00000003
-11.30000000	-0.00000129	-0.00000010
-11.25000000	-0.00000175	-0.00000000
-11.20000000	-0.00000197	-0.00000004
-11.15000000	-0.00000196	-0.00000005
-11.10000000	-0.00000185	-0.00000009
-11.05000000	-0.00000169	0.00000009
-11.00000000	-0.00000128	0.00000003
-10.95000000	-0.00000085	0.00000016
-10.90000000	-0.00000033	-0.00000003
-10.85000000	0.00000002	0.00000005
-10.80000000	0.00000042	0.00000003
-10.75000000	0.00000071	0.00000011
-10.70000000	0.00000097	0.00000007
-10.65000000	0.00000116	0.00000008
-10.60000000	0.00000137	0.00000000
-10.55000000	0.00000160	-0.00000009
-10.50000000	0.00000172	0.00000005
-10.45000000	0.00000190	-0.00000009
-10.40000000	0.00000189	-0.00000001
-10.35000000	0.00000186	-0.00000016
-10.30000000	0.00000165	-0.00000004
-10.25000000	0.00000135	-0.00000001
-10.20000000	0.00000107	0.00000002
-10.15000000	0.00000063	0.00000005
-10.10000000	0.00000032	-0.00000004
-10.05000000	-0.00000010	0.00000002
-10.00000000	-0.00000054	0.00000005
-9.95000000	-0.00000105	0.00000002
-9.90000000	-0.00000141	0.00000006
-9.85000000	-0.00000175	-0.00000013
-9.80000000	-0.00000202	-0.00000001
-9.75000000	-0.00000225	0.00000010
-9.70000000	-0.00000214	0.00000009
-9.65000000	-0.00000181	0.00000003
-9.60000000	-0.00000126	0.00000009
-9.55000000	-0.00000057	-0.00000007
-9.50000000	0.00000004	0.00000019
-9.45000000	0.00000062	0.00000001
-9.40000000	0.00000097	-0.00000002
-9.35000000	0.00000128	-0.00000010
-9.30000000	0.00000135	0.00000001
-9.25000000	0.00000134	-0.00000021
-9.20000000	0.00000125	0.00000001
-9.15000000	0.00000113	-0.00000003
-9.10000000	0.00000107	0.00000005
-9.05000000	0.00000116	0.00000003
-9.00000000	0.00000119	0.00000004
-8.95000000	0.00000124	0.00000012
-8.90000000	0.00000117	-0.00000012
-8.85000000	0.00000103	-0.00000005
-8.80000000	0.00000084	-0.00000017
-8.75000000	0.00000052	-0.00000004
-8.70000000	0.00000013	0.00000008
-8.65000000	-0.00000023	0.00000022
-8.60000000	-0.00000057	0.00000010
-8.55000000	-0.00000087	-0.00000004
-8.50000000	-0.00000118	-0.00000013
-8.45000000	-0.00000129	0.00000003
-8.40000000	-0.00000149	0.00000007
-8.35000000	-0.00000151	0.00000024
-8.30000000	-0.00000153	-0.00000003
-8.25000000	-0.00000141	-0.00000000
-8.20000000	-0.00000110	0.00000005
-8.15000000	-0.00000088	-0.00000014
-8.10000000	-0.00000032	0.00000015
-8.05000000	0.00000006	-0.00000000
-8.00000000	0.00000049	0.00000002
-7.95000000	0.00000089	0.00000007
-7.90000000	0.00000113	0.00000007
-7.85000000	0.00000117	-0.00000008
-7.80000000	0.00000124	0.00000017
-7.75000000	0.00000112	0.00000009
-7.70000000	0.00000097	0.00000009
-7.65000000	0.00000096	0.00000010
-7.60000000	0.00000081	-0.00000010
-7.55000000	0.00000077	-0.00000012
-7.50000000	0.00000069	0.00000001
-7.45000000	0.00000056	-0.00000006
-7.40000000	0.00000046	0.00000004
-7.35000000	0.00000032	-0.00000003
-7.30000000	-0.00000001	0.00000003
-7.25000000	-0.00000038	-0.00000008
-7.20000000	-0.00000061	0.00000005
-7.15000000	-0.00000094	-0.00000008
-7.10000000	-0.00000104	-0.00000005
-7.05000000	-0.00000102	-0.00000009
-7.00000000	-0.00000085	0.00000007
-6.95000000	-0.00000069	0.00000004
-6.90000000	-0.00000051	0.00000001
-6.85000000	-0.00000040	-0.00000002
-6.80000000	-0.00000011	0.00000001
-6.75000000	0.00000007	0.00000002
-6.70000000	0.00000026	0.00000001
-6.65000000	0.00000028	-0.00000005
-6.60000000	0.00000049	0.00000004
-6.55000000	0.00000055	0.00000000
-6.50000000	0.00000056	-0.00000002
-6.45000000	0.00000087	0.00000013
-6.40000000	0.00000067	-0.00000002
-6.35000000	0.00000084	0.00000003
-6.30000000	0.00000058	0.00000002
-6.25000000	0.00000058	0.00000002
-6.20000000	0.00000023	-0.00000004
-6.15000000	0.00000047	0.00000007
-6.10000000	0.00000010	-0.00000005
-6.05000000	0.00000044	0.00000011
-6.00000000	0.00000036	-0.00000002
-5.95000000	0.00000031	-0.00000002
-5.90000000	0.00000038	0.00000002
-5.85000000	0.00000030	-0.00000003
-5.80000000	0.00000018	-0.00000002
-5.75000000	0.00000017	0.00000007
-5.70000000	0.00000005	0.00000000
-5.65000000	-0.00000006	0.00000008
-5.60000000	-0.00000040	0.00000001
-5.55000000	-0.00000049	0.00000003
-5.50000000	-0.00000052	0.00000003
-5.45000000	-0.00000053	0.00000003
-5.40000000	-0.00000063	0.00000004
-5.35000000	-0.00000058	0.00000001
-5.30000000	-0.00000038	0.00000003
-5.25000000	-0.00000050	0.00000005
-5.20000000	-0.00000044	0.00000001
-5.15000000	-0.00000014	0.00000000
-5.10000000	0.00000016	-0.00000001
-5.05000000	0.00000022	-0.00000002
-5.00000000	0.00000040	-0.00000002
-4.95000000	0.00000081	0.00000000
-4.90000000	0.00000077	-0.00000007
-4.85000000	0.00000098	-0.00000004
-4.80000000	0.00000117	-0.00000004
-4.75000000	0.00000097	0.00000004
-4.70000000	0.00000100	0.00000004
-4.65000000	0.00000093	0.00000001
-4.60000000	0.00000074	0.00000008
-4.55000000	0.00000073	-0.00000001
-4.50000000	0.00000049	0.00000003
-4.45000000	0.00000034	0.00000000
-4.40000000	0.00000003	0.00000005
-4.35000000	-0.00000005	-0.00000002
-4.30000000	-0.00000057	0.00000012
-4.25000000	-0.00000085	0.00000010
-4.20000000	-0.00000116	0.00000008
-4.15000000	-0.00000145	0.00000006
-4.10000000	-0.00000174	-0.00000001
-4.05000000	-0.00000187	0.00000003
-4.00000000	-0.00000183	-0.00000004
-3.95000000	-0.00000163	-0.00000009
-3.90000000	-0.00000132	-0.00000006
-3.85000000	-0.00000093	-0.00000002
-3.80000000	-0.00000054	0.00000000
-3.75000000	0.00000002	0.00000004
-3.70000000	0.00000047	0.00000000
-3.65000000	0.00000086	0.00000004
-3.60000000	0.00000136	0.00000003
-3.55000000	0.00000170	0.00000006
-3.50000000	0.00000212	0.00000001
-3.45000000	0.00000247	-0.00000005
-3.40000000	0.00000252	0.00000011
-3.35000000	0.00000266	-0.00000006
-3.30000000	0.00000271	-0.00000010
-3.25000000	0.00000240	-0.00000003
-3.20000000	0.00000185	0.00000021
-3.15000000	0.00000135	-0.00000018
-3.10000000	0.00000068	0.00000006
-3.05000000	0.00000006	-0.00000008
-3.00000000	-0.00000047	-0.00000002
-2.95000000	-0.00000116	0.00000009
-2.90000000	-0.00000157	-0.00000005
-2.85000000	-0.00000205	0.00000009
-2.80000000	-0.00000242	0.00000010
-2.75000000	-0.00000266	-0.00000005
-2.70000000	-0.00000301	0.00000003
-2.65000000	-0.00000308	0.00000007
-2.60000000	-0.00000306	0.00000003
-2.55000000	-0.00000273	0.00000001
-2.50000000	-0.00000221	0.00000005
-2.45000000	-0.00000129	-0.00000013
-2.40000000	-0.00000047	0.00000014
-2.35000000	0.00000060	0.00000003
-2.30000000	0.00000161	0.00000005
-2.25000000	0.00000249	0.00000010
-2.20000000	0.00000327	-0.00000008
-2.15000000	0.00000358	0.00000006
-2.10000000	0.00000381	0.00000001
-2.05000000	0.00000370	-0.00000008
-2.00000000	0.00000350	-0.00000011
-1.95000000	0.00000326	0.00000011
-1.90000000	0.00000260	-0.00000022
-1.85000000	0.00000197	0.00000019
-1.80000000	0.00000114	-0.00000011
-1.75000000	0.00000021	-0.00000005
-1.70000000	-0.00000064	-0.00000001
-1.65000000	-0.00000146	0.00000003
-1.60000000	-0.00000217	-0.00000007
-1.55000000	-0.00000275	0.00000014
-1.50000000	-0.00000305	0.00000011
-1.45000000	-0.00000313	0.00000011
-1.40000000	-0.00000303	0.00000006
-1.35000000	-0.00000273	0.00000005
-1.30000000	-0.00000245	-0.00000002
-1.25000000	-0.00000197	-0.00000003
-1.20000000	-0.00000148	0.00000011
-1.15000000	-0.00000092	0.00000009
-1.10000000	-0.00000047	0.00000013
-1.05000000	0.00000010	-0.00000002
-1.00000000	0.00000060	-0.00000012
-0.95000000	0.00000122	-0.00000001
-0.90000000	0.00000179	-0.00000004
-0.85000000	0.00000229	-0.00000011
-0.80000000	0.00000255	-0.00000018
-0.75000000	0.00000299	-0.00000004
-0.70000000	0.00000299	0.00000003
-0.65000000	0.00000272	-0.00000003
-0.60000000	0.00000245	0.00000001
-0.55000000	0.00000203	-0.00000006
-0.50000000	0.00000149	-0.00000010
-0.45000000	0.00000088	-0.00000013
-0.40000000	0.00000051	0.00000007
-0.35000000	-0.00000014	-0.00000003
-0.30000000	-0.00000064	0.00000006
-0.25000000	-0.00000125	-0.00000001
-0.20000000	-0.00000176	-0.00000003
-0.15000000	-0.00000220	-0.00000007
-0.10000000	-0.00000236	0.00000006
-0.05000000	-0.00000260	0.00000012
0.00000000	-0.00000272	0.00000005
0.05000000	-0.00000269	0.00000001
0.10000000	-0.00000214	0.00000016
0.15000000	-0.00000193	-0.00000000
0.20000000	-0.00000135	0.00000002
0.25000000	-0.00000063	0.00000010
0.30000000	0.00000003	0.00000002
0.35000000	0.00000047	0.00000001
0.40000000	0.00000113	0.00000005
0.45000000	0.00000157	-0.00000001
0.50000000	0.00000194	0.00000003
0.55000000	0.00000209	0.00000002
0.60000000	0.00000228	0.00000001
0.65000000	0.00000262	-0.00000002
0.70000000	0.00000257	0.00000002
0.75000000	0.00000252	-0.00000008
0.80000000	0.00000253	-0.00000004
0.85000000	0.00000228	-0.00000007
0.90000000	0.00000184	-0.00000006
0.95000000	0.00000133	-0.00000001
1.00000000	0.00000076	-0.00000003
1.05000000	0.00000032	-0.00000003
1.10000000	-0.00000042	0.00000003
1.15000000	-0.00000077	-0.00000000
1.20000000	-0.00000150	0.00000000
1.25000000	-0.00000222	-0.00000003
1.30000000	-0.00000279	0.00000004
1.35000000	-0.00000301	0.00000007
1.40000000	-0.00000304	0.00000007
1.45000000	-0.00000285	0.00000005
1.50000000	-0.00000279	0.00000005
1.55000000	-0.00000221	0.00000011
1.60000000	-0.00000150	0.00000002
1.65000000	-0.00000072	0.00000003
1.70000000	0.00000010	0.00000002
1.75000000	0.00000116	-0.00000007
1.80000000	0.00000183	0.00000000
1.85000000	0.00000227	0.00000000
1.90000000	0.00000273	-0.00000005
1.95000000	0.00000284	0.00000002
2.00000000	0.00000275	-0.00000009
2.05000000	0.00000252	0.00000003
2.10000000	0.00000237	-0.00000006
2.15000000	0.00000193	-0.00000005
2.20000000	0.00000166	0.00000003
2.25000000	0.00000143	-0.00000002
2.30000000	0.00000111	-0.00000003
2.35000000	0.00000063	0.00000002
2.40000000	0.00000023	-0.00000001
2.45000000	-0.00000024	-0.00000001
2.50000000	-0.00000068	-0.00000012
2.55000000	-0.00000131	-0.00000009
2.60000000	-0.00000180	0.00000000
2.65000000	-0.00000209	0.00000000
2.70000000	-0.00000227	0.00000000
2.75000000	-0.00000242	0.00000009
2.80000000	-0.00000245	0.00000008
2.85000000	-0.00000199	-0.00000010
2.90000000	-0.00000195	0.00000003
2.95000000	-0.00000151	0.00000003
3.00000000	-0.00000114	0.00000016
3.05000000	-0.00000050	-0.00000002
3.10000000	0.00000010	-0.00000002
3.15000000	0.00000075	-0.00000003
3.20000000	0.00000128	0.00000015
3.25000000	0.00000183	0.00000005
3.30000000	0.00000225	0.00000001
3.35000000	0.00000253	-0.00000011
3.40000000	0.00000255	-0.00000003
3.45000000	0.00000247	-0.00000003
3.50000000	0.00000227	-0.00000017
3.55000000	0.00000184	-0.00000001
3.60000000	0.00000150	-0.00000014
3.65000000	0.00000101	-0.00000009
3.70000000	0.00000062	-0.00000003
3.75000000	0.00000024	-0.00000013
3.80000000	-0.00000019	-0.00000017
3.85000000	-0.00000065	0.00000008
3.90000000	-0.00000106	-0.00000001
3.95000000	-0.00000141	-0.00000005
4.00000000	-0.00000177	0.00000008
4.05000000	-0.00000199	0.00000014
4.10000000	-0.00000207	0.00000013
4.15000000	-0.00000212	0.00000023
4.20000000	-0.00000190	0.00000016
4.25000000	-0.00000162	-0.00000001
4.30000000	-0.00000121	0.00000028
4.35000000	-0.00000064	0.00000014
4.40000000	-0.00000007	-0.00000002
4.45000000	0.00000039	-0.00000009
4.50000000	0.00000098	0.00000010
4.55000000	0.00000136	-0.00000004
4.60000000	0.00000180	0.00000010
4.65000000	0.00000202	0.00000002
4.70000000	0.00000215	0.00000007
4.75000000	0.00000220	-0.00000002
4.80000000	0.00000206	0.00000004
4.85000000	0.00000186	-0.00000014
4.90000000	0.00000156	-0.00000006
4.95000000	0.00000117	0.00000007
5.00000000	0.00000081	-0.00000006
5.05000000	0.00000038	0.00000001
5.10000000	-0.00000002	-0.00000005
5.15000000	-0.00000027	-0.00000003
5.20000000	-0.00000064	-0.00000018
5.25000000	-0.00000084	0.00000002
5.30000000	-0.00000115	-0.00000010
5.35000000	-0.00000121	0.00000011
5.40000000	-0.00000142	-0.00000003
5.45000000	-0.00000145	0.00000016
5.50000000	-0.00000141	0.00000008
5.55000000	-0.00000135	0.00000013
5.60000000	-0.00000130	0.00000009
5.65000000	-0.00000107	-0.00000009
5.70000000	-0.00000069	0.00000021
5.75000000	-0.00000053	-0.00000002
5.80000000	-0.00000011	0.00000001
5.85000000	0.00000020	0.00000000
5.90000000	0.00000063	0.00000008
5.95000000	0.00000104	0.00000014
6.00000000	0.00000112	0.00000001
6.05000000	0.00000136	-0.00000005
6.10000000	0.00000154	-0.00000005
6.15000000	0.00000162	-0.00000002
6.20000000	0.00000163	0.00000004
6.25000000	0.00000170	-0.00000000
6.30000000	0.00000152	-0.00000004
6.35000000	0.00000149	0.00000004
6.40000000	0.00000115	-0.00000006
6.45000000	0.00000077	-0.00000006
6.50000000	0.00000045	0.00000003
6.55000000	0.00000015	-0.00000006
6.60000000	-0.00000011	0.00000013
6.65000000	-0.00000066	0.00000006
6.70000000	-0.00000113	-0.00000003
6.75000000	-0.00000142	0.00000004
6.80000000	-0.00000150	0.00000007
6.85000000	-0.00000169	0.00000006
6.90000000	-0.00000171	0.00000007
6.95000000	-0.00000160	0.00000010
7.00000000	-0.00000162	0.00000004
7.05000000	-0.00000158	0.00000000
7.10000000	-0.00000128	0.00000012
7.15000000	-0.00000098	0.00000014
7.20000000	-0.00000064	0.00000009
7.25000000	-0.00000029	0.00000008
7.30000000	0.00000031	0.00000006
7.35000000	0.00000079	0.00000001
7.40000000	0.00000111	-0.00000005
7.45000000	0.00000167	0.00000001
7.50000000	0.00000205	-0.00000000
7.55000000	0.00000212	-0.00000008
7.60000000	0.00000231	0.00000007
7.65000000	0.00000227	0.00000004
7.70000000	0.00000198	-0.00000000
7.75000000	0.00000185	-0.00000001
7.80000000	0.00000174	-0.00000005
7.85000000	0.00000151	-0.00000004
7.90000000	0.00000119	-0.00000002
7.95000000	0.00000067	0.00000002
8.00000000	0.00000029	-0.00000001
8.05000000	-0.00000036	0.00000003
8.10000000	-0.00000081	-0.00000000
8.15000000	-0.00000129	0.00000005
8.20000000	-0.00000174	0.00000009
8.25000000	-0.00000207	0.00000006
8.30000000	-0.00000202	0.00000010
8.35000000	-0.00000207	0.00000002
8.40000000	-0.00000189	0.00000005
8.45000000	-0.00000177	0.00000004
8.50000000	-0.00000161	0.00000005
8.55000000	-0.00000154	0.00000000
8.60000000	-0.00000131	0.00000007
8.65000000	-0.00000093	0.00000000
8.70000000	-0.00000053	-0.00000001
8.75000000	-0.00000003	0.00000008
8.80000000	0.00000080	-0.00000002
8.85000000	0.00000144	0.00000004
8.90000000	0.00000219	-0.00000004
8.95000000	0.00000270	0.00000001
9.00000000	0.00000305	-0.00000002
9.05000000	0.00000336	-0.00000008
9.10000000	0.00000319	-0.00000008
9.15000000	0.00000280	-0.00000006
9.20000000	0.00000233	-0.00000004
9.25000000	0.00000176	-0.00000003
9.30000000	0.00000120	-0.00000007
9.35000000	0.00000039	-0.00000001
9.40000000	-0.00000021	0.00000002
9.45000000	-0.00000072	-0.00000004
9.50000000	-0.00000153	-0.00000005
9.55000000	-0.00000205	-0.00000002
9.60000000	-0.00000267	0.00000006
9.65000000	-0.00000296	0.00000015
9.70000000	-0.00000312	0.00000013
9.75000000	-0.00000298	0.00000003
9.80000000	-0.00000270	0.00000015
9.85000000	-0.00000206	-0.00000003
9.90000000	-0.00000160	0.00000011
9.95000000	-0.00000091	0.00000015
10.00000000	-0.00000017	0.00000007
10.05000000	0.00000042	-0.00000004
10.10000000	0.00000098	0.00000004
10.15000000	0.00000151	0.00000009
10.20000000	0.00000191	0.00000003
10.25000000	0.00000227	-0.00000006
10.30000000	0.00000256	0.00000008
10.35000000	0.00000283	-0.00000017
10.40000000	0.00000276	-0.00000009
10.45000000	0.00000263	-0.00000009
10.50000000	0.00000231	-0.00000001
10.55000000	0.00000184	0.00000001
10.60000000	0.00000128	0.00000004
10.65000000	0.00000072	-0.00000015
10.70000000	-0.00000003	0.00000017
10.75000000	-0.00000054	-0.00000004
10.80000000	-0.00000100	0.00000007
10.85000000	-0.00000138	-0.00000008
10.90000000	-0.00000172	-0.00000009
10.95000000	-0.00000199	0.00000015
11.00000000	-0.00000230	-0.00000001
11.05000000	-0.00000239	-0.00000002
11.10000000	-0.00000238	0.00000021
11.15000000	-0.00000233	-0.00000002
11.20000000	-0.00000197	0.00000003
11.25000000	-0.00000150	-0.00000017
11.30000000	-0.00000093	0.00000012
11.35000000	-0.00000030	0.00000006
11.40000000	0.00000043	0.00000006
11.45000000	0.00000099	0.00000005
11.50000000	0.00000147	-0.00000004
11.55000000	0.00000179	0.00000002
11.60000000	0.00000202	-0.00000007
11.65000000	0.00000212	-0.00000006
11.70000000	0.00000218	-0.00000010
11.75000000	0.00000212	0.00000005
11.80000000	0.00000206	-0.00000015
11.85000000	0.00000198	-0.00000013
11.90000000	0.00000181	0.00000001
11.95000000	0.00000157	0.00000001
12.00000000	0.00000120	-0.00000015
12.05000000	0.00000069	-0.00000021
12.10000000	0.00000042	0.00000003
12.15000000	-0.00000011	0.00000004
12.20000000	-0.00000058	0.00000009
12.25000000	-0.00000119	-0.00000010
12.30000000	-0.00000148	0.00000008
12.35000000	-0.00000179	0.00000006
12.40000000	-0.00000201	0.00000015
12.45000000	-0.00000216	0.00000011
12.50000000	-0.00000228	0.00000018
12.55000000	-0.00000222	0.00000013
12.60000000	-0.00000202	0.00000008
12.65000000	-0.00000174	0.00000001
12.70000000	-0.00000124	-0.00000006
12.75000000	-0.00000059	0.00000003
12.80000000	0.00000003	0.00000002
12.85000000	0.00000074	-0.00000003
12.90000000	0.00000152	0.00000012
12.95000000	0.00000190	-0.00000005
13.00000000	0.00000239	-0.00000001
13.05000000	0.00000257	-0.00000002
13.10000000	0.00000275	0.00000001
13.15000000	0.00000243	-0.00000013
13.20000000	0.00000218	-0.00000010
13.25000000	0.00000184	-0.00000007
13.30000000	0.00000136	-0.00000008
13.35000000	0.00000107	0.00000004
13.40000000	0.00000031	-0.00000003
13.45000000	0.00000005	0.00000002
13.50000000	-0.00000032	0.00000001
13.55000000	-0.00000082	0.00000001
13.60000000	-0.00000105	-0.00000001
13.65000000	-0.00000131	0.00000000
13.70000000	-0.00000159	0.00000009
13.75000000	-0.00000192	0.00000003
13.80000000	-0.00000184	0.00000008
13.85000000	-0.00000195	-0.00000002
13.90000000	-0.00000181	0.00000010
13.95000000	-0.00000176	0.00000009
14.00000000	-0.00000145	0.00000003
14.05000000	-0.00000107	0.00000004
14.10000000	-0.00000058	0.00000006
14.15000000	-0.00000016	0.00000007
14.20000000	0.00000044	0.00000007
14.25000000	0.00000074	-0.00000002
14.30000000	0.00000141	-0.00000003
14.35000000	0.00000156	0.00000001
14.40000000	0.00000200	-0.00000001
14.45000000	0.00000230	-0.00000004
14.50000000	0.00000253	-0.00000004
14.55000000	0.00000242	-0.00000009
14.60000000	0.00000208	-0.00000001
14.65000000	0.00000180	-0.00000007
14.70000000	0.00000125	-0.00000005
14.75000000	0.00000095	-0.00000011
14.80000000	0.00000018	0.00000002
14.85000000	-0.00000045	0.00000005
14.90000000	-0.00000089	0.00000009
14.95000000	-0.00000134	0.00000004
15.00000000	-0.00000159	0.00000001
15.05000000	-0.00000178	0.00000010
15.10000000	-0.00000177	0.00000011
15.15000000	-0.00000184	0.00000012
15.20000000	-0.00000154	-0.00000007
15.25000000	-0.00000148	0.00000005
15.30000000	-0.00000120	0.00000005
15.35000000	-0.00000115	0.00000015
15.40000000	-0.00000086	0.00000009
15.45000000	-0.00000041	0.00000009
15.50000000	0.00000018	0.00000000
15.55000000	0.00000048	0.00000018
15.60000000	0.00000113	-0.00000000
15.65000000	0.00000147	-0.00000001
15.70000000	0.00000185	-0.00000002
15.75000000	0.00000215	-0.00000009
15.80000000	0.00000230	-0.00000016
15.85000000	0.00000210	-0.00000012
15.90000000	0.00000180	0.00000002
15.95000000	0.00000151	-0.00000009
16.00000000	0.00000126	-0.00000014
16.05000000	0.00000086	-0.00000004
16.10000000	0.00000042	0.00000005
16.15000000	0.00000007	-0.00000010
16.20000000	-0.00000032	0.00000001
16.25000000	-0.00000060	-0.00000015
16.30000000	-0.00000100	0.00000002
16.35000000	-0.00000134	0.00000014
16.40000000	-0.00000132	-0.00000006
16.45000000	-0.00000145	0.00000005
16.50000000	-0.00000160	0.00000009
16.55000000	-0.00000148	-0.00000002
16.60000000	-0.00000131	-0.00000000
16.65000000	-0.00000119	0.00000007
16.70000000	-0.00000091	0.00000013
16.75000000	-0.00000051	0.00000004
16.80000000	-0.00000024	-0.00000005
16.85000000	0.00000008	0.00000012
16.90000000	0.00000043	0.00000014
16.95000000	0.00000074	0.00000010
17.00000000	0.00000110	-0.00000001
17.05000000	0.00000140	-0.00000016
17.10000000	0.00000160	-0.00000015
17.15000000	0.00000169	-0.00000004
17.20000000	0.00000163	0.00000003
17.25000000	0.00000159	-0.00000021
17.30000000	0.00000135	0.00000005
17.35000000	0.00000112	-0.00000003
17.40000000	0.00000077	-0.00000001
17.45000000	0.00000054	-0.00000002
17.50000000	0.00000023	-0.00000008
17.55000000	0.00000000	0.00000002
17.60000000	-0.00000022	-0.00000019
17.65000000	-0.00000043	0.00000003
17.70000000	-0.00000062	0.00000011
17.75000000	-0.00000082	-0.00000010
17.80000000	-0.00000095	-0.00000009
17.85000000	-0.00000114	0.00000020
17.90000000	-0.00000125	0.00000003
17.95000000	-0.00000120	0.00000016
18.00000000	-0.00000122	0.00000014
18.05000000	-0.00000111	0.00000011
18.10000000	-0.00000084	-0.00000001
18.15000000	-0.00000059	0.00000005
18.20000000	-0.00000032	-0.00000002
18.25000000	-0.00000005	0.00000016
18.30000000	0.00000026	0.00000009
18.35000000	0.00000050	0.00000005
18.40000000	0.00000065	0.00000009
18.45000000	0.00000084	-0.00000008
18.50000000	0.00000103	0.00000002
18.55000000	0.00000124	-0.00000013
18.60000000	0.00000150	0.00000007
18.65000000	0.00000160	0.00000006
18.70000000	0.00000158	-0.00000008
18.75000000	0.00000148	-0.00000001
18.80000000	0.00000132	-0.00000008
18.85000000	0.00000106	0.00000019
18.90000000	0.00000058	-0.00000007
18.95000000	0.00000022	-0.00000009
19.00000000	-0.00000008	-0.00000007
19.05000000	-0.00000030	-0.00000008
19.10000000	-0.00000043	-0.00000006
19.15000000	-0.00000059	0.00000000
19.20000000	-0.00000063	0.00000015
19.25000000	-0.00000084	0.00000004
19.30000000	-0.00000095	0.00000014
19.35000000	-0.00000098	0.00000005
19.40000000	-0.00000109	0.00000004
19.45000000	-0.00000101	0.00000005
19.50000000	-0.00000094	-0.00000010
19.55000000	-0.00000050	0.00000014
19.60000000	-0.00000035	0.00000007
19.65000000	-0.00000010	0.00000014
19.70000000	0.00000018	-0.00000002
19.75000000	0.00000012	-0.00000008
19.80000000	0.00000034	0.00000009
19.85000000	0.00000042	0.00000004
19.90000000	0.00000049	0.00000006
19.95000000	0.00000049	-0.00000006
20.00000000	0.00000074	-0.00000005
20.05000000	0.00000094	0.00000000
20.10000000	0.00000091	-0.00000010
20.15000000	0.00000124	-0.00000001
20.20000000	0.00000146	0.00000002
20.25000000	0.00000147	0.00000006
20.30000000	0.00000120	-0.00000002
20.35000000	0.00000094	0.00000004
20.40000000	0.00000072	0.00000002
20.45000000	0.00000023	-0.00000005
20.50000000	0.00000011	0.00000012
20.55000000	-0.00000028	0.00000003
20.60000000	-0.00000056	0.00000005
20.65000000	-0.00000084	0.00000005
20.70000000	-0.00000107	0.00000002
20.75000000	-0.00000138	0.00000001
20.80000000	-0.00000140	0.00000011
20.85000000	-0.00000157	0.00000003
20.90000000	-0.00000150	0.00000003
20.95000000	-0.00000139	-0.00000003
21.00000000	-0.00000094	0.00000002
21.05000000	-0.00000070	0.00000007
21.10000000	-0.00000027	-0.00000004
21.15000000	0.00000020	0.00000004
21.20000000	0.00000068	-0.00000003
21.25000000	0.00000110	-0.00000006
21.30000000	0.00000128	-0.00000005
21.35000000	0.00000137	-0.00000001
21.40000000	0.00000146	-0.00000005
21.45000000	0.00000180	-0.00000004
21.50000000	0.00000159	-0.00000003
21.55000000	0.00000141	-0.00000001
21.60000000	0.00000136	-0.00000005
21.65000000	0.00000101	-0.00000005
21.70000000	0.00000066	-0.00000003
21.75000000	0.00000041	-0.00000008
21.80000000	-0.00000013	0.00000002
21.85000000	-0.00000040	-0.00000002
21.90000000	-0.00000061	-0.00000001
21.95000000	-0.00000084	0.00000004
22.00000000	-0.00000093	0.00000006
22.05000000	-0.00000089	-0.00000001
22.10000000	-0.00000114	0.00000007
22.15000000	-0.00000116	0.00000010
22.20000000	-0.00000112	0.00000002
22.25000000	-0.00000117	0.00000011
22.30000000	-0.00000112	0.00000007
22.35000000	-0.00000092	0.00000008
22.40000000	-0.00000046	0.00000006
22.45000000	-0.00000022	0.00000012
22.50000000	0.00000052	-0.00000007
22.55000000	0.00000088	-0.00000003
22.60000000	0.00000113	-0.00000012
22.65000000	0.00000123	0.00000008
22.70000000	0.00000140	0.00000005
22.75000000	0.00000151	-0.00000008
22.80000000	0.00000149	-0.00000010
22.85000000	0.00000125	0.00000001
22.90000000	0.00000121	-0.00000016
22.95000000	0.00000098	-0.00000007
23.00000000	0.00000092	-0.00000008
23.05000000	0.00000060	-0.00000004
23.10000000	0.00000040	-0.00000004
23.15000000	0.00000017	0.00000002
23.20000000	-0.00000008	0.00000003
23.25000000	-0.00000034	0.00000016
23.30000000	-0.00000049	0.00000003
23.35000000	-0.00000073	0.00000005
23.40000000	-0.00000073	-0.00000007
23.45000000	-0.00000088	0.00000015
23.50000000	-0.00000091	0.00000017
23.55000000	-0.00000088	0.00000012
23.60000000	-0.00000090	0.00000010
23.65000000	-0.00000091	0.00000014
23.70000000	-0.00000077	-0.00000001
23.75000000	-0.00000073	0.00000004
23.80000000	-0.00000059	0.00000005
23.85000000	-0.00000031	-0.00000005
23.90000000	0.00000002	-0.00000008
23.95000000	0.00000034	-0.00000011
24.00000000	0.00000064	0.00000008
24.05000000	0.00000105	0.00000007
24.10000000	0.00000132	0.00000000
24.15000000	0.00000152	-0.00000005
24.20000000	0.00000145	0.00000007
24.25000000	0.00000148	-0.00000019
24.30000000	0.00000120	0.00000004
24.35000000	0.00000109	0.00000012
24.40000000	0.00000085	-0.00000005
24.45000000	0.00000056	0.00000004
24.50000000	0.00000023	-0.00000011
24.55000000	-0.00000013	-0.00000000
24.60000000	-0.00000046	0.00000011
24.65000000	-0.00000061	0.00000003
24.70000000	-0.00000077	0.00000020
24.75000000	-0.00000094	0.00000001
24.80000000	-0.00000094	0.00000019
24.85000000	-0.00000095	0.00000005
24.90000000	-0.00000086	-0.00000011
24.95000000	-0.00000078	0.00000006
25.00000000	-0.00000066	0.00000001
25.05000000	-0.00000051	0.00000005
25.10000000	-0.00000038	0.00000006
25.15000000	-0.00000032	0.00000000
25.20000000	-0.00000009	-0.00000012
25.25000000	0.00000009	-0.00000009
25.30000000	0.00000029	0.00000003
25.35000000	0.00000052	-0.00000002
25.40000000	0.00000072	0.00000005
25.45000000	0.00000100	0.00000003
25.50000000	0.00000105	-0.00000013
25.55000000	0.00000124	-0.00000014
25.60000000	0.00000121	-0.00000009
25.65000000	0.00000125	0.00000002
25.70000000	0.00000108	-0.00000010
25.75000000	0.00000090	-0.00000013
25.80000000	0.00000088	0.00000012
25.85000000	0.00000053	0.00000012
25.90000000	0.00000014	-0.00000007
25.95000000	-0.00000020	0.00000004
26.00000000	-0.00000050	0.00000001
26.05000000	-0.00000081	0.00000000
26.10000000	-0.00000095	0.00000007
26.15000000	-0.00000095	0.00000015
26.20000000	-0.00000106	0.00000005
26.25000000	-0.00000096	0.00000011
26.30000000	-0.00000078	0.00000010
26.35000000	-0.00000070	0.00000008
26.40000000	-0.00000049	0.00000003
26.45000000	-0.00000041	-0.00000010
26.50000000	-0.00000013	0.00000010
26.55000000	0.00000005	0.00000010
26.60000000	0.00000025	0.00000010
26.65000000	0.00000031	-0.00000005
26.70000000	0.00000058	0.00000003
26.75000000	0.00000090	0.00000003
26.80000000	0.00000100	-0.00000010
26.85000000	0.00000124	-0.00000005
26.90000000	0.00000124	-0.00000002
26.95000000	0.00000131	-0.00000005
27.00000000	0.00000125	-0.00000003
27.05000000	0.00000109	0.00000003
27.10000000	0.00000089	0.00000007
27.15000000	0.00000049	0.00000005
27.20000000	0.00000028	0.00000003
27.25000000	-0.00000005	0.00000001
27.30000000	-0.00000053	-0.00000004
27.35000000	-0.00000072	-0.00000001
27.40000000	-0.00000079	0.00000001
27.45000000	-0.00000090	-0.00000002
27.50000000	-0.00000090	0.00000005
27.55000000	-0.00000101	-0.00000003
27.60000000	-0.00000077	0.00000011
27.65000000	-0.00000074	0.00000000
27.70000000	-0.00000052	0.00000005
27.75000000	-0.00000030	0.00000003
27.80000000	-0.00000031	0.00000002
27.85000000	-0.00000020	-0.00000000
27.90000000	0.00000012	0.00000005
27.95000000	0.00000035	0.00000008
28.00000000	0.00000044	-0.00000002
28.05000000	0.00000047	0.00000002
28.10000000	0.00000083	0.00000003
28.15000000	0.00000094	-0.00000004
28.20000000	0.00000097	-0.00000003
28.25000000	0.00000112	0.00000000
28.30000000	0.00000099	-0.00000004
28.35000000	0.00000096	-0.00000002
28.40000000	0.00000077	0.00000007
28.45000000	0.00000067	-0.00000007
28.50000000	0.00000047	-0.00000008
28.55000000	0.00000013	0.00000008
28.60000000	0.00000002	0.00000003
28.65000000	-0.00000009	0.00000001
28.70000000	-0.00000024	0.00000001
28.75000000	-0.00000047	0.00000005
28.80000000	-0.00000057	0.00000002
28.85000000	-0.00000044	-0.00000003
28.90000000	-0.00000056	0.00000007
28.95000000	-0.00000069	0.00000004
29.00000000	-0.00000060	0.00000004
29.05000000	-0.00000042	-0.00000001
29.10000000	-0.00000053	0.00000003
29.15000000	-0.00000051	0.00000007
29.20000000	-0.00000038	0.00000009
29.25000000	-0.00000016	0.00000006
29.30000000	0.00000008	0.00000007
29.35000000	0.00000023	0.00000003
29.40000000	0.00000037	0.00000007
29.45000000	0.00000059	-0.00000001
29.50000000	0.00000060	0.00000009
29.55000000	0.00000071	-0.00000001
29.60000000	0.00000074	0.00000002
29.65000000	0.00000080	-0.00000011
29.70000000	0.00000063	0.00000003
29.75000000	0.00000049	0.00000016
29.80000000	0.00000062	-0.00000003
29.85000000	0.00000051	0.00000000
29.90000000	0.00000056	-0.00000010
29.95000000	0.00000041	-0.00000006
30.00000000	0.00000023	-0.00000004
30.05000000	-0.00000015	0.00000005
30.10000000	-0.00000029	0.00000013
30.15000000	-0.00000043	0.00000001
30.20000000	-0.00000059	0.00000007
30.25000000	-0.00000053	0.00000002
30.30000000	-0.00000055	0.00000007
30.35000000	-0.00000040	-0.00000001
30.40000000	-0.00000018	-0.00000006
30.45000000	-0.00000016	-0.00000009
30.50000000	-0.00000002	0.00000003
30.55000000	-0.00000001	0.00000002
30.60000000	0.00000006	0.00000004
30.65000000	0.00000018	-0.00000013
30.70000000	0.00000014	0.00000006
30.75000000	0.00000024	0.00000003
30.80000000	0.00000037	-0.00000005
30.85000000	0.00000036	0.00000001
30.90000000	0.00000040	-0.00000006
30.95000000	0.00000046	-0.00000005
31.00000000	0.00000037	0.00000004
31.05000000	0.00000020	0.00000018
31.10000000	0.00000019	-0.00000001
31.15000000	0.00000003	0.00000003
31.20000000	0.00000001	0.00000008
31.25000000	0.00000002	0.00000010
31.30000000	-0.00000003	-0.00000008
31.35000000	0.00000012	-0.00000013
31.40000000	0.00000017	-0.00000005
31.45000000	0.00000014	0.00000014
31.50000000	0.00000016	0.00000013
31.55000000	0.00000015	0.00000007
31.60000000	-0.00000002	0.00000005
31.65000000	-0.00000000	0.00000021
31.70000000	-0.00000002	0.00000011
31.75000000	-0.00000001	0.00000020
31.80000000	-0.00000008	0.00000001
31.85000000	-0.00000003	0.00000014
31.90000000	-0.00000015	-0.00000019
31.95000000	-0.00000018	-0.00000002
32.00000000	-0.00000011	0.00000012
32.05000000	-0.00000015	-0.00000001
32.10000000	-0.00000015	0.00000002
32.15000000	-0.00000003	-0.00000000
32.20000000	0.00000003	-0.00000000
32.25000000	0.00000007	-0.00000003
32.30000000	0.00000028	-0.00000004
32.35000000	0.00000036	-0.00000004
32.40000000	0.00000035	-0.00000016
32.45000000	0.00000041	0.00000001
32.50000000	0.00000056	0.00000012
32.55000000	0.00000051	0.00000002
32.60000000	0.00000037	-0.00000011
32.65000000	0.00000047	-0.00000003
32.70000000	0.00000041	0.00000005
32.75000000	0.00000034	0.00000001
32.80000000	0.00000026	-0.00000007
32.85000000	0.00000016	0.00000001
32.90000000	-0.00000007	-0.00000005
32.95000000	-0.00000024	0.00000000
33.00000000	-0.00000020	0.00000007
33.05000000	-0.00000033	0.00000012
33.10000000	-0.00000041	-0.00000001
33.15000000	-0.00000042	-0.00000006
33.20000000	-0.00000034	0.00000007
33.25000000	-0.00000021	0.00000002
33.30000000	-0.00000022	-0.00000006
33.35000000	-0.00000025	-0.00000005
33.40000000	-0.00000008	0.00000002
33.45000000	-0.00000015	-0.00000004
33.50000000	-0.00000009	-0.00000002
33.55000000	-0.00000012	-0.00000005
33.60000000	0.00000014	0.00000004
33.65000000	0.00000034	0.00000001
33.70000000	0.00000023	-0.00000002
33.75000000	0.00000059	-0.00000002
33.80000000	0.00000089	0.00000007
33.85000000	0.00000090	-0.00000006
33.90000000	0.00000102	0.00000002
33.95000000	0.00000076	-0.00000007
34.00000000	0.00000066	-0.00000008
34.05000000	0.00000060	0.00000008
34.10000000	0.00000034	-0.00000002
34.15000000	0.00000016	-0.00000003
34.20000000	0.00000012	0.00000000
34.25000000	-0.00000007	-0.00000001
34.30000000	-0.00000013	0.00000000
34.35000000	-0.00000013	0.00000002
34.40000000	-0.00000030	-0.00000002
34.45000000	-0.00000043	-0.00000002
34.50000000	-0.00000034	0.00000002
34.55000000	-0.00000048	0.00000003
34.60000000	-0.00000057	0.00000008
34.65000000	-0.00000044	0.00000006
34.70000000	-0.00000034	0.00000004
34.75000000	-0.00000018	0.00000003
34.80000000	-0.00000026	-0.00000000
34.85000000	-0.00000021	0.00000000
34.90000000	-0.00000012	0.00000004
34.95000000	-0.00000013	0.00000001
35.00000000	0.00000010	-0.00000004
35.05000000	-0.00000005	0.00000001
35.10000000	0.00000020	0.00000005
35.15000000	0.00000015	0.00000002
35.20000000	0.00000045	0.00000002
35.25000000	0.00000044	0.00000000
35.30000000	0.00000075	-0.00000001
35.35000000	0.00000089	-0.00000001
35.40000000	0.00000075	0.00000005
35.45000000	0.00000091	-0.00000005
35.50000000	0.00000077	-0.00000004
35.55000000	0.00000071	-0.00000001
35.60000000	0.00000037	0.00000003
35.65000000	0.00000030	0.00000000
35.70000000	0.00000002	0.00000002
35.75000000	-0.00000038	0.00000018
35.80000000	-0.00000043	0.00000004
35.85000000	-0.00000061	0.00000003
35.90000000	-0.00000077	0.00000002
35.95000000	-0.00000070	0.00000006
36.00000000	-0.00000077	0.00000007
36.05000000	-0.00000049	-0.00000000
36.10000000	-0.00000045	0.00000003
36.15000000	-0.00000037	0.00000006
36.20000000	-0.00000030	0.00000009
36.25000000	-0.00000007	-0.00000001
36.30000000	0.00000002	0.00000002
36.35000000	0.00000019	-0.00000001
36.40000000	0.00000029	0.00000010
36.45000000	0.00000049	-0.00000006
36.50000000	0.00000057	0.00000007
36.55000000	0.00000081	-0.00000010
36.60000000	0.00000088	-0.00000005
36.65000000	0.00000100	-0.00000015
36.70000000	0.00000107	-0.00000013
36.75000000	0.00000100	-0.00000008
36.80000000	0.00000105	-0.00000027
36.85000000	0.00000072	0.00000004
36.90000000	0.00000060	-0.00000001
36.95000000	0.00000048	-0.00000010
37.00000000	0.00000024	0.00000005
37.05000000	0.00000008	0.00000006
37.10000000	-0.00000007	0.00000004
37.15000000	-0.00000029	0.00000003
37.20000000	-0.00000043	-0.00000016
37.25000000	-0.00000057	-0.00000010
37.30000000	-0.00000073	0.00000011
37.35000000	-0.00000078	0.00000003
37.40000000	-0.00000069	-0.00000000
37.45000000	-0.00000062	0.00000005
37.50000000	-0.00000050	0.00000000
37.55000000	-0.00000038	0.00000008
37.60000000	-0.00000021	-0.00000001
37.65000000	-0.00000002	-0.00000011
37.70000000	0.00000009	0.00000008
37.75000000	0.00000029	-0.00000003
37.80000000	0.00000029	-0.00000010
37.85000000	0.00000040	-0.00000002
37.90000000	0.00000053	-0.00000009
37.95000000	0.00000058	-0.00000012
38.00000000	0.00000073	0.00000007
38.05000000	0.00000073	-0.00000015
38.10000000	0.00000079	0.00000008
38.15000000	0.00000076	0.00000008
38.20000000	0.00000062	0.00000003
38.25000000	0.00000050	-0.00000005
38.30000000	0.00000028	0.00000004
38.35000000	0.00000017	0.00000016
38.40000000	-0.00000013	-0.00000014
38.45000000	-0.00000019	0.00000004
38.50000000	-0.00000043	0.00000001
38.55000000	-0.00000047	0.00000022
38.60000000	-0.00000062	-0.00000008
38.65000000	-0.00000061	-0.00000014
38.70000000	-0.00000060	-0.00000002
38.75000000	-0.00000056	-0.00000003
38.80000000	-0.00000053	0.00000007
38.85000000	-0.00000036	0.00000007
38.90000000	-0.00000022	0.00000004
38.95000000	-0.00000009	-0.00000000
39.00000000	0.00000008	-0.00000003
39.05000000	0.00000025	-0.00000006
39.10000000	0.00000037	0.00000001
39.15000000	0.00000047	0.00000007
39.20000000	0.00000048	0.00000006
39.25000000	0.00000061	0.00000012
39.30000000	0.00000063	0.00000004
39.35000000	0.00000054	-0.00000001
39.40000000	0.00000058	-0.00000002
39.45000000	0.00000071	0.00000010
39.50000000	0.00000070	0.00000006
39.55000000	0.00000054	-0.00000002
39.60000000	0.00000043	-0.00000004
39.65000000	0.00000040	0.00000006
39.70000000	0.00000022	0.00000003
39.75000000	0.00000010	0.00000007
39.80000000	-0.00000003	0.00000005
39.85000000	-0.00000022	-0.00000004
39.90000000	-0.00000018	0.00000010
39.95000000	-0.00000023	0.00000000
40.00000000	-0.00000033	0.00000005
40.05000000	-0.00000034	0.00000001
40.10000000	-0.00000010	0.00000020
40.15000000	-0.00000038	-0.00000005
40.20000000	-0.00000034	-0.00000006
40.25000000	-0.00000024	0.00000006
40.30000000	-0.00000025	-0.00000004
40.35000000	-0.00000011	-0.00000006
40.40000000	-0.00000003	-0.00000004
40.45000000	0.00000020	0.00000001
40.50000000	0.00000018	-0.00000004
40.55000000	0.00000021	-0.00000009
40.60000000	0.00000042	-0.00000004
40.65000000	0.00000049	0.00000002
40.70000000	0.00000045	0.00000001
40.75000000	0.00000039	-0.00000004
40.80000000	0.00000029	-0.00000004
40.85000000	0.00000018	-0.00000004
40.90000000	0.00000021	0.00000002
40.95000000	0.00000025	0.00000006
41.00000000	0.00000017	-0.00000002
41.05000000	0.00000020	0.00000006
41.10000000	-0.00000002	-0.00000004
41.15000000	0.00000004	0.00000005
41.20000000	0.00000002	0.00000002
41.25000000	0.00000000	0.00000011
41.30000000	-0.00000032	0.00000000
41.35000000	-0.00000030	0.00000005
41.40000000	-0.00000045	0.00000000
41.45000000	-0.00000051	0.00000004
41.50000000	-0.00000028	0.00000007
41.55000000	-0.00000029	0.00000007
41.60000000	-0.00000019	0.00000007
41.65000000	0.00000020	0.00000003
41.70000000	0.00000018	0.00000000
41.75000000	0.00000024	-0.00000004
41.80000000	0.00000030	0.00000001
41.85000000	0.00000026	-0.00000001
41.90000000	0.00000033	0.00000002
41.95000000	0.00000020	0.00000004
42.00000000	0.00000045	0.00000002
42.05000000	0.00000034	0.00000000
42.10000000	0.00000052	-0.00000006
42.15000000	0.00000031	-0.00000005
42.20000000	0.00000037	-0.00000008
42.25000000	0.00000025	-0.00000003
42.30000000	0.00000012	0.00000002
42.35000000	0.00000003	-0.00000001
42.40000000	-0.00000014	0.00000007
42.45000000	-0.00000008	0.00000004
42.50000000	-0.00000007	-0.00000004
42.55000000	-0.00000004	0.00000001
42.60000000	-0.00000009	0.00000004
42.65000000	0.00000011	-0.00000005
42.70000000	0.00000007	-0.00000000
42.75000000	-0.00000007	0.00000001
42.80000000	-0.00000001	-0.00000003
42.85000000	0.00000002	-0.00000000
42.90000000	0.00000010	0.00000004
42.95000000	0.00000016	-0.00000008
43.00000000	0.00000008	-0.00000002
43.05000000	0.00000010	0.00000004
43.10000000	0.00000013	0.00000001
43.15000000	0.00000003	0.00000007
43.20000000	0.00000020	-0.00000004
43.25000000	0.00000011	0.00000004
43.30000000	0.00000010	-0.00000005
43.35000000	0.00000018	-0.00000005
43.40000000	0.00000015	-0.00000001
43.45000000	0.00000013	0.00000006
43.50000000	0.00000021	-0.00000003
43.55000000	0.00000024	0.00000000
43.60000000	0.00000025	-0.00000001
43.65000000	0.00000022	-0.00000005
43.70000000	0.00000025	0.00000003
43.75000000	0.00000013	-0.00000003
43.80000000	0.00000015	-0.00000006
43.85000000	0.00000018	-0.00000011
43.90000000	0.00000018	-0.00000014
43.95000000	0.00000011	0.00000000
44.00000000	0.00000006	-0.00000005
44.05000000	-0.00000006	0.00000010
44.10000000	-0.00000008	0.00000003
44.15000000	-0.00000014	-0.00000009
44.20000000	-0.00000024	0.00000011
44.25000000	-0.00000029	0.00000007
44.30000000	-0.00000027	0.00000006
44.35000000	-0.00000017	0.00000011
44.40000000	-0.00000008	0.00000000
44.45000000	0.00000001	0.00000005
44.50000000	0.00000009	-0.00000001
44.55000000	0.00000005	-0.00000004
44.60000000	0.00000011	0.00000043
44.65000000	0.00000007	0.00000013
44.70000000	0.00000009	0.00000003
44.75000000	0.00000013	0.00000004
44.80000000	0.00000017	-0.00000003
44.85000000	0.00000019	-0.00000001
44.90000000	0.00000033	0.00000005
44.95000000	0.00000040	0.00000005
45.00000000	0.00000047	0.00000003
45.05000000	0.00000057	-0.00000004
45.10000000	0.00000057	0.00000003
45.15000000	0.00000047	-0.00000005
45.20000000	0.00000048	-0.00000001
45.25000000	0.00000032	-0.00000008
45.30000000	0.00000029	0.00000001
45.35000000	0.00000023	0.00000009
45.40000000	0.00000013	0.00000003
45.45000000	0.00000002	-0.00000004
45.50000000	0.00000008	0.00000010
45.55000000	-0.00000004	0.00000001
45.60000000	-0.00000002	0.00000019
45.65000000	-0.00000010	0.00000016
45.70000000	-0.00000011	0.00000019
45.75000000	-0.00000020	0.00000003
45.80000000	-0.00000016	-0.00000003
45.85000000	-0.00000018	-0.00000002
45.90000000	-0.00000011	-0.00000004
45.95000000	0.00000002	0.00000015
46.00000000	-0.00000003	0.00000001
46.05000000	-0.00000007	0.00000002
46.10000000	-0.00000012	0.00000001
46.15000000	-0.00000011	-0.00000001
46.20000000	-0.00000004	0.00000000
46.25000000	0.00000010	0.00000007
46.30000000	0.00000002	0.00000001
46.35000000	0.00000012	0.00000006
46.40000000	0.00000026	0.00000008
46.45000000	0.00000026	-0.00000005
46.50000000	0.00000021	-0.00000004
46.55000000	0.00000041	0.00000004
46.60000000	0.00000036	-0.00000003
46.65000000	0.00000047	0.00000007
46.70000000	0.00000032	-0.00000006
46.75000000	0.00000034	-0.00000006
46.80000000	0.00000034	-0.00000002
46.85000000	0.00000014	-0.00000009
46.90000000	0.00000024	0.00000006
46.95000000	-0.00000007	-0.00000002
47.00000000	-0.00000007	0.00000008
47.05000000	-0.00000023	0.00000002
47.10000000	-0.00000040	-0.00000004
47.15000000	-0.00000035	0.00000002
47.20000000	-0.00000030	0.00000011
47.25000000	-0.00000032	0.00000005
47.30000000	-0.00000019	-0.00000001
47.35000000	-0.00000014	-0.00000002
47.40000000	0.00000002	0.00000002
47.45000000	-0.00000008	0.00000002
47.50000000	0.00000004	0.00000004
47.55000000	0.00000005	0.00000007
47.60000000	0.00000008	0.00000001
47.65000000	0.00000038	0.00000002
47.70000000	0.00000033	-0.00000001
47.75000000	0.00000031	-0.00000003
47.80000000	0.00000055	-0.00000005
47.85000000	0.00000044	0.00000004
47.90000000	0.00000065	0.00000001
47.95000000	0.00000063	0.00000002
48.00000000	0.00000047	0.00000001
48.05000000	0.00000043	0.00000003
48.10000000	0.00000034	-0.00000002
48.15000000	0.00000015	0.00000001
48.20000000	0.00000030	0.00000004
48.25000000	0.00000017	0.00000009
48.30000000	0.00000001	0.00000004
48.35000000	-0.00000001	0.00000002
48.40000000	-0.00000008	0.00000002
48.45000000	-0.00000015	0.00000001
48.50000000	-0.00000019	0.00000001
48.55000000	-0.00000032	0.00000005
48.60000000	-0.00000043	0.00000001
48.65000000	-0.00000018	0.00000009
48.70000000	-0.00000016	-0.00000005
48.75000000	-0.00000012	0.00000003
48.80000000	-0.00000003	0.00000003
48.85000000	0.00000020	-0.00000006
48.90000000	0.00000010	-0.00000008
48.95000000	0.00000004	0.00000008
49.00000000	0.00000018	-0.00000004
49.05000000	0.00000039	-0.00000008
49.10000000	0.00000030	-0.00000000
49.15000000	0.00000041	0.00000011
49.20000000	0.00000040	0.00000005
49.25000000	0.00000036	0.00000006
49.30000000	0.00000044	-0.00000001
49.35000000	0.00000038	0.00000010
49.40000000	0.00000030	0.00000006
49.45000000	0.00000041	-0.00000001
49.50000000	0.00000007	0.00000004
49.55000000	0.00000011	0.00000002
49.60000000	0.00000008	-0.00000009
49.65000000	-0.00000011	0.00000007
49.70000000	-0.00000019	0.00000009
49.75000000	-0.00000019	-0.00000001
49.80000000	-0.00000027	0.00000011
49.85000000	-0.00000032	0.00000017
49.90000000	-0.00000020	0.00000001
49.95000000	-0.00000020	0.00000008
50.00000000	-0.00000024	0.00000015
50.05000000	-0.00000017	0.00000005
50.10000000	-0.00000005	-0.00000005
50.15000000	0.00000000	-0.00000013
50.20000000	0.00000000	0.00000011
50.25000000	0.00000011	0.00000002
50.30000000	0.00000018	-0.00000010
50.35000000	0.00000019	-0.00000008
50.40000000	0.00000027	-0.00000012
50.45000000	0.00000031	-0.00000014
50.50000000	0.00000033	-0.00000020
50.55000000	0.00000036	-0.00000009
50.60000000	0.00000034	-0.00000002
50.65000000	0.00000039	-0.00000008
50.70000000	0.00000032	0.00000010
50.75000000	0.00000036	0.00000008
50.80000000	0.00000030	0.00000011
50.85000000	0.00000028	0.00000008
50.90000000	0.00000022	-0.00000006
50.95000000	0.00000017	0.00000006
51.00000000	0.00000006	0.00000006
51.05000000	0.00000004	-0.00000005
51.10000000	-0.00000000	0.00000007
51.15000000	-0.00000003	0.00000006
51.20000000	-0.00000013	-0.00000005
51.25000000	-0.00000007	-0.00000005
51.30000000	-0.00000012	0.00000002
51.35000000	-0.00000012	0.00000003
51.40000000	-0.00000017	-0.00000008
51.45000000	-0.00000016	0.00000009
51.50000000	-0.00000013	0.00000002
51.55000000	-0.00000015	-0.00000001
51.60000000	-0.00000001	0.00000003
51.65000000	-0.00000002	0.00000004
51.70000000	0.00000012	-0.00000002
51.75000000	0.00000022	0.00000014
51.80000000	0.00000032	0.00000002
51.85000000	0.00000036	0.00000006
51.90000000	0.00000027	-0.00000005
51.95000000	0.00000030	0.00000005
52.00000000	0.00000027	-0.00000005
52.05000000	0.00000024	-0.00000009
52.10000000	0.00000025	-0.00000007
52.15000000	0.00000029	0.00000003
52.20000000	0.00000030	0.00000016
52.25000000	0.00000021	-0.00000007
52.30000000	0.00000021	0.00000003
52.35000000	0.00000011	0.00000000
52.40000000	0.00000009	0.00000001
52.45000000	0.00000005	0.00000009
52.50000000	-0.00000011	0.00000004
52.55000000	-0.00000012	0.00000010
52.60000000	-0.00000009	0.00000008
52.65000000	-0.00000015	0.00000008
52.70000000	-0.00000012	0.00000006
52.75000000	0.00000002	0.00000003
52.80000000	0.00000010	0.00000008
52.85000000	0.00000024	0.00000016
52.90000000	0.00000013	-0.00000000
52.95000000	0.00000031	0.00000011
53.00000000	0.00000012	-0.00000004
53.05000000	0.00000030	0.00000003
53.10000000	0.00000029	0.00000010
53.15000000	0.00000015	0.00000001
53.20000000	0.00000029	0.00000004
53.25000000	0.00000026	-0.00000003
53.30000000	0.00000014	-0.00000003
53.35000000	0.00000038	0.00000009
53.40000000	0.00000015	0.00000000
53.45000000	0.00000014	-0.00000003
53.50000000	0.00000016	0.00000003
53.55000000	0.00000017	0.00000002
53.60000000	0.00000007	0.00000002
53.65000000	0.00000022	0.00000011
53.70000000	0.00000001	0.00000003
53.75000000	0.00000008	0.00000000
53.80000000	0.00000009	0.00000003
53.85000000	-0.00000004	0.00000006
53.90000000	0.00000001	0.00000003
53.95000000	-0.00000008	0.00000007
54.00000000	-0.00000017	0.00000005
54.05000000	0.00000013	0.00000008
54.10000000	-0.00000009	-0.00000003
54.15000000	-0.00000009	-0.00000002
54.20000000	0.00000006	-0.00000002
54.25000000	-0.00000003	0.00000004
54.30000000	-0.00000007	-0.00000003
54.35000000	0.00000011	-0.00000004
54.40000000	0.00000014	-0.00000002
54.45000000	0.00000019	-0.00000002
54.50000000	0.00000013	-0.00000005
54.55000000	0.00000016	-0.00000001
54.60000000	0.00000005	-0.00000002
54.65000000	0.00000017	-0.00000006
54.70000000	0.00000023	0.00000003
54.75000000	0.00000026	0.00000003
54.80000000	0.00000038	0.00000001
54.85000000	0.00000012	-0.00000001
54.90000000	0.00000019	0.00000000
54.95000000	0.00000026	-0.00000004
55.00000000	0.00000011	-0.00000004
55.05000000	0.00000019	0.00000003
55.10000000	0.00000025	-0.00000003
55.15000000	0.00000015	-0.00000000
55.20000000	0.00000012	-0.00000003
55.25000000	0.00000014	-0.00000000
55.30000000	-0.00000000	0.00000002
55.35000000	-0.00000021	0.00000004
55.40000000	-0.00000012	0.00000001
55.45000000	-0.00000022	0.00000009
55.50000000	-0.00000007	0.00000004
55.55000000	-0.00000003	-0.00000002
55.60000000	0.00000008	-0.00000007
55.65000000	-0.00000006	0.00000007
55.70000000	0.00000022	-0.00000003
55.75000000	0.00000017	-0.00000002
55.80000000	0.00000018	0.00000002
55.85000000	-0.00000000	0.00000005
55.90000000	0.00000014	-0.00000004
55.95000000	0.00000005	0.00000002
56.00000000	0.00000013	0.00000002
56.05000000	0.00000012	0.00000008
56.10000000	0.00000031	-0.00000003
56.15000000	0.00000042	-0.00000004
56.20000000	0.00000033	0.00000011
56.25000000	0.00000047	0.00000000
56.30000000	0.00000050	-0.00000008
56.35000000	0.00000038	0.00000005
56.40000000	0.00000031	0.00000006
56.45000000	0.00000034	-0.00000004
56.50000000	0.00000026	-0.00000002
56.55000000	0.00000036	-0.00000007
56.60000000	0.00000009	0.00000012
56.65000000	0.00000013	0.00000004
56.70000000	0.00000013	0.00000000
56.75000000	-0.00000006	-0.00000000
56.80000000	-0.00000005	0.00000001
56.85000000	-0.00000007	-0.00000008
56.90000000	-0.00000018	0.00000007
56.95000000	-0.00000024	0.00000009
57.00000000	-0.00000011	-0.00000007
57.05000000	-0.00000004	-0.00000003
57.10000000	-0.00000005	0.00000009
57.15000000	0.00000003	-0.00000012
57.20000000	-0.00000004	0.00000015
57.25000000	-0.00000004	0.00000004
57.30000000	-0.00000008	0.00000003
57.35000000	-0.00000003	-0.00000001
57.40000000	-0.00000010	0.00000004
57.45000000	-0.00000011	0.00000004
57.50000000	0.00000001	-0.00000000
57.55000000	0.00000001	0.00000015
57.60000000	0.00000004	0.00000010
57.65000000	0.00000018	-0.00000008
57.70000000	0.00000022	-0.00000008
57.75000000	0.00000020	-0.00000001
57.80000000	0.00000022	-0.00000010
57.85000000	0.00000022	-0.00000001
57.90000000	0.00000021	0.00000006
57.95000000	0.00000028	0.00000002
58.00000000	0.00000023	0.00000003
58.05000000	0.00000021	0.00000012
58.10000000	0.00000014	-0.00000017
58.15000000	0.00000006	0.00000006
58.20000000	-0.00000002	-0.00000005
58.25000000	-0.00000008	0.00000015
58.30000000	-0.00000013	-0.00000001
58.35000000	-0.00000022	-0.00000005
58.40000000	-0.00000019	0.00000005
58.45000000	-0.00000015	0.00000010
58.50000000	-0.00000011	0.00000003
58.55000000	0.00000000	0.00000011
58.60000000	0.00000000	-0.00000008
58.65000000	0.00000008	0.00000003
58.70000000	0.00000007	-0.00000005
58.75000000	0.00000015	0.00000014
58.80000000	0.00000015	-0.00000002
58.85000000	0.00000021	-0.00000001
58.90000000	0.00000025	-0.00000004
58.95000000	0.00000027	-0.00000008
59.00000000	0.00000037	0.00000001
59.05000000	0.00000047	-0.00000003
59.10000000	0.00000049	-0.00000001
59.15000000	0.00000051	0.00000002
59.20000000	0.00000043	-0.00000006
59.25000000	0.00000031	-0.00000019
59.30000000	0.00000029	-0.00000014
59.35000000	0.00000027	0.00000004
59.40000000	0.00000019	0.00000006
59.45000000	0.00000002	-0.00000009
59.50000000	0.00000017	0.00000015
59.55000000	-0.00000008	-0.00000004
59.60000000	-0.00000018	-0.00000012
59.65000000	-0.00000007	-0.00000001
59.70000000	-0.00000005	0.00000007
59.75000000	-0.00000010	-0.00000001
59.80000000	-0.00000007	0.00000007
59.85000000	-0.00000012	-0.00000002
59.90000000	-0.00000017	-0.00000004
59.95000000	0.00000005	0.00000007
60.00000000	0.00000011	0.00000001
