-10.00000000	-0.00000004	-0.00000001
-9.95000000	-0.00000008	0.00000006
-9.90000000	-0.00000002	0.00000009
-9.85000000	0.00000003	-0.00000003
-9.80000000	0.00000009	-0.00000014
-9.75000000	-0.00000005	0.00000001
-9.70000000	-0.00000004	0.00000003
-9.65000000	0.00000004	0.00000004
-9.60000000	-0.00000003	0.00000007
-9.55000000	-0.00000005	0.00000007
-9.50000000	-0.00000001	0.00000003
-9.45000000	0.00000006	-0.00000008
-9.40000000	0.00000021	-0.00000004
-9.35000000	0.00000019	-0.00000002
-9.30000000	0.00000011	0.00000005
-9.25000000	0.00000007	0.00000005
-9.20000000	0.00000003	0.00000015
-9.15000000	0.00000020	-0.00000006
-9.10000000	0.00000015	-0.00000001
-9.05000000	0.00000012	0.00000001
-9.00000000	0.00000009	0.00000005
-8.95000000	0.00000011	0.00000002
-8.90000000	0.00000009	0.00000002
-8.85000000	0.00000013	-0.00000012
-8.80000000	-0.00000007	-0.00000002
-8.75000000	-0.00000002	0.00000001
-8.70000000	-0.00000004	0.00000002
-8.65000000	-0.00000005	0.00000002
-8.60000000	-0.00000008	-0.00000003
-8.55000000	-0.00000003	0.00000003
-8.50000000	-0.00000005	0.00000011
-8.45000000	-0.00000004	-0.00000004
-8.40000000	-0.00000001	-0.00000002
-8.35000000	-0.00000007	0.00000003
-8.30000000	-0.00000003	0.00000000
-8.25000000	0.00000003	-0.00000006
-8.20000000	-0.00000003	0.00000009
-8.15000000	-0.00000000	0.00000005
-8.10000000	0.00000009	-0.00000019
-8.05000000	0.00000011	0.00000006
-8.00000000	0.00000007	0.00000018
-7.95000000	0.00000006	0.00000006
-7.90000000	0.00000017	-0.00000011
-7.85000000	0.00000011	0.00000001
-7.80000000	0.00000015	-0.00000006
-7.75000000	0.00000007	0.00000011
-7.70000000	0.00000006	0.00000004
-7.65000000	0.00000003	-0.00000001
-7.60000000	0.00000002	-0.00000004
-7.55000000	-0.00000007	-0.00000001
-7.50000000	-0.00000024	0.00000007
-7.45000000	-0.00000024	0.00000007
-7.40000000	-0.00000022	-0.00000004
-7.35000000	-0.00000014	-0.00000015
-7.30000000	-0.00000023	-0.00000009
-7.25000000	-0.00000033	-0.00000000
-7.20000000	-0.00000020	-0.00000014
-7.15000000	-0.00000021	0.00000010
-7.10000000	-0.00000017	0.00000013
-7.05000000	-0.00000008	0.00000018
-7.00000000	0.00000000	-0.00000004
-6.95000000	0.00000004	-0.00000003
-6.90000000	0.00000010	-0.00000001
-6.85000000	0.00000019	-0.00000001
-6.80000000	0.00000029	0.00000007
-6.75000000	0.00000037	0.00000020
-6.70000000	0.00000033	0.00000005
-6.65000000	0.00000028	0.00000013
-6.60000000	0.00000038	0.00000008
-6.55000000	0.00000024	-0.00000014
-6.50000000	0.00000028	-0.00000005
-6.45000000	0.00000020	0.00000001
-6.40000000	0.00000018	0.00000009
-6.35000000	0.00000009	0.00000003
-6.30000000	-0.00000006	0.00000001
-6.25000000	-0.00000011	-0.00000006
-6.20000000	-0.00000027	0.00000002
-6.15000000	-0.00000026	-0.00000002
-6.10000000	-0.00000031	0.00000007
-6.05000000	-0.00000037	0.00000002
-6.00000000	-0.00000021	0.00000004
-5.95000000	-0.00000016	-0.00000002
-5.90000000	-0.00000018	-0.00000005
-5.85000000	0.00000002	0.00000007
-5.80000000	-0.00000001	0.00000003
-5.75000000	0.00000018	0.00000012
-5.70000000	0.00000026	0.00000005
-5.65000000	0.00000047	0.00000010
-5.60000000	0.00000030	-0.00000005
-5.55000000	0.00000037	-0.00000011
-5.50000000	0.00000039	-0.00000007
-5.45000000	0.00000053	0.00000019
-5.40000000	0.00000021	-0.00000008
-5.35000000	0.00000022	0.00000002
-5.30000000	0.00000021	-0.00000001
-5.25000000	0.00000002	-0.00000001
-5.20000000	-0.00000007	-0.00000011
-5.15000000	0.00000002	0.00000005
-5.10000000	-0.00000022	-0.00000008
-5.05000000	-0.00000019	0.00000000
-5.00000000	-0.00000034	-0.00000004
-4.95000000	-0.00000024	-0.00000006
-4.90000000	-0.00000035	-0.00000007
-4.85000000	-0.00000026	0.00000001
-4.80000000	-0.00000023	0.00000001
-4.75000000	-0.00000013	0.00000006
-4.70000000	-0.00000006	0.00000003
-4.65000000	-0.00000012	-0.00000002
-4.60000000	0.00000012	0.00000012
-4.55000000	0.00000008	-0.00000001
-4.50000000	0.00000012	0.00000011
-4.45000000	0.00000015	0.00000005
-4.40000000	0.00000015	0.00000006
-4.35000000	0.00000026	0.00000005
-4.30000000	0.00000014	0.00000007
-4.25000000	0.00000026	0.00000001
-4.20000000	0.00000009	-0.00000001
-4.15000000	0.00000023	0.00000001
-4.10000000	0.00000007	0.00000000
-4.05000000	-0.00000008	-0.00000001
-4.00000000	-0.00000015	-0.00000015
-3.95000000	0.00000002	-0.00000002
-3.90000000	-0.00000018	-0.00000007
-3.85000000	-0.00000023	0.00000002
-3.80000000	-0.00000011	0.00000005
-3.75000000	-0.00000035	-0.00000007
-3.70000000	-0.00000007	0.00000005
-3.65000000	-0.00000007	0.00000005
-3.60000000	-0.00000014	-0.00000001
-3.55000000	0.00000004	-0.00000003
-3.50000000	0.00000010	-0.00000003
-3.45000000	0.00000004	0.00000007
-3.40000000	0.00000018	0.00000005
-3.35000000	0.00000026	-0.00000000
-3.30000000	0.00000025	0.00000012
-3.25000000	0.00000021	0.00000006
-3.20000000	0.00000031	0.00000012
-3.15000000	0.00000026	0.00000002
-3.10000000	0.00000026	0.00000006
-3.05000000	0.00000010	0.00000006
-3.00000000	0.00000006	-0.00000001
-2.95000000	0.00000001	0.00000003
-2.90000000	0.00000013	0.00000001
-2.85000000	-0.00000002	0.00000005
-2.80000000	-0.00000010	-0.00000001
-2.75000000	-0.00000017	-0.00000004
-2.70000000	-0.00000021	0.00000008
-2.65000000	0.00000004	0.00000004
-2.60000000	0.00000001	-0.00000005
-2.55000000	-0.00000002	-0.00000001
-2.50000000	0.00000001	-0.00000007
-2.45000000	0.00000004	0.00000013
-2.40000000	0.00000002	-0.00000003
-2.35000000	-0.00000010	-0.00000005
-2.30000000	-0.00000022	0.00000002
-2.25000000	-0.00000020	0.00000002
-2.20000000	-0.00000001	0.00000001
-2.15000000	0.00000013	-0.00000002
-2.10000000	0.00000018	-0.00000003
-2.05000000	0.00000011	-0.00000001
-2.00000000	0.00000004	0.00000002
-1.95000000	0.00000014	0.00000000
-1.90000000	0.00000012	0.00000004
-1.85000000	0.00000023	-0.00000003
-1.80000000	0.00000015	0.00000010
-1.75000000	0.00000023	-0.00000008
-1.70000000	0.00000007	0.00000004
-1.65000000	-0.00000001	-0.00000002
-1.60000000	-0.00000003	-0.00000015
-1.55000000	-0.00000002	-0.00000004
-1.50000000	-0.00000027	0.00000001
-1.45000000	-0.00000024	0.00000006
-1.40000000	-0.00000027	-0.00000006
-1.35000000	-0.00000030	-0.00000006
-1.30000000	-0.00000030	0.00000000
-1.25000000	-0.00000022	-0.00000008
-1.20000000	-0.00000018	-0.00000015
-1.15000000	-0.00000010	-0.00000007
-1.10000000	-0.00000012	-0.00000001
-1.05000000	-0.00000008	0.00000001
-1.00000000	0.00000002	-0.00000004
-0.95000000	0.00000007	0.00000009
-0.90000000	0.00000005	0.00000006
-0.85000000	0.00000010	0.00000003
-0.80000000	0.00000015	0.00000006
-0.75000000	0.00000022	-0.00000000
-0.70000000	0.00000024	-0.00000004
-0.65000000	0.00000027	0.00000003
-0.60000000	0.00000019	-0.00000000
-0.55000000	0.00000021	0.00000005
-0.50000000	0.00000016	0.00000012
-0.45000000	0.00000012	-0.00000005
-0.40000000	0.00000001	0.00000001
-0.35000000	0.00000010	-0.00000004
-0.30000000	-0.00000008	0.00000011
-0.25000000	0.00000001	0.00000003
-0.20000000	-0.00000008	-0.00000009
-0.15000000	-0.00000009	-0.00000009
-0.10000000	-0.00000014	0.00000008
-0.05000000	-0.00000013	0.00000002
0.00000000	-0.00000010	0.00000009
0.05000000	-0.00000015	0.00000002
0.10000000	-0.00000006	0.00000002
0.15000000	0.00000002	0.00000000
0.20000000	-0.00000001	0.00000008
0.25000000	0.00000015	-0.00000000
0.30000000	0.00000021	0.00000021
0.35000000	0.00000029	-0.00000001
0.40000000	0.00000029	0.00000000
0.45000000	0.00000028	0.00000004
0.50000000	0.00000019	0.00000011
0.55000000	0.00000022	0.00000016
0.60000000	0.00000016	0.00000012
0.65000000	0.00000022	0.00000009
0.70000000	0.00000017	0.00000009
0.75000000	0.00000010	0.00000003
0.80000000	0.00000004	-0.00000002
0.85000000	-0.00000004	0.00000002
0.90000000	0.00000002	-0.00000005
0.95000000	-0.00000011	-0.00000002
1.00000000	-0.00000015	-0.00000003
1.05000000	-0.00000018	0.00000011
1.10000000	-0.00000013	-0.00000015
1.15000000	-0.00000020	-0.00000013
1.20000000	-0.00000012	-0.00000003
1.25000000	-0.00000014	-0.00000011
1.30000000	-0.00000022	-0.00000016
1.35000000	-0.00000017	0.00000008
1.40000000	-0.00000019	-0.00000003
1.45000000	-0.00000016	0.00000006
1.50000000	-0.00000009	0.00000003
1.55000000	-0.00000013	0.00000007
1.60000000	-0.00000015	0.00000007
1.65000000	0.00000001	0.00000017
1.70000000	-0.00000017	0.00000004
1.75000000	-0.00000003	-0.00000006
1.80000000	0.00000020	0.00000014
1.85000000	0.00000022	-0.00000006
1.90000000	0.00000041	0.00000007
1.95000000	0.00000041	-0.00000006
2.00000000	0.00000044	-0.00000005
2.05000000	0.00000056	0.00000002
2.10000000	0.00000055	0.00000007
2.15000000	0.00000047	-0.00000016
2.20000000	0.00000044	0.00000003
2.25000000	0.00000018	-0.00000013
2.30000000	0.00000010	0.00000003
2.35000000	-0.00000012	-0.00000009
2.40000000	-0.00000020	0.00000009
2.45000000	-0.00000030	-0.00000008
2.50000000	-0.00000054	-0.00000004
2.55000000	-0.00000067	-0.00000007
2.60000000	-0.00000071	0.00000002
2.65000000	-0.00000073	-0.00000002
2.70000000	-0.00000059	0.00000015
2.75000000	-0.00000063	0.00000005
2.80000000	-0.00000046	-0.00000005
2.85000000	-0.00000027	0.00000005
2.90000000	-0.00000025	-0.00000005
2.95000000	0.00000002	0.00000003
3.00000000	0.00000001	0.00000002
3.05000000	0.00000038	0.00000007
3.10000000	0.00000041	0.00000007
3.15000000	0.00000062	-0.00000000
3.20000000	0.00000078	0.00000008
3.25000000	0.00000077	0.00000003
3.30000000	0.00000093	0.00000006
3.35000000	0.00000097	-0.00000000
3.40000000	0.00000074	-0.00000003
3.45000000	0.00000076	-0.00000003
3.50000000	0.00000062	-0.00000007
3.55000000	0.00000036	-0.00000004
3.60000000	0.00000019	-0.00000005
3.65000000	-0.00000013	-0.00000003
3.70000000	-0.00000029	-0.00000005
3.75000000	-0.00000037	-0.00000000
3.80000000	-0.00000063	0.00000010
3.85000000	-0.00000083	0.00000002
3.90000000	-0.00000068	-0.00000004
3.95000000	-0.00000066	0.00000004
4.00000000	-0.00000059	0.00000000
4.05000000	-0.00000041	-0.00000003
4.10000000	-0.00000033	0.00000009
4.15000000	-0.00000021	0.00000004
4.20000000	0.00000005	0.00000013
4.25000000	0.00000018	0.00000008
4.30000000	0.00000045	0.00000005
4.35000000	0.00000051	0.00000000
4.40000000	0.00000053	0.00000007
4.45000000	0.00000058	-0.00000002
4.50000000	0.00000053	0.00000004
4.55000000	0.00000040	-0.00000007
4.60000000	0.00000044	-0.00000007
4.65000000	0.00000026	-0.00000007
4.70000000	0.00000004	-0.00000003
4.75000000	-0.00000012	-0.00000008
4.80000000	-0.00000025	0.00000000
4.85000000	-0.00000030	-0.00000008
4.90000000	-0.00000043	-0.00000002
4.95000000	-0.00000061	-0.00000013
5.00000000	-0.00000072	0.00000000
5.05000000	-0.00000096	0.00000006
5.10000000	-0.00000098	-0.00000001
5.15000000	-0.00000083	-0.00000016
5.20000000	-0.00000081	0.00000013
5.25000000	-0.00000057	0.00000008
5.30000000	-0.00000022	0.00000011
5.35000000	0.00000009	0.00000010
5.40000000	0.00000065	0.00000015
5.45000000	0.00000112	0.00000009
5.50000000	0.00000160	0.00000010
5.55000000	0.00000186	0.00000009
5.60000000	0.00000224	0.00000002
5.65000000	0.00000232	-0.00000003
5.70000000	0.00000211	0.00000005
5.75000000	0.00000181	0.00000002
5.80000000	0.00000150	0.00000000
5.85000000	0.00000087	-0.00000008
5.90000000	0.00000023	-0.00000018
5.95000000	-0.00000056	-0.00000014
6.00000000	-0.00000136	-0.00000017
6.05000000	-0.00000215	-0.00000005
6.10000000	-0.00000273	-0.00000004
6.15000000	-0.00000306	-0.00000020
6.20000000	-0.00000331	-0.00000010
6.25000000	-0.00000321	-0.00000012
6.30000000	-0.00000297	-0.00000008
6.35000000	-0.00000246	-0.00000003
6.40000000	-0.00000174	-0.00000001
6.45000000	-0.00000099	0.00000011
6.50000000	-0.00000009	0.00000008
6.55000000	0.00000054	0.00000027
6.60000000	0.00000165	0.00000008
6.65000000	0.00000228	0.00000024
6.70000000	0.00000290	0.00000016
6.75000000	0.00000341	0.00000015
6.80000000	0.00000379	0.00000009
6.85000000	0.00000391	0.00000011
6.90000000	0.00000365	0.00000020
6.95000000	0.00000345	-0.00000003
7.00000000	0.00000289	-0.00000008
7.05000000	0.00000183	0.00000006
7.10000000	0.00000083	-0.00000004
7.15000000	-0.00000030	-0.00000013
7.20000000	-0.00000140	-0.00000012
7.25000000	-0.00000246	-0.00000030
7.30000000	-0.00000332	-0.00000029
7.35000000	-0.00000404	-0.00000019
7.40000000	-0.00000460	-0.00000013
7.45000000	-0.00000467	-0.00000017
7.50000000	-0.00000442	-0.00000023
7.55000000	-0.00000374	-0.00000017
7.60000000	-0.00000295	0.00000002
7.65000000	-0.00000169	0.00000010
7.70000000	-0.00000054	0.00000007
7.75000000	0.00000081	0.00000010
7.80000000	0.00000206	0.00000010
7.85000000	0.00000310	0.00000030
7.90000000	0.00000400	0.00000048
7.95000000	0.00000448	0.00000026
8.00000000	0.00000456	0.00000030
8.05000000	0.00000442	0.00000028
8.10000000	0.00000385	0.00000015
8.15000000	0.00000309	-0.00000016
8.20000000	0.00000187	-0.00000011
8.25000000	0.00000090	-0.00000016
8.30000000	-0.00000027	-0.00000018
8.35000000	-0.00000141	-0.00000027
8.40000000	-0.00000234	-0.00000033
8.45000000	-0.00000313	-0.00000043
8.50000000	-0.00000363	-0.00000039
8.55000000	-0.00000395	-0.00000029
8.60000000	-0.00000396	-0.00000030
8.65000000	-0.00000362	-0.00000007
8.70000000	-0.00000311	-0.00000013
8.75000000	-0.00000228	0.00000012
8.80000000	-0.00000135	0.00000007
8.85000000	-0.00000036	0.00000009
8.90000000	0.00000075	0.00000028
8.95000000	0.00000174	0.00000029
9.00000000	0.00000256	0.00000040
9.05000000	0.00000311	0.00000033
9.10000000	0.00000339	0.00000034
9.15000000	0.00000359	0.00000040
9.20000000	0.00000331	0.00000033
9.25000000	0.00000300	0.00000021
9.30000000	0.00000248	0.00000021
9.35000000	0.00000187	0.00000003
9.40000000	0.00000112	-0.00000011
9.45000000	0.00000027	-0.00000022
9.50000000	-0.00000048	-0.00000030
9.55000000	-0.00000120	-0.00000021
9.60000000	-0.00000195	-0.00000034
9.65000000	-0.00000249	-0.00000042
9.70000000	-0.00000291	-0.00000044
9.75000000	-0.00000310	-0.00000037
9.80000000	-0.00000306	-0.00000029
9.85000000	-0.00000287	-0.00000021
9.90000000	-0.00000233	-0.00000007
9.95000000	-0.00000152	0.00000009
10.00000000	-0.00000088	0.00000010
10.05000000	-0.00000000	0.00000010
10.10000000	0.00000079	0.00000027
10.15000000	0.00000152	0.00000042
10.20000000	0.00000230	0.00000035
10.25000000	0.00000252	0.00000044
10.30000000	0.00000300	0.00000031
10.35000000	0.00000308	0.00000027
10.40000000	0.00000291	0.00000024
10.45000000	0.00000231	0.00000010
10.50000000	0.00000180	0.00000007
10.55000000	0.00000095	-0.00000011
10.60000000	0.00000008	-0.00000013
10.65000000	-0.00000063	-0.00000023
10.70000000	-0.00000140	-0.00000029
10.75000000	-0.00000186	-0.00000029
10.80000000	-0.00000237	-0.00000045
10.85000000	-0.00000244	-0.00000034
10.90000000	-0.00000249	-0.00000038
10.95000000	-0.00000237	-0.00000039
11.00000000	-0.00000218	-0.00000025
11.05000000	-0.00000198	-0.00000012
11.10000000	-0.00000158	0.00000010
11.15000000	-0.00000124	0.00000007
11.20000000	-0.00000096	0.00000016
11.25000000	-0.00000044	0.00000029
11.30000000	0.00000015	0.00000022
11.35000000	0.00000076	0.00000042
11.40000000	0.00000145	0.00000036
11.45000000	0.00000213	0.00000030
11.50000000	0.00000273	0.00000037
11.55000000	0.00000319	0.00000030
11.60000000	0.00000327	0.00000025
11.65000000	0.00000311	0.00000015
11.70000000	0.00000290	0.00000001
11.75000000	0.00000249	-0.00000007
11.80000000	0.00000177	-0.00000010
11.85000000	0.00000102	-0.00000022
11.90000000	0.00000003	-0.00000033
11.95000000	-0.00000090	-0.00000041
12.00000000	-0.00000178	-0.00000029
12.05000000	-0.00000247	-0.00000033
12.10000000	-0.00000295	-0.00000035
12.15000000	-0.00000337	-0.00000030
12.20000000	-0.00000337	-0.00000022
12.25000000	-0.00000309	-0.00000014
12.30000000	-0.00000266	-0.00000008
12.35000000	-0.00000207	0.00000009
12.40000000	-0.00000123	0.00000013
12.45000000	-0.00000052	0.00000022
12.50000000	0.00000037	0.00000028
12.55000000	0.00000096	0.00000037
12.60000000	0.00000169	0.00000038
12.65000000	0.00000230	0.00000033
12.70000000	0.00000255	0.00000037
12.75000000	0.00000279	0.00000027
12.80000000	0.00000301	0.00000019
12.85000000	0.00000292	0.00000018
12.90000000	0.00000270	0.00000000
12.95000000	0.00000226	-0.00000004
13.00000000	0.00000183	-0.00000014
13.05000000	0.00000112	-0.00000020
13.10000000	0.00000018	-0.00000029
13.15000000	-0.00000066	-0.00000032
13.20000000	-0.00000135	-0.00000031
13.25000000	-0.00000230	-0.00000037
13.30000000	-0.00000292	-0.00000034
13.35000000	-0.00000340	-0.00000025
13.40000000	-0.00000340	-0.00000019
13.45000000	-0.00000321	-0.00000024
13.50000000	-0.00000289	-0.00000001
13.55000000	-0.00000215	0.00000006
13.60000000	-0.00000143	0.00000010
13.65000000	-0.00000076	0.00000035
13.70000000	0.00000000	0.00000035
13.75000000	0.00000104	0.00000037
13.80000000	0.00000179	0.00000044
13.85000000	0.00000248	0.00000027
13.90000000	0.00000270	0.00000042
13.95000000	0.00000299	0.00000020
14.00000000	0.00000303	0.00000020
14.05000000	0.00000282	0.00000010
14.10000000	0.00000238	0.00000000
14.15000000	0.00000185	0.00000005
14.20000000	0.00000130	-0.00000008
14.25000000	0.00000065	-0.00000021
14.30000000	0.00000003	-0.00000035
14.35000000	-0.00000062	-0.00000033
14.40000000	-0.00000137	-0.00000035
14.45000000	-0.00000210	-0.00000022
14.50000000	-0.00000242	-0.00000031
14.55000000	-0.00000275	-0.00000030
14.60000000	-0.00000296	-0.00000011
14.65000000	-0.00000291	-0.00000008
14.70000000	-0.00000282	-0.00000000
14.75000000	-0.00000237	0.00000011
14.80000000	-0.00000184	0.00000018
14.85000000	-0.00000115	0.00000026
14.90000000	-0.00000031	0.00000022
14.95000000	0.00000054	0.00000027
15.00000000	0.00000138	0.00000032
15.05000000	0.00000209	0.00000033
15.10000000	0.00000273	0.00000024
15.15000000	0.00000313	0.00000015
15.20000000	0.00000318	0.00000019
15.25000000	0.00000320	0.00000006
15.30000000	0.00000307	-0.00000003
15.35000000	0.00000277	-0.00000004
15.40000000	0.00000224	-0.00000010
15.45000000	0.00000167	-0.00000036
15.50000000	0.00000095	-0.00000037
15.55000000	0.00000013	-0.00000030
15.60000000	-0.00000077	-0.00000028
15.65000000	-0.00000153	-0.00000031
15.70000000	-0.00000226	-0.00000023
15.75000000	-0.00000286	-0.00000020
15.80000000	-0.00000314	-0.00000026
15.85000000	-0.00000317	-0.00000027
15.90000000	-0.00000320	0.00000010
15.95000000	-0.00000297	0.00000010
16.00000000	-0.00000243	0.00000018
16.05000000	-0.00000185	0.00000030
16.10000000	-0.00000086	0.00000027
16.15000000	0.00000003	0.00000034
16.20000000	0.00000088	0.00000034
16.25000000	0.00000177	0.00000040
16.30000000	0.00000244	0.00000028
16.35000000	0.00000302	0.00000027
16.40000000	0.00000336	0.00000015
16.45000000	0.00000350	0.00000013
16.50000000	0.00000336	0.00000013
16.55000000	0.00000299	-0.00000012
16.60000000	0.00000235	-0.00000005
16.65000000	0.00000140	-0.00000018
16.70000000	0.00000031	-0.00000012
16.75000000	-0.00000087	-0.00000021
16.80000000	-0.00000198	-0.00000041
16.85000000	-0.00000288	-0.00000030
16.90000000	-0.00000357	-0.00000026
16.95000000	-0.00000382	-0.00000037
17.00000000	-0.00000382	-0.00000026
17.05000000	-0.00000346	-0.00000008
17.10000000	-0.00000308	-0.00000004
17.15000000	-0.00000231	0.00000013
17.20000000	-0.00000146	0.00000014
17.25000000	-0.00000033	0.00000030
17.30000000	0.00000066	0.00000023
17.35000000	0.00000170	0.00000030
17.40000000	0.00000271	0.00000042
17.45000000	0.00000365	0.00000038
17.50000000	0.00000409	0.00000030
17.55000000	0.00000421	0.00000028
17.60000000	0.00000398	0.00000027
17.65000000	0.00000338	0.00000006
17.70000000	0.00000268	0.00000011
17.75000000	0.00000186	-0.00000001
17.80000000	0.00000088	-0.00000006
17.85000000	0.00000006	-0.00000020
17.90000000	-0.00000109	-0.00000042
17.95000000	-0.00000201	-0.00000027
18.00000000	-0.00000275	-0.00000036
18.05000000	-0.00000338	-0.00000031
18.10000000	-0.00000379	-0.00000033
18.15000000	-0.00000391	-0.00000031
18.20000000	-0.00000388	-0.00000030
18.25000000	-0.00000344	-0.00000009
18.30000000	-0.00000292	-0.00000003
18.35000000	-0.00000200	0.00000010
18.40000000	-0.00000100	0.00000014
18.45000000	0.00000004	0.00000025
18.50000000	0.00000109	0.00000019
18.55000000	0.00000226	0.00000039
18.60000000	0.00000303	0.00000040
18.65000000	0.00000379	0.00000044
18.70000000	0.00000424	0.00000050
18.75000000	0.00000438	0.00000039
18.80000000	0.00000394	0.00000023
18.85000000	0.00000349	0.00000017
18.90000000	0.00000266	-0.00000003
18.95000000	0.00000190	-0.00000008
19.00000000	0.00000090	-0.00000015
19.05000000	-0.00000022	-0.00000034
19.10000000	-0.00000128	-0.00000038
19.15000000	-0.00000215	-0.00000035
19.20000000	-0.00000312	-0.00000035
19.25000000	-0.00000380	-0.00000054
19.30000000	-0.00000381	-0.00000037
19.35000000	-0.00000383	-0.00000026
19.40000000	-0.00000354	-0.00000022
19.45000000	-0.00000313	-0.00000014
19.50000000	-0.00000217	0.00000007
19.55000000	-0.00000147	0.00000021
19.60000000	-0.00000071	0.00000027
19.65000000	0.00000012	0.00000030
19.70000000	0.00000095	0.00000034
19.75000000	0.00000167	0.00000039
19.80000000	0.00000254	0.00000051
19.85000000	0.00000263	0.00000038
19.90000000	0.00000301	0.00000039
19.95000000	0.00000283	0.00000024
20.00000000	0.00000284	0.00000020
20.05000000	0.00000243	0.00000007
20.10000000	0.00000192	-0.00000005
20.15000000	0.00000126	-0.00000014
20.20000000	0.00000063	-0.00000020
20.25000000	-0.00000009	-0.00000038
20.30000000	-0.00000078	-0.00000038
20.35000000	-0.00000113	-0.00000046
20.40000000	-0.00000186	-0.00000037
20.45000000	-0.00000198	-0.00000044
20.50000000	-0.00000229	-0.00000034
20.55000000	-0.00000239	-0.00000016
20.60000000	-0.00000229	-0.00000019
20.65000000	-0.00000217	-0.00000003
20.70000000	-0.00000207	0.00000011
20.75000000	-0.00000156	0.00000017
20.80000000	-0.00000107	0.00000026
20.85000000	-0.00000040	0.00000029
20.90000000	0.00000022	0.00000033
20.95000000	0.00000106	0.00000035
21.00000000	0.00000164	0.00000038
21.05000000	0.00000229	0.00000035
21.10000000	0.00000257	0.00000022
21.15000000	0.00000260	0.00000021
21.20000000	0.00000272	0.00000018
21.25000000	0.00000260	0.00000007
21.30000000	0.00000230	-0.00000013
21.35000000	0.00000189	-0.00000019
21.40000000	0.00000088	-0.00000025
21.45000000	0.00000044	-0.00000029
21.50000000	-0.00000046	-0.00000045
21.55000000	-0.00000117	-0.00000041
21.60000000	-0.00000186	-0.00000029
21.65000000	-0.00000238	-0.00000024
21.70000000	-0.00000239	-0.00000029
21.75000000	-0.00000258	-0.00000017
21.80000000	-0.00000234	-0.00000017
21.85000000	-0.00000202	-0.00000013
21.90000000	-0.00000183	0.00000008
21.95000000	-0.00000137	0.00000014
22.00000000	-0.00000105	0.00000035
22.05000000	-0.00000019	0.00000035
22.10000000	0.00000049	0.00000024
22.15000000	0.00000108	0.00000033
22.20000000	0.00000157	0.00000044
22.25000000	0.00000218	0.00000034
22.30000000	0.00000250	0.00000023
22.35000000	0.00000265	0.00000025
22.40000000	0.00000275	0.00000004
22.45000000	0.00000273	-0.00000007
22.50000000	0.00000238	-0.00000005
22.55000000	0.00000182	-0.00000005
22.60000000	0.00000123	-0.00000015
22.65000000	0.00000047	-0.00000023
22.70000000	-0.00000032	-0.00000027
22.75000000	-0.00000129	-0.00000025
22.80000000	-0.00000217	-0.00000035
22.85000000	-0.00000274	-0.00000034
22.90000000	-0.00000327	-0.00000025
22.95000000	-0.00000341	-0.00000012
23.00000000	-0.00000344	-0.00000010
23.05000000	-0.00000314	-0.00000008
23.10000000	-0.00000254	0.00000003
23.15000000	-0.00000194	0.00000004
23.20000000	-0.00000102	0.00000026
23.25000000	-0.00000015	0.00000033
23.30000000	0.00000085	0.00000043
23.35000000	0.00000149	0.00000042
23.40000000	0.00000217	0.00000026
23.45000000	0.00000265	0.00000023
23.50000000	0.00000294	0.00000024
23.55000000	0.00000305	0.00000006
23.60000000	0.00000294	0.00000014
23.65000000	0.00000266	0.00000005
23.70000000	0.00000224	0.00000002
23.75000000	0.00000171	-0.00000006
23.80000000	0.00000096	-0.00000012
23.85000000	0.00000040	-0.00000034
23.90000000	-0.00000028	-0.00000029
23.95000000	-0.00000091	-0.00000038
24.00000000	-0.00000152	-0.00000043
24.05000000	-0.00000214	-0.00000024
24.10000000	-0.00000262	-0.00000022
24.15000000	-0.00000287	-0.00000012
24.20000000	-0.00000290	-0.00000010
24.25000000	-0.00000291	-0.00000009
24.30000000	-0.00000248	0.00000004
24.35000000	-0.00000197	0.00000026
24.40000000	-0.00000118	0.00000028
24.45000000	-0.00000034	0.00000027
24.50000000	0.00000048	0.00000036
24.55000000	0.00000131	0.00000035
24.60000000	0.00000191	0.00000030
24.65000000	0.00000235	0.00000019
24.70000000	0.00000262	0.00000024
24.75000000	0.00000281	0.00000012
24.80000000	0.00000272	0.00000002
24.85000000	0.00000258	-0.00000006
24.90000000	0.00000232	-0.00000013
24.95000000	0.00000184	-0.00000020
25.00000000	0.00000128	-0.00000024
25.05000000	0.00000070	-0.00000031
25.10000000	-0.00000008	-0.00000049
25.15000000	-0.00000081	-0.00000037
25.20000000	-0.00000145	-0.00000038
25.25000000	-0.00000195	-0.00000028
25.30000000	-0.00000224	-0.00000024
25.35000000	-0.00000249	-0.00000017
25.40000000	-0.00000261	-0.00000015
25.45000000	-0.00000246	0.00000003
25.50000000	-0.00000230	0.00000003
25.55000000	-0.00000183	0.00000018
25.60000000	-0.00000134	0.00000026
25.65000000	-0.00000060	0.00000033
25.70000000	0.00000013	0.00000035
25.75000000	0.00000075	0.00000040
25.80000000	0.00000130	0.00000041
25.85000000	0.00000163	0.00000026
25.90000000	0.00000213	0.00000035
25.95000000	0.00000241	0.00000022
26.00000000	0.00000248	0.00000004
26.05000000	0.00000259	0.00000009
26.10000000	0.00000238	-0.00000003
26.15000000	0.00000194	-0.00000020
26.20000000	0.00000158	-0.00000015
26.25000000	0.00000085	-0.00000028
26.30000000	-0.00000001	-0.00000030
26.35000000	-0.00000058	-0.00000035
26.40000000	-0.00000115	-0.00000027
26.45000000	-0.00000175	-0.00000033
26.50000000	-0.00000211	-0.00000029
26.55000000	-0.00000259	-0.00000026
26.60000000	-0.00000267	-0.00000012
26.65000000	-0.00000272	-0.00000003
26.70000000	-0.00000274	0.00000008
26.75000000	-0.00000225	0.00000020
26.80000000	-0.00000158	0.00000019
26.85000000	-0.00000088	0.00000029
26.90000000	-0.00000019	0.00000027
26.95000000	0.00000057	0.00000031
27.00000000	0.00000120	0.00000030
27.05000000	0.00000184	0.00000030
27.10000000	0.00000245	0.00000029
27.15000000	0.00000268	0.00000016
27.20000000	0.00000284	0.00000015
27.25000000	0.00000273	0.00000001
27.30000000	0.00000250	-0.00000000
27.35000000	0.00000231	-0.00000011
27.40000000	0.00000178	-0.00000019
27.45000000	0.00000137	-0.00000025
27.50000000	0.00000074	-0.00000027
27.55000000	0.00000008	-0.00000026
27.60000000	-0.00000056	-0.00000040
27.65000000	-0.00000138	-0.00000031
27.70000000	-0.00000180	-0.00000021
27.75000000	-0.00000228	-0.00000015
27.80000000	-0.00000263	-0.00000009
27.85000000	-0.00000256	-0.00000005
27.90000000	-0.00000254	0.00000001
27.95000000	-0.00000245	0.00000001
28.00000000	-0.00000196	0.00000015
28.05000000	-0.00000141	0.00000019
28.10000000	-0.00000087	0.00000026
28.15000000	-0.00000025	0.00000027
28.20000000	0.00000030	0.00000024
28.25000000	0.00000100	0.00000026
28.30000000	0.00000168	0.00000019
28.35000000	0.00000220	0.00000018
28.40000000	0.00000255	0.00000020
28.45000000	0.00000271	0.00000007
28.50000000	0.00000267	-0.00000002
28.55000000	0.00000263	-0.00000008
28.60000000	0.00000221	-0.00000013
28.65000000	0.00000153	-0.00000020
28.70000000	0.00000109	-0.00000029
28.75000000	0.00000057	-0.00000022
28.80000000	-0.00000010	-0.00000024
28.85000000	-0.00000085	-0.00000020
28.90000000	-0.00000127	-0.00000020
28.95000000	-0.00000185	-0.00000019
29.00000000	-0.00000219	-0.00000008
29.05000000	-0.00000253	0.00000000
29.10000000	-0.00000268	-0.00000003
29.15000000	-0.00000262	0.00000001
29.20000000	-0.00000239	0.00000014
29.25000000	-0.00000211	0.00000013
29.30000000	-0.00000172	0.00000017
29.35000000	-0.00000119	0.00000027
29.40000000	-0.00000045	0.00000023
29.45000000	0.00000032	0.00000030
29.50000000	0.00000126	0.00000009
29.55000000	0.00000178	0.00000026
29.60000000	0.00000229	0.00000020
29.65000000	0.00000289	0.00000008
29.70000000	0.00000290	0.00000003
29.75000000	0.00000292	0.00000002
29.80000000	0.00000260	-0.00000011
29.85000000	0.00000230	-0.00000023
29.90000000	0.00000157	-0.00000020
29.95000000	0.00000090	-0.00000023
30.00000000	0.00000035	-0.00000014
30.05000000	-0.00000049	-0.00000009
30.10000000	-0.00000129	-0.00000002
30.15000000	-0.00000177	-0.00000033
30.20000000	-0.00000238	-0.00000020
30.25000000	-0.00000288	-0.00000006
30.30000000	-0.00000296	-0.00000004
30.35000000	-0.00000292	-0.00000010
30.40000000	-0.00000264	0.00000001
30.45000000	-0.00000225	0.00000015
30.50000000	-0.00000151	0.00000008
30.55000000	-0.00000072	0.00000016
30.60000000	0.00000009	0.00000020
30.65000000	0.00000091	0.00000021
30.70000000	0.00000160	0.00000030
30.75000000	0.00000217	0.00000028
30.80000000	0.00000262	0.00000015
30.85000000	0.00000296	0.00000014
30.90000000	0.00000296	0.00000002
30.95000000	0.00000294	0.00000003
31.00000000	0.00000261	-0.00000002
31.05000000	0.00000211	-0.00000013
31.10000000	0.00000164	-0.00000017
31.15000000	0.00000089	-0.00000014
31.20000000	0.00000007	-0.00000001
31.25000000	-0.00000067	-0.00000035
31.30000000	-0.00000133	-0.00000023
31.35000000	-0.00000188	-0.00000024
31.40000000	-0.00000234	-0.00000020
31.45000000	-0.00000276	0.00000012
31.50000000	-0.00000291	-0.00000009
31.55000000	-0.00000291	-0.00000016
31.60000000	-0.00000267	-0.00000008
31.65000000	-0.00000223	0.00000016
31.70000000	-0.00000155	0.00000011
31.75000000	-0.00000087	0.00000016
31.80000000	-0.00000025	0.00000025
31.85000000	0.00000049	0.00000023
31.90000000	0.00000117	0.00000014
31.95000000	0.00000170	0.00000015
32.00000000	0.00000216	0.00000026
32.05000000	0.00000255	0.00000024
32.10000000	0.00000264	0.00000019
32.15000000	0.00000269	0.00000004
32.20000000	0.00000256	0.00000007
32.25000000	0.00000211	0.00000007
32.30000000	0.00000145	-0.00000011
32.35000000	0.00000085	-0.00000002
32.40000000	-0.00000001	-0.00000020
32.45000000	-0.00000072	-0.00000016
32.50000000	-0.00000141	-0.00000010
32.55000000	-0.00000199	-0.00000015
32.60000000	-0.00000229	-0.00000011
32.65000000	-0.00000265	-0.00000018
32.70000000	-0.00000270	-0.00000025
32.75000000	-0.00000253	0.00000000
32.80000000	-0.00000220	0.00000010
32.85000000	-0.00000185	0.00000008
32.90000000	-0.00000124	0.00000019
32.95000000	-0.00000052	0.00000017
33.00000000	0.00000024	0.00000020
33.05000000	0.00000103	0.00000006
33.10000000	0.00000186	0.00000032
33.15000000	0.00000247	0.00000018
33.20000000	0.00000266	0.00000016
33.25000000	0.00000282	0.00000011
33.30000000	0.00000269	0.00000011
33.35000000	0.00000240	-0.00000003
33.40000000	0.00000195	-0.00000008
33.45000000	0.00000148	-0.00000012
33.50000000	0.00000098	-0.00000007
33.55000000	0.00000018	-0.00000015
33.60000000	-0.00000028	-0.00000022
33.65000000	-0.00000098	-0.00000028
33.70000000	-0.00000139	-0.00000023
33.75000000	-0.00000186	-0.00000023
33.80000000	-0.00000206	-0.00000014
33.85000000	-0.00000215	-0.00000017
33.90000000	-0.00000211	-0.00000008
33.95000000	-0.00000190	-0.00000003
34.00000000	-0.00000175	-0.00000006
34.05000000	-0.00000127	0.00000007
34.10000000	-0.00000084	0.00000011
34.15000000	-0.00000036	0.00000022
34.20000000	0.00000005	0.00000018
34.25000000	0.00000071	0.00000028
34.30000000	0.00000120	0.00000023
34.35000000	0.00000164	0.00000020
34.40000000	0.00000196	0.00000023
34.45000000	0.00000212	0.00000014
34.50000000	0.00000208	0.00000000
34.55000000	0.00000199	0.00000000
34.60000000	0.00000198	0.00000001
34.65000000	0.00000158	-0.00000000
34.70000000	0.00000106	-0.00000011
34.75000000	0.00000058	-0.00000020
34.80000000	0.00000007	-0.00000025
34.85000000	-0.00000042	-0.00000023
34.90000000	-0.00000088	-0.00000012
34.95000000	-0.00000139	-0.00000017
35.00000000	-0.00000186	-0.00000010
35.05000000	-0.00000232	-0.00000019
35.10000000	-0.00000227	-0.00000003
35.15000000	-0.00000223	-0.00000006
35.20000000	-0.00000192	0.00000011
35.25000000	-0.00000172	0.00000003
35.30000000	-0.00000122	0.00000016
35.35000000	-0.00000080	0.00000022
35.40000000	-0.00000007	0.00000016
35.45000000	0.00000050	0.00000021
35.50000000	0.00000099	0.00000020
35.55000000	0.00000138	0.00000016
35.60000000	0.00000178	0.00000012
35.65000000	0.00000212	0.00000006
35.70000000	0.00000223	0.00000008
35.75000000	0.00000207	0.00000003
35.80000000	0.00000195	0.00000006
35.85000000	0.00000139	-0.00000014
35.90000000	0.00000107	-0.00000008
35.95000000	0.00000067	-0.00000018
36.00000000	0.00000012	-0.00000016
36.05000000	-0.00000051	-0.00000016
36.10000000	-0.00000090	-0.00000021
36.15000000	-0.00000140	-0.00000022
36.20000000	-0.00000186	-0.00000004
36.25000000	-0.00000205	-0.00000015
36.30000000	-0.00000204	-0.00000007
36.35000000	-0.00000191	-0.00000006
36.40000000	-0.00000174	0.00000005
36.45000000	-0.00000154	0.00000010
36.50000000	-0.00000111	0.00000012
36.55000000	-0.00000037	0.00000022
36.60000000	0.00000034	0.00000014
36.65000000	0.00000086	0.00000014
36.70000000	0.00000123	0.00000018
36.75000000	0.00000165	0.00000016
36.80000000	0.00000185	0.00000018
36.85000000	0.00000206	0.00000014
36.90000000	0.00000204	0.00000014
36.95000000	0.00000197	0.00000007
37.00000000	0.00000186	-0.00000011
37.05000000	0.00000148	-0.00000009
37.10000000	0.00000098	-0.00000010
37.15000000	0.00000050	-0.00000022
37.20000000	0.00000003	-0.00000014
37.25000000	-0.00000055	-0.00000013
37.30000000	-0.00000105	-0.00000014
37.35000000	-0.00000143	-0.00000021
37.40000000	-0.00000158	-0.00000029
37.45000000	-0.00000177	-0.00000014
37.50000000	-0.00000190	-0.00000000
37.55000000	-0.00000178	0.00000003
37.60000000	-0.00000166	0.00000009
37.65000000	-0.00000135	0.00000007
37.70000000	-0.00000108	0.00000022
37.75000000	-0.00000070	0.00000011
37.80000000	-0.00000017	0.00000005
37.85000000	0.00000011	0.00000020
37.90000000	0.00000061	0.00000015
37.95000000	0.00000104	0.00000021
38.00000000	0.00000143	0.00000011
38.05000000	0.00000164	0.00000005
38.10000000	0.00000194	-0.00000008
38.15000000	0.00000185	-0.00000002
38.20000000	0.00000184	-0.00000009
38.25000000	0.00000157	-0.00000007
38.30000000	0.00000122	-0.00000014
38.35000000	0.00000094	-0.00000015
38.40000000	0.00000043	-0.00000009
38.45000000	-0.00000000	-0.00000015
38.50000000	-0.00000063	-0.00000010
38.55000000	-0.00000113	-0.00000021
38.60000000	-0.00000149	-0.00000023
38.65000000	-0.00000176	-0.00000011
38.70000000	-0.00000193	0.00000005
38.75000000	-0.00000204	-0.00000001
38.80000000	-0.00000181	-0.00000007
38.85000000	-0.00000166	0.00000004
38.90000000	-0.00000136	0.00000005
38.95000000	-0.00000095	0.00000012
39.00000000	-0.00000045	0.00000008
39.05000000	-0.00000002	0.00000015
39.10000000	0.00000057	0.00000017
39.15000000	0.00000097	0.00000015
39.20000000	0.00000145	0.00000020
39.25000000	0.00000186	0.00000010
39.30000000	0.00000205	0.00000004
39.35000000	0.00000194	0.00000006
39.40000000	0.00000184	0.00000006
39.45000000	0.00000167	0.00000003
39.50000000	0.00000133	-0.00000017
39.55000000	0.00000094	-0.00000003
39.60000000	0.00000052	-0.00000023
39.65000000	0.00000012	-0.00000016
39.70000000	-0.00000033	-0.00000017
39.75000000	-0.00000071	-0.00000024
39.80000000	-0.00000105	-0.00000014
39.85000000	-0.00000139	-0.00000005
39.90000000	-0.00000154	-0.00000003
39.95000000	-0.00000168	-0.00000002
40.00000000	-0.00000156	0.00000002
40.05000000	-0.00000141	-0.00000001
40.10000000	-0.00000115	0.00000010
40.15000000	-0.00000085	-0.00000005
40.20000000	-0.00000037	0.00000007
40.25000000	0.00000003	0.00000012
40.30000000	0.00000049	0.00000011
40.35000000	0.00000092	0.00000029
40.40000000	0.00000130	0.00000027
40.45000000	0.00000162	0.00000024
40.50000000	0.00000165	-0.00000000
40.55000000	0.00000173	0.00000003
40.60000000	0.00000158	-0.00000000
40.65000000	0.00000131	-0.00000013
40.70000000	0.00000108	-0.00000006
40.75000000	0.00000075	-0.00000010
40.80000000	0.00000040	-0.00000005
40.85000000	-0.00000001	-0.00000014
40.90000000	-0.00000044	-0.00000012
40.95000000	-0.00000082	-0.00000014
41.00000000	-0.00000111	-0.00000006
41.05000000	-0.00000128	-0.00000011
41.10000000	-0.00000161	-0.00000013
41.15000000	-0.00000159	-0.00000007
41.20000000	-0.00000159	-0.00000008
41.25000000	-0.00000143	0.00000006
41.30000000	-0.00000127	0.00000014
41.35000000	-0.00000093	0.00000011
41.40000000	-0.00000060	0.00000004
41.45000000	-0.00000025	0.00000021
41.50000000	0.00000017	0.00000029
41.55000000	0.00000057	0.00000011
41.60000000	0.00000070	0.00000013
41.65000000	0.00000120	0.00000016
41.70000000	0.00000135	-0.00000000
41.75000000	0.00000148	0.00000001
41.80000000	0.00000146	-0.00000007
41.85000000	0.00000141	0.00000011
41.90000000	0.00000125	0.00000002
41.95000000	0.00000090	-0.00000015
42.00000000	0.00000060	-0.00000011
42.05000000	0.00000030	-0.00000018
42.10000000	-0.00000022	-0.00000018
42.15000000	-0.00000031	-0.00000009
42.20000000	-0.00000073	-0.00000014
42.25000000	-0.00000092	0.00000000
42.30000000	-0.00000107	0.00000004
42.35000000	-0.00000114	0.00000004
42.40000000	-0.00000127	0.00000008
42.45000000	-0.00000123	0.00000006
42.50000000	-0.00000103	0.00000004
42.55000000	-0.00000105	0.00000004
42.60000000	-0.00000051	0.00000017
42.65000000	-0.00000059	0.00000002
42.70000000	-0.00000001	0.00000014
42.75000000	0.00000033	0.00000011
42.80000000	0.00000072	0.00000011
42.85000000	0.00000094	0.00000005
42.90000000	0.00000113	-0.00000003
42.95000000	0.00000137	0.00000009
43.00000000	0.00000140	-0.00000012
43.05000000	0.00000141	-0.00000006
43.10000000	0.00000129	-0.00000007
43.15000000	0.00000120	-0.00000005
43.20000000	0.00000100	-0.00000012
43.25000000	0.00000064	-0.00000013
43.30000000	0.00000031	-0.00000008
43.35000000	-0.00000004	-0.00000011
43.40000000	-0.00000020	-0.00000009
43.45000000	-0.00000059	-0.00000003
43.50000000	-0.00000098	-0.00000003
43.55000000	-0.00000130	-0.00000002
43.60000000	-0.00000130	-0.00000001
43.65000000	-0.00000152	0.00000006
43.70000000	-0.00000140	0.00000009
43.75000000	-0.00000136	0.00000010
43.80000000	-0.00000099	0.00000015
43.85000000	-0.00000078	0.00000007
43.90000000	-0.00000047	0.00000005
43.95000000	0.00000005	0.00000008
44.00000000	0.00000055	0.00000010
44.05000000	0.00000088	0.00000005
44.10000000	0.00000115	0.00000004
44.15000000	0.00000129	0.00000006
44.20000000	0.00000148	0.00000000
44.25000000	0.00000138	-0.00000003
44.30000000	0.00000122	-0.00000007
44.35000000	0.00000104	-0.00000009
44.40000000	0.00000071	0.00000002
44.45000000	0.00000043	-0.00000004
44.50000000	0.00000013	0.00000000
44.55000000	-0.00000020	0.00000000
44.60000000	-0.00000065	-0.00000004
44.65000000	-0.00000100	-0.00000003
44.70000000	-0.00000123	-0.00000000
44.75000000	-0.00000135	-0.00000002
44.80000000	-0.00000149	0.00000005
44.85000000	-0.00000128	0.00000003
44.90000000	-0.00000123	0.00000009
44.95000000	-0.00000106	0.00000006
45.00000000	-0.00000099	0.00000012
45.05000000	-0.00000075	0.00000010
45.10000000	-0.00000033	0.00000002
45.15000000	0.00000003	0.00000002
45.20000000	0.00000030	0.00000005
45.25000000	0.00000045	0.00000009
45.30000000	0.00000104	0.00000003
45.35000000	0.00000124	-0.00000002
45.40000000	0.00000147	-0.00000003
45.45000000	0.00000161	-0.00000010
45.50000000	0.00000159	-0.00000001
45.55000000	0.00000140	-0.00000009
45.60000000	0.00000114	-0.00000011
45.65000000	0.00000079	-0.00000011
45.70000000	0.00000047	-0.00000005
45.75000000	0.00000014	-0.00000005
45.80000000	-0.00000033	-0.00000002
45.85000000	-0.00000061	0.00000000
45.90000000	-0.00000092	-0.00000004
45.95000000	-0.00000121	0.00000000
46.00000000	-0.00000134	-0.00000004
46.05000000	-0.00000149	0.00000007
46.10000000	-0.00000136	0.00000004
46.15000000	-0.00000126	0.00000014
46.20000000	-0.00000088	0.00000002
46.25000000	-0.00000057	0.00000016
46.30000000	-0.00000010	0.00000006
46.35000000	0.00000023	0.00000004
46.40000000	0.00000050	0.00000011
46.45000000	0.00000083	-0.00000004
46.50000000	0.00000110	0.00000015
46.55000000	0.00000143	0.00000001
46.60000000	0.00000157	0.00000001
46.65000000	0.00000166	-0.00000000
46.70000000	0.00000142	-0.00000003
46.75000000	0.00000106	-0.00000006
46.80000000	0.00000076	0.00000003
46.85000000	0.00000044	-0.00000003
46.90000000	-0.00000004	0.00000003
46.95000000	-0.00000038	-0.00000007
47.00000000	-0.00000068	0.00000001
47.05000000	-0.00000087	0.00000001
47.10000000	-0.00000109	-0.00000014
47.15000000	-0.00000127	0.00000000
47.20000000	-0.00000135	0.00000011
47.25000000	-0.00000133	-0.00000005
47.30000000	-0.00000130	0.00000011
47.35000000	-0.00000100	0.00000009
47.40000000	-0.00000076	0.00000005
47.45000000	-0.00000036	0.00000004
47.50000000	-0.00000007	-0.00000005
47.55000000	0.00000023	0.00000007
47.60000000	0.00000051	0.00000005
47.65000000	0.00000078	0.00000009
47.70000000	0.00000093	-0.00000008
47.75000000	0.00000101	-0.00000008
47.80000000	0.00000099	0.00000005
47.85000000	0.00000103	0.00000001
47.90000000	0.00000109	-0.00000013
47.95000000	0.00000093	-0.00000010
48.00000000	0.00000065	-0.00000003
48.05000000	0.00000043	0.00000009
48.10000000	0.00000003	-0.00000008
48.15000000	-0.00000024	-0.00000001
48.20000000	-0.00000053	-0.00000009
48.25000000	-0.00000072	-0.00000011
48.30000000	-0.00000095	-0.00000001
48.35000000	-0.00000103	-0.00000001
48.40000000	-0.00000105	-0.00000001
48.45000000	-0.00000109	0.00000003
48.50000000	-0.00000104	-0.00000000
48.55000000	-0.00000088	0.00000004
48.60000000	-0.00000082	0.00000000
48.65000000	-0.00000050	0.00000015
48.70000000	-0.00000018	-0.00000000
48.75000000	0.00000012	-0.00000001
48.80000000	0.00000053	0.00000000
48.85000000	0.00000090	-0.00000001
48.90000000	0.00000104	0.00000005
48.95000000	0.00000128	0.00000012
49.00000000	0.00000135	0.00000004
49.05000000	0.00000139	-0.00000004
49.10000000	0.00000131	-0.00000009
49.15000000	0.00000125	-0.00000003
49.20000000	0.00000095	0.00000000
49.25000000	0.00000057	-0.00000007
49.30000000	0.00000019	-0.00000005
49.35000000	-0.00000023	-0.00000008
49.40000000	-0.00000062	-0.00000010
49.45000000	-0.00000094	-0.00000010
49.50000000	-0.00000112	0.00000003
49.55000000	-0.00000116	0.00000000
49.60000000	-0.00000108	0.00000001
49.65000000	-0.00000100	-0.00000003
49.70000000	-0.00000083	0.00000003
49.75000000	-0.00000061	0.00000007
49.80000000	-0.00000037	0.00000005
49.85000000	-0.00000018	0.00000012
49.90000000	0.00000006	0.00000009
49.95000000	0.00000024	-0.00000004
50.00000000	0.00000051	0.00000001
50.05000000	0.00000077	0.00000004
50.10000000	0.00000098	0.00000009
50.15000000	0.00000090	-0.00000003
50.20000000	0.00000095	-0.00000004
50.25000000	0.00000070	-0.00000011
50.30000000	0.00000067	0.00000000
50.35000000	0.00000050	-0.00000007
50.40000000	0.00000041	0.00000003
50.45000000	0.00000020	-0.00000002
50.50000000	0.00000002	-0.00000004
50.55000000	-0.00000024	-0.00000007
50.60000000	-0.00000047	-0.00000014
50.65000000	-0.00000051	-0.00000004
50.70000000	-0.00000061	0.00000005
50.75000000	-0.00000083	-0.00000003
50.80000000	-0.00000080	0.00000001
50.85000000	-0.00000070	0.00000005
50.90000000	-0.00000072	0.00000009
50.95000000	-0.00000065	0.00000001
51.00000000	-0.00000051	0.00000007
51.05000000	-0.00000028	0.00000008
51.10000000	-0.00000025	0.00000009
51.15000000	0.00000001	0.00000003
51.20000000	-0.00000003	0.00000001
51.25000000	0.00000027	0.00000004
51.30000000	0.00000039	0.00000007
51.35000000	0.00000066	-0.00000003
51.40000000	0.00000082	-0.00000003
51.45000000	0.00000091	-0.00000002
51.50000000	0.00000103	-0.00000000
51.55000000	0.00000090	-0.00000004
51.60000000	0.00000061	-0.00000006
51.65000000	0.00000056	-0.00000005
51.70000000	0.00000022	-0.00000010
51.75000000	-0.00000007	-0.00000005
51.80000000	-0.00000022	-0.00000005
51.85000000	-0.00000048	-0.00000003
51.90000000	-0.00000073	-0.00000004
51.95000000	-0.00000095	0.00000003
52.00000000	-0.00000096	0.00000000
52.05000000	-0.00000101	0.00000003
52.10000000	-0.00000097	0.00000004
52.15000000	-0.00000086	0.00000004
52.20000000	-0.00000066	0.00000003
52.25000000	-0.00000042	0.00000008
52.30000000	-0.00000011	0.00000003
52.35000000	0.00000014	0.00000006
52.40000000	0.00000056	0.00000008
52.45000000	0.00000069	0.00000002
52.50000000	0.00000115	0.00000003
52.55000000	0.00000115	-0.00000000
52.60000000	0.00000126	-0.00000003
52.65000000	0.00000126	-0.00000001
52.70000000	0.00000131	-0.00000004
52.75000000	0.00000099	-0.00000000
52.80000000	0.00000075	0.00000001
52.85000000	0.00000054	-0.00000008
52.90000000	0.00000015	-0.00000006
52.95000000	-0.00000024	-0.00000001
53.00000000	-0.00000054	-0.00000003
53.05000000	-0.00000082	0.00000002
53.10000000	-0.00000094	-0.00000001
53.15000000	-0.00000107	0.00000002
53.20000000	-0.00000101	-0.00000000
53.25000000	-0.00000090	0.00000003
53.30000000	-0.00000084	0.00000001
53.35000000	-0.00000073	0.00000010
53.40000000	-0.00000051	0.00000001
53.45000000	-0.00000030	0.00000009
53.50000000	0.00000002	0.00000002
53.55000000	0.00000014	0.00000007
53.60000000	0.00000037	0.00000004
53.65000000	0.00000049	0.00000014
53.70000000	0.00000074	-0.00000001
53.75000000	0.00000076	0.00000002
53.80000000	0.00000075	0.00000005
53.85000000	0.00000078	-0.00000002
53.90000000	0.00000068	0.00000002
53.95000000	0.00000060	0.00000008
54.00000000	0.00000060	-0.00000001
54.05000000	0.00000040	-0.00000005
54.10000000	0.00000018	0.00000004
54.15000000	0.00000000	0.00000000
54.20000000	-0.00000023	-0.00000011
54.25000000	-0.00000038	-0.00000005
54.30000000	-0.00000060	0.00000001
54.35000000	-0.00000066	-0.00000003
54.40000000	-0.00000067	0.00000009
54.45000000	-0.00000057	-0.00000010
54.50000000	-0.00000073	0.00000018
54.55000000	-0.00000066	0.00000011
54.60000000	-0.00000053	-0.00000004
54.65000000	-0.00000049	0.00000009
54.70000000	-0.00000036	0.00000013
54.75000000	-0.00000014	0.00000001
54.80000000	0.00000003	0.00000008
54.85000000	0.00000023	0.00000003
54.90000000	0.00000040	-0.00000001
54.95000000	0.00000046	-0.00000004
55.00000000	0.00000044	-0.00000004
55.05000000	0.00000044	0.00000002
55.10000000	0.00000035	0.00000001
55.15000000	0.00000038	-0.00000013
55.20000000	0.00000030	-0.00000014
55.25000000	0.00000028	-0.00000008
55.30000000	0.00000026	-0.00000019
55.35000000	0.00000010	-0.00000007
55.40000000	0.00000001	-0.00000008
55.45000000	-0.00000012	-0.00000006
55.50000000	-0.00000025	0.00000014
55.55000000	-0.00000035	0.00000007
55.60000000	-0.00000043	0.00000000
55.65000000	-0.00000043	0.00000002
55.70000000	-0.00000038	0.00000008
55.75000000	-0.00000027	0.00000001
55.80000000	-0.00000015	0.00000006
55.85000000	0.00000001	-0.00000008
55.90000000	0.00000012	0.00000002
55.95000000	0.00000027	0.00000016
56.00000000	0.00000039	0.00000000
56.05000000	0.00000059	0.00000013
56.10000000	0.00000064	0.00000003
56.15000000	0.00000071	-0.00000005
56.20000000	0.00000074	-0.00000002
56.25000000	0.00000063	-0.00000002
56.30000000	0.00000049	-0.00000009
56.35000000	0.00000037	-0.00000008
56.40000000	0.00000022	-0.00000017
56.45000000	0.00000012	-0.00000020
56.50000000	0.00000005	0.00000004
56.55000000	-0.00000009	0.00000011
56.60000000	-0.00000016	0.00000003
56.65000000	-0.00000024	0.00000013
56.70000000	-0.00000039	0.00000005
56.75000000	-0.00000041	0.00000000
56.80000000	-0.00000041	-0.00000005
56.85000000	-0.00000041	0.00000002
56.90000000	-0.00000036	0.00000001
56.95000000	-0.00000023	0.00000008
57.00000000	-0.00000014	0.00000004
57.05000000	-0.00000010	-0.00000005
57.10000000	0.00000007	0.00000007
57.15000000	0.00000009	0.00000000
57.20000000	0.00000006	-0.00000008
57.25000000	0.00000012	-0.00000002
57.30000000	0.00000011	-0.00000004
57.35000000	0.00000009	-0.00000008
57.40000000	0.00000009	-0.00000006
57.45000000	0.00000022	0.00000001
57.50000000	0.00000003	-0.00000012
57.55000000	0.00000016	-0.00000003
57.60000000	0.00000007	-0.00000009
57.65000000	0.00000001	-0.00000015
57.70000000	0.00000005	0.00000002
57.75000000	-0.00000008	0.00000001
57.80000000	-0.00000029	-0.00000007
57.85000000	-0.00000036	0.00000002
57.90000000	-0.00000045	-0.00000011
57.95000000	-0.00000043	-0.00000001
58.00000000	-0.00000046	0.00000003
58.05000000	-0.00000050	0.00000000
58.10000000	-0.00000043	-0.00000002
58.15000000	-0.00000032	0.00000008
58.20000000	-0.00000031	0.00000002
58.25000000	-0.00000023	0.00000001
58.30000000	-0.00000003	-0.00000001
58.35000000	0.00000027	0.00000011
58.40000000	0.00000026	0.00000003
58.45000000	0.00000029	-0.00000001
58.50000000	0.00000044	0.00000001
58.55000000	0.00000040	-0.00000003
58.60000000	0.00000039	-0.00000006
58.65000000	0.00000039	-0.00000008
58.70000000	0.00000049	0.00000001
58.75000000	0.00000052	0.00000001
58.80000000	0.00000044	-0.00000003
58.85000000	0.00000041	-0.00000003
58.90000000	0.00000039	0.00000005
58.95000000	0.00000027	0.00000002
59.00000000	0.00000008	-0.00000003
59.05000000	-0.00000000	-0.00000000
59.10000000	-0.00000006	0.00000004
59.15000000	-0.00000017	-0.00000001
59.20000000	-0.00000023	0.00000006
59.25000000	-0.00000030	0.00000005
59.30000000	-0.00000037	0.00000006
59.35000000	-0.00000020	0.00000004
59.40000000	-0.00000042	-0.00000001
59.45000000	-0.00000040	-0.00000003
59.50000000	-0.00000024	0.00000000
59.55000000	-0.00000008	0.00000001
59.60000000	-0.00000004	0.00000001
59.65000000	0.00000010	0.00000001
59.70000000	0.00000029	0.00000003
59.75000000	0.00000038	-0.00000002
59.80000000	0.00000042	-0.00000002
59.85000000	0.00000040	-0.00000003
59.90000000	0.00000054	0.00000000
59.95000000	0.00000035	0.00000002
60.00000000	0.00000028	-0.00000003
60.05000000	0.00000022	-0.00000002
60.10000000	0.00000015	0.00000002
60.15000000	0.00000009	-0.00000003
60.20000000	0.00000005	-0.00000003
60.25000000	-0.00000022	0.00000005
60.30000000	-0.00000032	-0.00000002
60.35000000	-0.00000045	0.00000005
60.40000000	-0.00000046	0.00000003
60.45000000	-0.00000046	0.00000002
60.50000000	-0.00000037	-0.00000005
60.55000000	-0.00000033	0.00000002
60.60000000	-0.00000024	0.00000002
60.65000000	0.00000002	-0.00000004
60.70000000	-0.00000001	0.00000004
60.75000000	-0.00000002	-0.00000005
60.80000000	0.00000011	-0.00000003
60.85000000	0.00000024	-0.00000004
60.90000000	0.00000023	0.00000002
60.95000000	0.00000018	0.00000004
61.00000000	0.00000033	0.00000003
61.05000000	0.00000029	0.00000002
61.10000000	0.00000028	0.00000001
61.15000000	0.00000034	-0.00000004
61.20000000	0.00000023	-0.00000012
61.25000000	0.00000006	-0.00000001
61.30000000	0.00000002	-0.00000003
61.35000000	0.00000004	-0.00000011
61.40000000	-0.00000017	-0.00000005
61.45000000	-0.00000035	0.00000007
61.50000000	-0.00000034	-0.00000001
61.55000000	-0.00000040	-0.00000003
61.60000000	-0.00000038	-0.00000001
61.65000000	-0.00000041	-0.00000003
61.70000000	-0.00000020	-0.00000002
61.75000000	-0.00000015	-0.00000005
61.80000000	-0.00000020	0.00000012
61.85000000	0.00000005	-0.00000000
61.90000000	0.00000018	-0.00000008
61.95000000	0.00000011	0.00000006
62.00000000	0.00000021	0.00000005
62.05000000	0.00000023	0.00000002
62.10000000	0.00000035	-0.00000003
62.15000000	0.00000027	0.00000012
62.20000000	0.00000042	-0.00000002
62.25000000	0.00000039	-0.00000002
62.30000000	0.00000045	-0.00000006
62.35000000	0.00000029	0.00000008
62.40000000	0.00000033	0.00000006
62.45000000	0.00000027	0.00000001
62.50000000	0.00000019	0.00000003
62.55000000	0.00000015	-0.00000007
62.60000000	0.00000010	-0.00000004
62.65000000	-0.00000003	0.00000003
62.70000000	-0.00000009	-0.00000001
62.75000000	-0.00000018	0.00000014
62.80000000	-0.00000018	-0.00000006
62.85000000	-0.00000014	0.00000004
62.90000000	-0.00000013	-0.00000007
62.95000000	-0.00000021	0.00000010
63.00000000	-0.00000016	-0.00000008
63.05000000	-0.00000016	-0.00000006
63.10000000	-0.00000009	0.00000009
63.15000000	-0.00000003	-0.00000004
63.20000000	0.00000004	0.00000002
63.25000000	0.00000007	0.00000002
63.30000000	0.00000014	0.00000001
63.35000000	0.00000021	-0.00000004
63.40000000	0.00000024	-0.00000003
63.45000000	0.00000026	0.00000004
63.50000000	0.00000020	-0.00000008
63.55000000	0.00000015	-0.00000002
63.60000000	0.00000005	0.00000003
63.65000000	-0.00000004	-0.00000016
63.70000000	0.00000003	0.00000003
63.75000000	-0.00000003	0.00000001
63.80000000	-0.00000012	0.00000006
63.85000000	-0.00000023	-0.00000009
63.90000000	-0.00000018	-0.00000010
63.95000000	-0.00000030	-0.00000004
64.00000000	-0.00000025	-0.00000007
64.05000000	-0.00000031	-0.00000013
64.10000000	-0.00000025	-0.00000004
64.15000000	-0.00000012	0.00000004
64.20000000	-0.00000007	-0.00000013
64.25000000	-0.00000001	-0.00000003
64.30000000	0.00000005	-0.00000007
64.35000000	0.00000005	-0.00000012
64.40000000	0.00000021	0.00000019
64.45000000	0.00000008	0.00000005
64.50000000	0.00000027	0.00000012
64.55000000	0.00000021	-0.00000014
64.60000000	0.00000026	-0.00000007
64.65000000	0.00000024	0.00000002
64.70000000	0.00000017	-0.00000009
64.75000000	0.00000011	-0.00000004
64.80000000	0.00000009	-0.00000000
64.85000000	0.00000007	0.00000011
64.90000000	0.00000003	-0.00000005
64.95000000	-0.00000001	0.00000014
65.00000000	-0.00000000	0.00000004
65.05000000	-0.00000008	0.00000002
65.10000000	-0.00000011	0.00000010
65.15000000	-0.00000005	0.00000013
65.20000000	-0.00000023	-0.00000006
65.25000000	-0.00000012	0.00000009
65.30000000	-0.00000022	-0.00000001
65.35000000	-0.00000020	0.00000004
65.40000000	-0.00000024	-0.00000005
65.45000000	-0.00000013	0.00000006
65.50000000	-0.00000008	0.00000006
65.55000000	0.00000005	0.00000000
65.60000000	0.00000018	0.00000010
65.65000000	0.00000015	0.00000005
65.70000000	0.00000014	-0.00000013
65.75000000	0.00000028	0.00000001
65.80000000	0.00000035	0.00000003
65.85000000	0.00000042	-0.00000001
65.90000000	0.00000046	-0.00000004
65.95000000	0.00000035	0.00000003
66.00000000	0.00000036	-0.00000002
66.05000000	0.00000042	0.00000002
66.10000000	0.00000030	-0.00000000
66.15000000	0.00000035	0.00000005
66.20000000	0.00000009	0.00000002
66.25000000	0.00000010	0.00000005
66.30000000	0.00000012	0.00000008
66.35000000	-0.00000006	0.00000002
66.40000000	-0.00000017	0.00000004
66.45000000	-0.00000007	0.00000002
66.50000000	-0.00000016	0.00000001
66.55000000	-0.00000020	0.00000000
66.60000000	-0.00000033	-0.00000006
66.65000000	-0.00000028	-0.00000001
66.70000000	-0.00000014	0.00000003
66.75000000	-0.00000012	0.00000001
66.80000000	-0.00000006	-0.00000004
66.85000000	-0.00000002	-0.00000001
66.90000000	0.00000011	-0.00000001
66.95000000	-0.00000010	-0.00000001
67.00000000	0.00000002	-0.00000004
67.05000000	0.00000009	-0.00000005
67.10000000	-0.00000004	0.00000001
67.15000000	-0.00000011	-0.00000007
67.20000000	-0.00000019	-0.00000002
67.25000000	-0.00000012	0.00000002
67.30000000	0.00000008	-0.00000002
67.35000000	-0.00000006	-0.00000003
67.40000000	0.00000025	-0.00000005
67.45000000	0.00000001	-0.00000004
67.50000000	-0.00000004	0.00000006
67.55000000	0.00000004	-0.00000003
67.60000000	0.00000009	-0.00000006
67.65000000	-0.00000001	-0.00000002
67.70000000	0.00000000	-0.00000001
67.75000000	-0.00000007	-0.00000004
67.80000000	-0.00000007	-0.00000001
67.85000000	-0.00000012	-0.00000003
67.90000000	-0.00000010	-0.00000000
67.95000000	-0.00000010	-0.00000003
68.00000000	-0.00000006	-0.00000002
68.05000000	-0.00000004	-0.00000003
68.10000000	-0.00000009	0.00000006
68.15000000	0.00000006	-0.00000004
68.20000000	0.00000013	-0.00000003
68.25000000	0.00000007	0.00000005
68.30000000	0.00000011	-0.00000001
68.35000000	0.00000021	-0.00000000
68.40000000	0.00000009	0.00000003
68.45000000	0.00000030	-0.00000001
68.50000000	0.00000031	-0.00000006
68.55000000	0.00000019	0.00000003
68.60000000	0.00000025	0.00000000
68.65000000	0.00000022	-0.00000001
68.70000000	0.00000013	0.00000003
68.75000000	0.00000011	-0.00000004
68.80000000	-0.00000008	0.00000015
68.85000000	-0.00000004	-0.00000003
68.90000000	-0.00000013	0.00000007
68.95000000	-0.00000005	0.00000001
69.00000000	-0.00000011	0.00000008
69.05000000	-0.00000004	0.00000001
69.10000000	0.00000000	0.00000001
69.15000000	-0.00000000	0.00000005
69.20000000	0.00000007	-0.00000003
69.25000000	0.00000011	0.00000003
69.30000000	0.00000019	0.00000004
69.35000000	0.00000017	-0.00000001
69.40000000	0.00000020	0.00000011
69.45000000	0.00000021	0.00000004
69.50000000	0.00000021	0.00000009
69.55000000	0.00000017	0.00000004
69.60000000	0.00000026	0.00000007
69.65000000	0.00000014	-0.00000002
69.70000000	0.00000006	0.00000017
69.75000000	0.00000008	0.00000011
69.80000000	0.00000006	-0.00000005
69.85000000	-0.00000002	0.00000006
69.90000000	-0.00000008	-0.00000001
69.95000000	-0.00000009	-0.00000009
70.00000000	-0.00000017	-0.00000017
70.05000000	-0.00000025	0.00000006
70.10000000	-0.00000030	0.00000004
70.15000000	-0.00000021	0.00000001
70.20000000	-0.00000027	0.00000000
70.25000000	-0.00000023	0.00000003
70.30000000	-0.00000016	0.00000011
70.35000000	-0.00000012	-0.00000006
70.40000000	-0.00000010	-0.00000006
70.45000000	-0.00000007	0.00000016
70.50000000	-0.00000007	-0.00000001
70.55000000	-0.00000002	-0.00000003
70.60000000	-0.00000001	0.00000003
70.65000000	-0.00000002	-0.00000007
70.70000000	0.00000002	-0.00000015
70.75000000	0.00000006	0.00000005
70.80000000	0.00000012	0.00000000
70.85000000	0.00000007	-0.00000005
70.90000000	0.00000018	0.00000011
70.95000000	0.00000018	0.00000011
71.00000000	0.00000013	0.00000012
71.05000000	0.00000005	-0.00000001
71.10000000	0.00000017	0.00000019
71.15000000	0.00000016	0.00000017
71.20000000	0.00000002	-0.00000013
71.25000000	0.00000003	-0.00000001
71.30000000	-0.00000003	-0.00000004
71.35000000	-0.00000009	-0.00000002
71.40000000	-0.00000005	0.00000002
71.45000000	-0.00000011	-0.00000005
71.50000000	-0.00000013	-0.00000002
71.55000000	-0.00000015	-0.00000013
71.60000000	-0.00000010	0.00000004
71.65000000	-0.00000011	-0.00000002
71.70000000	-0.00000002	0.00000002
71.75000000	-0.00000006	-0.00000012
71.80000000	0.00000005	-0.00000000
71.85000000	0.00000014	-0.00000006
71.90000000	0.00000015	0.00000004
71.95000000	0.00000028	0.00000015
72.00000000	0.00000026	0.00000004
72.05000000	0.00000031	0.00000008
72.10000000	0.00000024	-0.00000000
72.15000000	0.00000025	0.00000002
72.20000000	0.00000023	-0.00000005
72.25000000	0.00000018	-0.00000001
72.30000000	0.00000008	-0.00000004
72.35000000	-0.00000000	0.00000002
72.40000000	-0.00000001	-0.00000004
72.45000000	-0.00000003	-0.00000003
72.50000000	-0.00000001	0.00000004
72.55000000	-0.00000002	0.00000001
72.60000000	-0.00000000	-0.00000001
72.65000000	0.00000014	0.00000006
72.70000000	-0.00000006	-0.00000002
72.75000000	-0.00000010	0.00000002
72.80000000	-0.00000004	-0.00000001
72.85000000	-0.00000008	-0.00000007
72.90000000	-0.00000007	0.00000002
72.95000000	0.00000003	0.00000005
73.00000000	-0.00000006	-0.00000004
73.05000000	0.00000010	0.00000003
73.10000000	-0.00000006	0.00000001
73.15000000	-0.00000006	0.00000000
73.20000000	-0.00000001	-0.00000003
73.25000000	0.00000022	0.00000007
73.30000000	0.00000005	-0.00000004
73.35000000	0.00000008	-0.00000003
73.40000000	0.00000006	-0.00000004
73.45000000	0.00000014	-0.00000002
73.50000000	-0.00000001	0.00000007
73.55000000	-0.00000003	0.00000003
73.60000000	0.00000002	-0.00000002
73.65000000	0.00000006	-0.00000004
73.70000000	-0.00000013	0.00000003
73.75000000	-0.00000008	-0.00000007
73.80000000	0.00000002	0.00000001
73.85000000	-0.00000001	0.00000003
73.90000000	-0.00000015	0.00000003
73.95000000	-0.00000017	0.00000001
74.00000000	-0.00000014	0.00000003
74.05000000	-0.00000005	-0.00000002
74.10000000	-0.00000016	0.00000001
74.15000000	0.00000003	0.00000001
74.20000000	-0.00000003	0.00000001
74.25000000	-0.00000001	0.00000001
74.30000000	0.00000009	-0.00000001
74.35000000	0.00000007	0.00000003
74.40000000	0.00000001	0.00000007
74.45000000	0.00000013	0.00000003
74.50000000	0.00000015	0.00000000
74.55000000	0.00000013	0.00000001
74.60000000	-0.00000001	0.00000004
74.65000000	0.00000022	0.00000000
74.70000000	0.00000008	0.00000004
74.75000000	0.00000011	0.00000004
74.80000000	0.00000018	0.00000003
74.85000000	0.00000016	-0.00000002
74.90000000	0.00000009	0.00000004
74.95000000	0.00000012	-0.00000002
75.00000000	-0.00000001	0.00000004
75.05000000	0.00000020	-0.00000009
75.10000000	-0.00000012	0.00000007
75.15000000	-0.00000015	0.00000002
75.20000000	-0.00000016	0.00000003
75.25000000	-0.00000007	-0.00000008
75.30000000	0.00000001	-0.00000007
75.35000000	-0.00000006	0.00000002
75.40000000	0.00000003	-0.00000002
75.45000000	-0.00000001	-0.00000002
75.50000000	0.00000002	-0.00000001
75.55000000	0.00000008	-0.00000001
75.60000000	0.00000021	-0.00000006
75.65000000	0.00000019	-0.00000003
75.70000000	0.00000018	0.00000006
75.75000000	0.00000018	0.00000000
75.80000000	0.00000024	0.00000002
75.85000000	0.00000009	0.00000010
75.90000000	0.00000025	-0.00000011
75.95000000	0.00000009	0.00000002
76.00000000	0.00000014	-0.00000018
76.05000000	-0.00000009	0.00000007
76.10000000	-0.00000006	-0.00000003
76.15000000	0.00000001	-0.00000009
76.20000000	-0.00000006	-0.00000012
76.25000000	-0.00000004	-0.00000007
76.30000000	-0.00000018	-0.00000001
76.35000000	-0.00000012	-0.00000011
76.40000000	-0.00000013	0.00000000
76.45000000	-0.00000016	-0.00000005
76.50000000	-0.00000011	-0.00000003
76.55000000	-0.00000013	-0.00000003
76.60000000	-0.00000002	-0.00000009
76.65000000	-0.00000013	0.00000008
76.70000000	-0.00000008	-0.00000012
76.75000000	-0.00000001	-0.00000002
76.80000000	0.00000003	0.00000007
76.85000000	-0.00000001	0.00000005
76.90000000	0.00000003	0.00000004
76.95000000	0.00000006	-0.00000002
77.00000000	0.00000000	0.00000002
77.05000000	0.00000006	-0.00000004
77.10000000	0.00000004	-0.00000006
77.15000000	0.00000003	0.00000014
77.20000000	0.00000010	0.00000012
77.25000000	0.00000010	-0.00000008
77.30000000	0.00000004	0.00000002
77.35000000	0.00000006	0.00000008
77.40000000	0.00000003	0.00000001
77.45000000	0.00000006	-0.00000002
77.50000000	0.00000004	-0.00000003
77.55000000	0.00000001	0.00000009
77.60000000	0.00000003	0.00000007
77.65000000	0.00000010	0.00000010
77.70000000	0.00000009	-0.00000004
77.75000000	0.00000014	-0.00000006
77.80000000	0.00000010	0.00000002
77.85000000	0.00000008	0.00000007
77.90000000	0.00000009	0.00000014
77.95000000	0.00000005	-0.00000002
78.00000000	0.00000010	0.00000009
78.05000000	0.00000013	0.00000009
78.10000000	0.00000011	-0.00000005
78.15000000	0.00000010	0.00000005
78.20000000	0.00000003	-0.00000007
78.25000000	0.00000000	-0.00000005
78.30000000	0.00000003	0.00000003
78.35000000	0.00000008	0.00000002
78.40000000	0.00000005	0.00000008
78.45000000	0.00000005	-0.00000003
78.50000000	0.00000007	-0.00000001
78.55000000	0.00000001	-0.00000008
78.60000000	0.00000012	0.00000001
78.65000000	0.00000006	0.00000000
78.70000000	0.00000011	0.00000010
78.75000000	0.00000009	0.00000004
78.80000000	-0.00000004	-0.00000005
78.85000000	-0.00000016	-0.00000013
78.90000000	-0.00000006	0.00000001
78.95000000	-0.00000008	-0.00000006
79.00000000	-0.00000008	-0.00000004
79.05000000	-0.00000007	0.00000004
79.10000000	-0.00000013	0.00000004
79.15000000	-0.00000007	-0.00000002
79.20000000	-0.00000025	-0.00000011
79.25000000	-0.00000007	-0.00000001
79.30000000	0.00000005	0.00000001
79.35000000	0.00000004	0.00000001
79.40000000	-0.00000005	-0.00000005
79.45000000	-0.00000003	-0.00000004
79.50000000	0.00000002	-0.00000004
79.55000000	0.00000005	0.00000001
79.60000000	0.00000009	0.00000002
79.65000000	0.00000015	0.00000003
79.70000000	-0.00000001	-0.00000001
79.75000000	0.00000001	0.00000002
79.80000000	0.00000003	-0.00000004
79.85000000	0.00000002	-0.00000002
79.90000000	0.00000013	0.00000005
79.95000000	-0.00000007	-0.00000005
80.00000000	0.00000010	0.00000000
