-5.000000000000000000e+00 -7.694000000000001212e-06
-4.950000000000000178e+00 -6.786000000000000758e-06
-4.900000000000000355e+00 -5.421999999999999926e-06
-4.849999999999999645e+00 -3.524000000000000057e-06
-4.799999999999999822e+00 -1.306000000000000074e-06
-4.750000000000000000e+00 1.252000000000000041e-06
-4.700000000000000178e+00 3.624000000000000370e-06
-4.650000000000000355e+00 5.650000000000000115e-06
-4.599999999999999645e+00 7.315999999999999919e-06
-4.549999999999999822e+00 8.408000000000001491e-06
-4.500000000000000000e+00 9.011999999999999435e-06
-4.450000000000000178e+00 8.976000000000000119e-06
-4.400000000000000355e+00 8.422000000000000002e-06
-4.349999999999999645e+00 7.257999999999999796e-06
-4.299999999999999822e+00 5.898000000000000959e-06
-4.250000000000000000e+00 4.101999999999999859e-06
-4.200000000000000178e+00 2.078000000000000264e-06
-4.150000000000000355e+00 -1.100000000000000056e-07
-4.099999999999999645e+00 -2.386000000000000110e-06
-4.049999999999999822e+00 -4.401999999999999528e-06
-4.000000000000000000e+00 -5.997999999999999155e-06
-3.950000000000000178e+00 -7.148000000000000003e-06
-3.899999999999999911e+00 -7.629999999999999792e-06
-3.850000000000000089e+00 -7.682000000000000311e-06
-3.799999999999999822e+00 -7.113999999999999989e-06
-3.750000000000000000e+00 -5.901999999999999566e-06
-3.700000000000000178e+00 -4.455999999999999349e-06
-3.649999999999999911e+00 -2.659999999999999943e-06
-3.600000000000000089e+00 -4.680000000000000085e-07
-3.549999999999999822e+00 1.690000000000000125e-06
-3.500000000000000000e+00 3.712000000000000205e-06
-3.450000000000000178e+00 5.341999999999998998e-06
-3.399999999999999911e+00 6.524000000000000556e-06
-3.350000000000000089e+00 7.413999999999998811e-06
-3.299999999999999822e+00 7.778000000000000747e-06
-3.250000000000000000e+00 7.412000000000000355e-06
-3.200000000000000178e+00 6.511999999999999654e-06
-3.149999999999999911e+00 5.214000000000000393e-06
-3.100000000000000089e+00 3.575999999999999728e-06
-3.049999999999999822e+00 1.826000000000000178e-06
-3.000000000000000000e+00 3.199999999999999538e-08
-2.950000000000000178e+00 -1.831999999999999993e-06
-2.899999999999999911e+00 -3.304000000000000045e-06
-2.850000000000000089e+00 -4.541999999999999881e-06
-2.799999999999999822e+00 -5.506000000000000308e-06
-2.750000000000000000e+00 -6.004000000000000453e-06
-2.700000000000000178e+00 -6.038000000000000466e-06
-2.649999999999999911e+00 -5.818000000000000031e-06
-2.600000000000000089e+00 -5.066000000000000285e-06
-2.549999999999999822e+00 -4.009999999999999723e-06
-2.500000000000000000e+00 -2.771999999999999887e-06
-2.450000000000000178e+00 -1.258000000000000068e-06
-2.399999999999999911e+00 2.059999999999999653e-07
-2.350000000000000089e+00 1.753999999999999851e-06
-2.299999999999999822e+00 3.253999999999999677e-06
-2.250000000000000000e+00 4.567999999999999294e-06
-2.200000000000000178e+00 5.591999999999999146e-06
-2.149999999999999911e+00 6.083999999999999687e-06
-2.100000000000000089e+00 6.197999999999999781e-06
-2.049999999999999822e+00 5.976000000000000043e-06
-2.000000000000000000e+00 5.290000000000000174e-06
-1.949999999999999956e+00 4.252000000000000117e-06
-1.899999999999999911e+00 2.992000000000000322e-06
-1.850000000000000089e+00 1.549999999999999983e-06
-1.800000000000000044e+00 -5.999999999999995824e-09
-1.750000000000000000e+00 -1.379999999999999916e-06
-1.699999999999999956e+00 -2.727999999999999970e-06
-1.649999999999999911e+00 -3.878000000000000818e-06
-1.600000000000000089e+00 -4.287999999999999433e-06
-1.550000000000000044e+00 -4.776000000000000521e-06
-1.500000000000000000e+00 -4.755999999999999865e-06
-1.449999999999999956e+00 -4.468000000000000251e-06
-1.399999999999999911e+00 -3.831999999999999903e-06
-1.350000000000000089e+00 -2.817999999999999955e-06
-1.300000000000000044e+00 -1.768000000000000056e-06
-1.250000000000000000e+00 -4.920000000000000116e-07
-1.199999999999999956e+00 9.059999999999999865e-07
-1.149999999999999911e+00 2.191999999999999935e-06
-1.100000000000000089e+00 3.155999999999999514e-06
-1.050000000000000044e+00 4.181999999999999940e-06
-1.000000000000000000e+00 4.930000000000000232e-06
-9.499999999999999556e-01 5.429999999999999680e-06
-9.000000000000000222e-01 5.684000000000000128e-06
-8.499999999999999778e-01 5.572000000000000184e-06
-8.000000000000000444e-01 5.049999999999999083e-06
-7.500000000000000000e-01 4.348000000000000553e-06
-6.999999999999999556e-01 3.221999999999999814e-06
-6.500000000000000222e-01 1.839999999999999959e-06
-5.999999999999999778e-01 2.900000000000000292e-07
-5.500000000000000444e-01 -1.330000000000000183e-06
-5.000000000000000000e-01 -2.814000000000000078e-06
-4.500000000000000111e-01 -4.051999999999999491e-06
-4.000000000000000222e-01 -4.923999999999999781e-06
-3.499999999999999778e-01 -5.396000000000000514e-06
-2.999999999999999889e-01 -5.708000000000000237e-06
-2.500000000000000000e-01 -5.392000000000000213e-06
-2.000000000000000111e-01 -4.721999999999999852e-06
-1.499999999999999944e-01 -3.871999999999999520e-06
-1.000000000000000056e-01 -2.670000000000000271e-06
-5.000000000000000278e-02 -1.331999999999999910e-06
0.000000000000000000e+00 2.600000000000000121e-08
5.000000000000000278e-02 1.459999999999999997e-06
1.000000000000000056e-01 2.864000000000000446e-06
1.499999999999999944e-01 4.060000000000000092e-06
2.000000000000000111e-01 5.238000000000000502e-06
2.500000000000000000e-01 5.787999999999999471e-06
2.999999999999999889e-01 6.193999999999999480e-06
3.499999999999999778e-01 6.091999999999999441e-06
4.000000000000000222e-01 5.701999999999999786e-06
4.500000000000000111e-01 4.887999999999999618e-06
5.000000000000000000e-01 3.812000000000000094e-06
5.500000000000000444e-01 2.456000000000000287e-06
5.999999999999999778e-01 1.024000000000000064e-06
6.500000000000000222e-01 -6.760000000000000711e-07
6.999999999999999556e-01 -2.195999999999999812e-06
7.500000000000000000e-01 -3.412000000000000536e-06
8.000000000000000444e-01 -4.506000000000000565e-06
8.499999999999999778e-01 -5.198000000000000038e-06
9.000000000000000222e-01 -5.397999999999999817e-06
9.499999999999999556e-01 -5.290000000000000174e-06
1.000000000000000000e+00 -4.978000000000000450e-06
1.050000000000000044e+00 -4.138000000000000022e-06
1.100000000000000089e+00 -3.090000000000000061e-06
1.149999999999999911e+00 -1.875999999999999911e-06
1.199999999999999956e+00 -5.120000000000000319e-07
1.250000000000000000e+00 1.050000000000000111e-06
1.300000000000000044e+00 2.511999999999999836e-06
1.350000000000000089e+00 3.762000000000000150e-06
1.399999999999999911e+00 4.848000000000000001e-06
1.449999999999999956e+00 5.507999999999999611e-06
1.500000000000000000e+00 5.764000000000000209e-06
1.550000000000000044e+00 5.746000000000000551e-06
1.600000000000000089e+00 5.399999999999999967e-06
1.649999999999999911e+00 4.640000000000000468e-06
1.699999999999999956e+00 3.816000000000000395e-06
1.750000000000000000e+00 2.643999999999999588e-06
1.800000000000000044e+00 1.457999999999999847e-06
1.850000000000000089e+00 1.079999999999999877e-07
1.899999999999999911e+00 -1.131999999999999919e-06
1.949999999999999956e+00 -2.394000000000000288e-06
2.000000000000000000e+00 -3.289999999999999841e-06
2.049999999999999822e+00 -4.065999999999999695e-06
2.100000000000000089e+00 -4.595999999999999703e-06
2.149999999999999911e+00 -4.647999999999999375e-06
2.200000000000000178e+00 -4.441999999999999992e-06
2.250000000000000000e+00 -3.868000000000000066e-06
2.299999999999999822e+00 -3.172000000000000293e-06
2.350000000000000089e+00 -2.079999999999999991e-06
2.399999999999999911e+00 -9.079999999999999250e-07
2.450000000000000178e+00 2.280000000000000299e-07
2.500000000000000000e+00 1.421999999999999895e-06
2.549999999999999822e+00 2.619999999999999903e-06
2.600000000000000089e+00 3.632000000000000547e-06
2.649999999999999911e+00 4.493999999999999663e-06
2.700000000000000178e+00 5.057999999999999684e-06
2.750000000000000000e+00 5.328000000000000487e-06
2.799999999999999822e+00 5.449999999999999489e-06
2.850000000000000089e+00 4.984000000000000054e-06
2.899999999999999911e+00 4.091999999999999955e-06
2.950000000000000178e+00 3.138000000000000279e-06
3.000000000000000000e+00 1.963999999999999746e-06
3.049999999999999822e+00 6.740000000000000267e-07
3.100000000000000089e+00 -6.719999999999999823e-07
3.149999999999999911e+00 -1.986000000000000128e-06
3.200000000000000178e+00 -3.165999999999999842e-06
3.250000000000000000e+00 -4.193999999999999147e-06
3.299999999999999822e+00 -4.871999999999999263e-06
3.350000000000000089e+00 -5.339999999999999695e-06
3.399999999999999911e+00 -5.308000000000000679e-06
3.450000000000000178e+00 -4.867999999999999809e-06
3.500000000000000000e+00 -4.198000000000000295e-06
3.549999999999999822e+00 -3.316000000000000100e-06
3.600000000000000089e+00 -1.981999999999999828e-06
3.649999999999999911e+00 -5.699999999999999424e-07
3.700000000000000178e+00 8.440000000000000931e-07
3.750000000000000000e+00 2.200000000000000112e-06
3.799999999999999822e+00 3.557999999999999646e-06
3.850000000000000089e+00 4.771999999999999373e-06
3.899999999999999911e+00 5.545999999999999078e-06
3.950000000000000178e+00 6.126000000000000301e-06
4.000000000000000000e+00 6.240000000000001242e-06
4.049999999999999822e+00 5.930000000000000822e-06
4.099999999999999645e+00 5.372000000000000405e-06
4.150000000000000355e+00 4.155999999999999681e-06
4.200000000000000178e+00 2.805999999999999901e-06
4.250000000000000000e+00 1.317999999999999917e-06
4.299999999999999822e+00 -4.019999999999999733e-07
4.349999999999999645e+00 -1.839999999999999959e-06
4.400000000000000355e+00 -3.282000000000000087e-06
4.450000000000000178e+00 -4.424000000000000333e-06
4.500000000000000000e+00 -5.275999999999999969e-06
4.549999999999999822e+00 -5.650000000000000115e-06
4.599999999999999645e+00 -5.632000000000000457e-06
4.650000000000000355e+00 -4.930000000000000232e-06
4.700000000000000178e+00 -3.722000000000000109e-06
4.750000000000000000e+00 -2.117999999999999881e-06
4.799999999999999822e+00 -4.020000000000000263e-07
4.849999999999999645e+00 1.503999999999999915e-06
4.900000000000000355e+00 3.141999999999999309e-06
4.950000000000000178e+00 4.507999999999999868e-06
5.000000000000000000e+00 5.560000000000000130e-06
