-5.000000000000000000e+00 5.067500000000000186e-06
-4.950000000000000178e+00 5.359999999999999503e-06
-4.900000000000000355e+00 5.499999999999999857e-06
-4.849999999999999645e+00 5.502500000000000257e-06
-4.799999999999999822e+00 5.357500000000000798e-06
-4.750000000000000000e+00 5.089999999999999547e-06
-4.700000000000000178e+00 4.672499999999999733e-06
-4.650000000000000355e+00 4.069999999999999996e-06
-4.599999999999999645e+00 3.369999999999999922e-06
-4.549999999999999822e+00 2.507500000000000133e-06
-4.500000000000000000e+00 1.542500000000000055e-06
-4.450000000000000178e+00 5.099999999999999875e-07
-4.400000000000000355e+00 -5.475000000000000520e-07
-4.349999999999999645e+00 -1.542500000000000055e-06
-4.299999999999999822e+00 -2.472500000000000044e-06
-4.250000000000000000e+00 -3.280000000000000360e-06
-4.200000000000000178e+00 -3.957499999999999802e-06
-4.150000000000000355e+00 -4.375000000000000464e-06
-4.099999999999999645e+00 -4.740000000000000357e-06
-4.049999999999999822e+00 -4.857500000000000503e-06
-4.000000000000000000e+00 -4.912499999999999976e-06
-3.950000000000000178e+00 -4.852499999999999704e-06
-3.899999999999999911e+00 -4.705000000000000692e-06
-3.850000000000000089e+00 -4.412500000000000528e-06
-3.799999999999999822e+00 -4.132499999999999821e-06
-3.750000000000000000e+00 -3.715000000000000007e-06
-3.700000000000000178e+00 -3.224999999999999616e-06
-3.649999999999999911e+00 -2.679999999999999752e-06
-3.600000000000000089e+00 -1.977499999999999701e-06
-3.549999999999999822e+00 -1.170000000000000021e-06
-3.500000000000000000e+00 -3.124999999999999726e-07
-3.450000000000000178e+00 6.649999999999999858e-07
-3.399999999999999911e+00 1.624999999999999900e-06
-3.350000000000000089e+00 2.612500000000000398e-06
-3.299999999999999822e+00 3.437499999999999699e-06
-3.250000000000000000e+00 4.174999999999999838e-06
-3.200000000000000178e+00 4.794999999999999831e-06
-3.149999999999999911e+00 5.254999999999999662e-06
-3.100000000000000089e+00 5.597499999999999347e-06
-3.049999999999999822e+00 5.797499999999999973e-06
-3.000000000000000000e+00 5.857500000000000246e-06
-2.950000000000000178e+00 5.835000000000000038e-06
-2.899999999999999911e+00 5.642500000000000610e-06
-2.850000000000000089e+00 5.372500000000000654e-06
-2.799999999999999822e+00 4.940000000000000136e-06
-2.750000000000000000e+00 4.349999999999999856e-06
-2.700000000000000178e+00 3.687500000000000270e-06
-2.649999999999999911e+00 2.827500000000000034e-06
-2.600000000000000089e+00 1.867500000000000119e-06
-2.549999999999999822e+00 8.325000000000000761e-07
-2.500000000000000000e+00 -2.425000000000000076e-07
-2.450000000000000178e+00 -1.232500000000000058e-06
-2.399999999999999911e+00 -2.142500000000000239e-06
-2.350000000000000089e+00 -3.019999999999999885e-06
-2.299999999999999822e+00 -3.810000000000000368e-06
-2.250000000000000000e+00 -4.397499999999999825e-06
-2.200000000000000178e+00 -4.827499999999999943e-06
-2.149999999999999911e+00 -5.110000000000000203e-06
-2.100000000000000089e+00 -5.292500000000000573e-06
-2.049999999999999822e+00 -5.280000000000000269e-06
-2.000000000000000000e+00 -5.159999999999999724e-06
-1.949999999999999956e+00 -4.917499999999999928e-06
-1.899999999999999911e+00 -4.587499999999999700e-06
-1.850000000000000089e+00 -4.145000000000000125e-06
-1.800000000000000044e+00 -3.642500000000000277e-06
-1.750000000000000000e+00 -3.024999999999999837e-06
-1.699999999999999956e+00 -2.349999999999999947e-06
-1.649999999999999911e+00 -1.584999999999999859e-06
-1.600000000000000089e+00 -7.324999999999999748e-07
-1.550000000000000044e+00 2.224999999999999873e-07
-1.500000000000000000e+00 1.170000000000000233e-06
-1.449999999999999956e+00 2.174999999999999928e-06
-1.399999999999999911e+00 3.157499999999999839e-06
-1.350000000000000089e+00 3.994999999999999867e-06
-1.300000000000000044e+00 4.727500000000000053e-06
-1.250000000000000000e+00 5.270000000000000365e-06
-1.199999999999999956e+00 5.654999999999999220e-06
-1.149999999999999911e+00 5.842500000000000389e-06
-1.100000000000000089e+00 5.885000000000000406e-06
-1.050000000000000044e+00 5.727500000000000643e-06
-1.000000000000000000e+00 5.535000000000000369e-06
-9.499999999999999556e-01 5.227499999999999501e-06
-9.000000000000000222e-01 4.854999999999999256e-06
-8.499999999999999778e-01 4.337499999999999552e-06
-8.000000000000000444e-01 3.807499999999999968e-06
-7.500000000000000000e-01 3.189999999999999951e-06
-6.999999999999999556e-01 2.397500000000000339e-06
-6.500000000000000222e-01 1.597500000000000163e-06
-5.999999999999999778e-01 6.924999999999999343e-07
-5.500000000000000444e-01 -2.774999999999999901e-07
-5.000000000000000000e-01 -1.235000000000000034e-06
-4.500000000000000111e-01 -2.179999999999999880e-06
-4.000000000000000222e-01 -3.052499999999999997e-06
-3.499999999999999778e-01 -3.829999999999999753e-06
-2.999999999999999889e-01 -4.429999999999999937e-06
-2.500000000000000000e-01 -4.917499999999999928e-06
-2.000000000000000111e-01 -5.139999999999999916e-06
-1.499999999999999944e-01 -5.264999999999999566e-06
-1.000000000000000056e-01 -5.272499999999999918e-06
-5.000000000000000278e-02 -5.107499999999999803e-06
0.000000000000000000e+00 -4.805000000000000582e-06
5.000000000000000278e-02 -4.462500000000000897e-06
1.000000000000000056e-01 -3.899999999999999929e-06
1.499999999999999944e-01 -3.337500000000000233e-06
2.000000000000000111e-01 -2.662499999999999919e-06
2.500000000000000000e-01 -1.889999999999999904e-06
2.999999999999999889e-01 -1.029999999999999879e-06
3.499999999999999778e-01 -1.950000000000000124e-07
4.000000000000000222e-01 7.575000000000000531e-07
4.500000000000000111e-01 1.734999999999999906e-06
5.000000000000000000e-01 2.672499999999999823e-06
5.500000000000000444e-01 3.515000000000000227e-06
5.999999999999999778e-01 4.397499999999999825e-06
6.500000000000000222e-01 5.047500000000000378e-06
6.999999999999999556e-01 5.525000000000000465e-06
7.500000000000000000e-01 5.867499999999999303e-06
8.000000000000000444e-01 5.974999999999999544e-06
8.499999999999999778e-01 5.939999999999999879e-06
9.000000000000000222e-01 5.682499999999999380e-06
9.499999999999999556e-01 5.350000000000000446e-06
1.000000000000000000e+00 4.842499999999999799e-06
1.050000000000000044e+00 4.325000000000000095e-06
1.100000000000000089e+00 3.695000000000000198e-06
1.149999999999999911e+00 3.070000000000000253e-06
1.199999999999999956e+00 2.329999999999999715e-06
1.250000000000000000e+00 1.582499999999999883e-06
1.300000000000000044e+00 7.275000000000000227e-07
1.350000000000000089e+00 -1.600000000000000033e-07
1.399999999999999911e+00 -1.007499999999999883e-06
1.449999999999999956e+00 -1.895000000000000068e-06
1.500000000000000000e+00 -2.735000000000000072e-06
1.550000000000000044e+00 -3.477500000000000163e-06
1.600000000000000089e+00 -4.082500000000000300e-06
1.649999999999999911e+00 -4.635000000000000516e-06
1.699999999999999956e+00 -4.952499999999999593e-06
1.750000000000000000e+00 -5.137499999999999516e-06
1.800000000000000044e+00 -5.152500000000000219e-06
1.850000000000000089e+00 -4.982500000000000153e-06
1.899999999999999911e+00 -4.699999999999999893e-06
1.949999999999999956e+00 -4.272500000000000175e-06
2.000000000000000000e+00 -3.755000000000000047e-06
2.049999999999999822e+00 -3.209999999999999759e-06
2.100000000000000089e+00 -2.657499999999999967e-06
2.149999999999999911e+00 -1.954999999999999917e-06
2.200000000000000178e+00 -1.239999999999999986e-06
2.250000000000000000e+00 -4.824999999999999332e-07
2.299999999999999822e+00 3.674999999999999754e-07
2.350000000000000089e+00 1.207499999999999874e-06
2.399999999999999911e+00 2.110000000000000127e-06
2.450000000000000178e+00 2.859999999999999722e-06
2.500000000000000000e+00 3.697500000000000174e-06
2.549999999999999822e+00 4.407499999999999729e-06
2.600000000000000089e+00 4.954999999999999993e-06
2.649999999999999911e+00 5.392499999999999616e-06
2.700000000000000178e+00 5.652500000000000514e-06
2.750000000000000000e+00 5.812499999999999830e-06
2.799999999999999822e+00 5.712499999999999940e-06
2.850000000000000089e+00 5.475000000000000096e-06
2.899999999999999911e+00 5.072500000000000138e-06
2.950000000000000178e+00 4.570000000000000291e-06
3.000000000000000000e+00 3.962499999999999755e-06
3.049999999999999822e+00 3.287499999999999864e-06
3.100000000000000089e+00 2.545000000000000197e-06
3.149999999999999911e+00 1.792499999999999990e-06
3.200000000000000178e+00 9.749999999999999823e-07
3.250000000000000000e+00 1.350000000000000045e-07
3.299999999999999822e+00 -6.925000000000000401e-07
3.350000000000000089e+00 -1.510000000000000154e-06
3.399999999999999911e+00 -2.325000000000000186e-06
3.450000000000000178e+00 -3.115000000000000245e-06
3.500000000000000000e+00 -3.780000000000000231e-06
3.549999999999999822e+00 -4.325000000000000095e-06
3.600000000000000089e+00 -4.779999999999999974e-06
3.649999999999999911e+00 -5.087499999999999995e-06
3.700000000000000178e+00 -5.134999999999999964e-06
3.750000000000000000e+00 -5.054999999999999882e-06
3.799999999999999822e+00 -4.842499999999999799e-06
3.850000000000000089e+00 -4.475000000000000353e-06
3.899999999999999911e+00 -4.022500000000000027e-06
3.950000000000000178e+00 -3.425000000000000242e-06
4.000000000000000000e+00 -2.757499999999999857e-06
4.049999999999999822e+00 -2.042500000000000350e-06
4.099999999999999645e+00 -1.300000000000000047e-06
4.150000000000000355e+00 -5.075000000000000114e-07
4.200000000000000178e+00 3.125000000000000256e-07
4.250000000000000000e+00 1.097500000000000080e-06
4.299999999999999822e+00 1.967500000000000221e-06
4.349999999999999645e+00 2.750000000000000352e-06
4.400000000000000355e+00 3.572500000000000100e-06
4.450000000000000178e+00 4.290000000000000431e-06
4.500000000000000000e+00 4.934999999999999337e-06
4.549999999999999822e+00 5.470000000000000144e-06
4.599999999999999645e+00 5.739999999999999253e-06
4.650000000000000355e+00 6.002499999999999705e-06
4.700000000000000178e+00 5.952500000000000183e-06
4.750000000000000000e+00 5.745000000000000052e-06
4.799999999999999822e+00 5.392499999999999616e-06
4.849999999999999645e+00 4.882500000000000263e-06
4.900000000000000355e+00 4.240000000000000062e-06
4.950000000000000178e+00 3.567500000000000148e-06
5.000000000000000000e+00 2.792499999999999945e-06
