-5.999999999999999778e-01 7.119999999999999170e-07
-5.500000000000000444e-01 1.289999999999999931e-06
-5.000000000000000000e-01 1.635999999999999879e-06
-4.500000000000000111e-01 1.760000000000000090e-06
-4.000000000000000222e-01 1.707999999999999995e-06
-3.499999999999999778e-01 1.480000000000000018e-06
-2.999999999999999889e-01 1.191999999999999768e-06
-2.500000000000000000e-01 6.659999999999998492e-07
-2.000000000000000111e-01 1.720000000000000049e-07
-1.499999999999999944e-01 -5.179999999999999533e-07
-1.000000000000000056e-01 -1.114000000000000049e-06
-5.000000000000000278e-02 -1.713999999999999810e-06
0.000000000000000000e+00 -2.250000000000000057e-06
5.000000000000000278e-02 -2.698000000000000257e-06
1.000000000000000056e-01 -3.016000000000000008e-06
1.499999999999999944e-01 -3.085999999999999761e-06
2.000000000000000111e-01 -2.922000000000000145e-06
2.500000000000000000e-01 -2.492000000000000027e-06
2.999999999999999889e-01 -1.831999999999999993e-06
3.499999999999999778e-01 -1.003999999999999832e-06
4.000000000000000222e-01 -1.040000000000000048e-07
4.500000000000000111e-01 8.579999999999998744e-07
5.000000000000000000e-01 1.771999999999999933e-06
5.500000000000000444e-01 2.464000000000000041e-06
5.999999999999999778e-01 3.056000000000000048e-06
