-5.000000000000000000e+00 3.499999999999999577e-08
-4.950000000000000178e+00 1.375000000000000070e-07
-4.900000000000000355e+00 1.449999999999999881e-07
-4.849999999999999645e+00 1.774999999999999946e-07
-4.799999999999999822e+00 1.924999999999999833e-07
-4.750000000000000000e+00 1.350000000000000045e-07
-4.700000000000000178e+00 2.249999999999999633e-08
-4.650000000000000355e+00 -4.750000000000000182e-08
-4.599999999999999645e+00 -8.749999999999999604e-08
-4.549999999999999822e+00 -4.499999999999999929e-08
-4.500000000000000000e+00 8.000000000000000167e-08
-4.450000000000000178e+00 2.975000000000000104e-07
-4.400000000000000355e+00 6.749999999999998900e-07
-4.349999999999999645e+00 1.080000000000000036e-06
-4.299999999999999822e+00 1.555000000000000147e-06
-4.250000000000000000e+00 1.920000000000000252e-06
-4.200000000000000178e+00 2.312499999999999882e-06
-4.150000000000000355e+00 2.487499999999999901e-06
-4.099999999999999645e+00 2.537499999999999845e-06
-4.049999999999999822e+00 2.467500000000000092e-06
-4.000000000000000000e+00 2.152500000000000143e-06
-3.950000000000000178e+00 1.760000000000000090e-06
-3.899999999999999911e+00 1.179999999999999925e-06
-3.850000000000000089e+00 5.474999999999999461e-07
-3.799999999999999822e+00 -2.399999999999999786e-07
-3.750000000000000000e+00 -1.094999999999999892e-06
-3.700000000000000178e+00 -1.870000000000000095e-06
-3.649999999999999911e+00 -2.630000000000000230e-06
-3.600000000000000089e+00 -3.272500000000000008e-06
-3.549999999999999822e+00 -3.727499999999999887e-06
-3.500000000000000000e+00 -3.892500000000000425e-06
-3.450000000000000178e+00 -3.812500000000000344e-06
-3.399999999999999911e+00 -3.407499999999999986e-06
-3.350000000000000089e+00 -2.787499999999999993e-06
-3.299999999999999822e+00 -1.987500000000000029e-06
-3.250000000000000000e+00 -9.299999999999999897e-07
-3.200000000000000178e+00 1.774999999999999946e-07
-3.149999999999999911e+00 1.379999999999999916e-06
-3.100000000000000089e+00 2.527499999999999941e-06
-3.049999999999999822e+00 3.704999999999999679e-06
-3.000000000000000000e+00 4.689999999999999989e-06
-2.950000000000000178e+00 5.434999999999999632e-06
-2.899999999999999911e+00 5.912499999999999719e-06
-2.850000000000000089e+00 6.064999999999999530e-06
-2.799999999999999822e+00 5.787500000000000069e-06
-2.750000000000000000e+00 5.280000000000000269e-06
-2.700000000000000178e+00 4.197500000000000046e-06
-2.649999999999999911e+00 2.949999999999999708e-06
-2.600000000000000089e+00 1.407500000000000077e-06
-2.549999999999999822e+00 -2.724999999999999850e-07
-2.500000000000000000e+00 -1.855000000000000027e-06
-2.450000000000000178e+00 -3.300000000000000168e-06
-2.399999999999999911e+00 -4.362499999999999313e-06
-2.350000000000000089e+00 -5.162500000000000124e-06
-2.299999999999999822e+00 -5.557499999999999730e-06
-2.250000000000000000e+00 -5.547499999999999826e-06
-2.200000000000000178e+00 -5.177499999999999980e-06
-2.149999999999999911e+00 -4.495000000000000162e-06
-2.100000000000000089e+00 -3.485000000000000091e-06
-2.049999999999999822e+00 -2.255000000000000009e-06
-2.000000000000000000e+00 -9.300000000000000956e-07
-1.949999999999999956e+00 5.275000000000000317e-07
-1.899999999999999911e+00 1.954999999999999917e-06
-1.850000000000000089e+00 3.347499999999999714e-06
-1.800000000000000044e+00 4.444999999999999794e-06
-1.750000000000000000e+00 5.227500000000000348e-06
-1.699999999999999956e+00 5.614999999999999603e-06
-1.649999999999999911e+00 5.640000000000000211e-06
-1.600000000000000089e+00 5.229999999999999901e-06
-1.550000000000000044e+00 4.459999999999999650e-06
-1.500000000000000000e+00 3.450000000000000003e-06
-1.449999999999999956e+00 2.162500000000000048e-06
-1.399999999999999911e+00 8.299999999999999942e-07
-1.350000000000000089e+00 -6.075000000000000069e-07
-1.300000000000000044e+00 -1.895000000000000068e-06
-1.250000000000000000e+00 -2.992500000000000148e-06
-1.199999999999999956e+00 -3.830000000000000600e-06
-1.149999999999999911e+00 -4.310000000000000239e-06
-1.100000000000000089e+00 -4.497499999999999714e-06
-1.050000000000000044e+00 -4.232499999999999711e-06
-1.000000000000000000e+00 -3.607500000000000189e-06
-9.499999999999999556e-01 -2.672500000000000247e-06
-9.000000000000000222e-01 -1.590000000000000023e-06
-8.499999999999999778e-01 -4.099999999999999920e-07
-8.000000000000000444e-01 8.475000000000000384e-07
-7.500000000000000000e-01 1.999999999999999909e-06
-6.999999999999999556e-01 2.987499999999999772e-06
-6.500000000000000222e-01 3.767499999999999927e-06
-5.999999999999999778e-01 4.277500000000000127e-06
-5.500000000000000444e-01 4.557499999999999987e-06
-5.000000000000000000e-01 4.495000000000000162e-06
-4.500000000000000111e-01 4.207499999999999950e-06
-4.000000000000000222e-01 3.649999999999999782e-06
-3.499999999999999778e-01 2.909999999999999667e-06
-2.999999999999999889e-01 2.007500000000000261e-06
-2.500000000000000000e-01 9.900000000000000505e-07
-2.000000000000000111e-01 -3.749999999999999830e-08
-1.499999999999999944e-01 -1.075000000000000084e-06
-1.000000000000000056e-01 -2.054999999999999806e-06
-5.000000000000000278e-02 -2.867499999999999651e-06
0.000000000000000000e+00 -3.334999999999999833e-06
5.000000000000000278e-02 -3.644999999999999830e-06
1.000000000000000056e-01 -3.587499999999999957e-06
1.499999999999999944e-01 -3.260000000000000128e-06
2.000000000000000111e-01 -2.697500000000000008e-06
2.500000000000000000e-01 -1.935000000000000108e-06
2.999999999999999889e-01 -9.900000000000000505e-07
3.499999999999999778e-01 2.499999999999999887e-08
4.000000000000000222e-01 1.032500000000000067e-06
4.500000000000000111e-01 1.979999999999999677e-06
5.000000000000000000e-01 2.719999999999999792e-06
5.500000000000000444e-01 3.320000000000000400e-06
5.999999999999999778e-01 3.697500000000000174e-06
6.500000000000000222e-01 3.830000000000000600e-06
6.999999999999999556e-01 3.700000000000000150e-06
7.500000000000000000e-01 3.352500000000000089e-06
8.000000000000000444e-01 2.812499999999999754e-06
8.499999999999999778e-01 2.084999999999999943e-06
9.000000000000000222e-01 1.252500000000000078e-06
9.499999999999999556e-01 3.549999999999999892e-07
1.000000000000000000e+00 -5.149999999999999396e-07
1.050000000000000044e+00 -1.295000000000000095e-06
1.100000000000000089e+00 -2.010000000000000237e-06
1.149999999999999911e+00 -2.639999999999999711e-06
1.199999999999999956e+00 -2.892499999999999835e-06
1.250000000000000000e+00 -3.117500000000000222e-06
1.300000000000000044e+00 -3.105000000000000341e-06
1.350000000000000089e+00 -2.879999999999999954e-06
1.399999999999999911e+00 -2.542499999999999798e-06
1.449999999999999956e+00 -1.922500000000000228e-06
1.500000000000000000e+00 -1.134999999999999933e-06
1.550000000000000044e+00 -1.949999999999999859e-07
1.600000000000000089e+00 7.974999999999999877e-07
1.649999999999999911e+00 1.857500000000000003e-06
1.699999999999999956e+00 2.780000000000000065e-06
1.750000000000000000e+00 3.459999999999999907e-06
1.800000000000000044e+00 3.950000000000000298e-06
1.850000000000000089e+00 4.190000000000000541e-06
1.899999999999999911e+00 4.157499999999999582e-06
1.949999999999999956e+00 3.860000000000000312e-06
2.000000000000000000e+00 3.342500000000000185e-06
2.049999999999999822e+00 2.659999999999999943e-06
2.100000000000000089e+00 1.814999999999999987e-06
2.149999999999999911e+00 9.199999999999999795e-07
2.200000000000000178e+00 5.249999999999998704e-08
2.250000000000000000e+00 -8.449999999999999565e-07
2.299999999999999822e+00 -1.689999999999999913e-06
2.350000000000000089e+00 -2.427500000000000052e-06
2.399999999999999911e+00 -2.922499999999999971e-06
2.450000000000000178e+00 -3.214999999999999712e-06
2.500000000000000000e+00 -3.350000000000000113e-06
2.549999999999999822e+00 -3.160000000000000238e-06
2.600000000000000089e+00 -2.877499999999999978e-06
2.649999999999999911e+00 -2.239999999999999729e-06
2.700000000000000178e+00 -1.522500000000000246e-06
2.750000000000000000e+00 -6.050000000000000309e-07
2.799999999999999822e+00 3.574999999999999653e-07
2.850000000000000089e+00 1.355000000000000156e-06
2.899999999999999911e+00 2.304999999999999954e-06
2.950000000000000178e+00 3.022499999999999861e-06
3.000000000000000000e+00 3.594999999999999885e-06
3.049999999999999822e+00 3.902500000000000329e-06
3.100000000000000089e+00 3.952499999999999850e-06
3.149999999999999911e+00 3.832499999999999305e-06
3.200000000000000178e+00 3.419999999999999866e-06
3.250000000000000000e+00 2.882499999999999930e-06
3.299999999999999822e+00 2.154999999999999696e-06
3.350000000000000089e+00 1.379999999999999916e-06
3.399999999999999911e+00 4.874999999999999912e-07
3.450000000000000178e+00 -4.575000000000000137e-07
3.500000000000000000e+00 -1.345000000000000040e-06
3.549999999999999822e+00 -2.169999999999999552e-06
3.600000000000000089e+00 -2.740000000000000024e-06
3.649999999999999911e+00 -3.130000000000000102e-06
3.700000000000000178e+00 -3.214999999999999712e-06
3.750000000000000000e+00 -3.042500000000000093e-06
3.799999999999999822e+00 -2.764999999999999785e-06
3.850000000000000089e+00 -2.224999999999999873e-06
3.899999999999999911e+00 -1.632500000000000040e-06
3.950000000000000178e+00 -8.575000000000000485e-07
4.000000000000000000e+00 -1.749999999999999788e-08
4.049999999999999822e+00 7.574999999999999472e-07
4.099999999999999645e+00 1.527499999999999775e-06
4.150000000000000355e+00 2.222500000000000320e-06
4.200000000000000178e+00 2.725000000000000168e-06
4.250000000000000000e+00 3.155000000000000286e-06
4.299999999999999822e+00 3.322499999999999953e-06
4.349999999999999645e+00 3.414999999999999914e-06
4.400000000000000355e+00 3.172500000000000118e-06
4.450000000000000178e+00 2.799999999999999873e-06
4.500000000000000000e+00 2.219999999999999921e-06
4.549999999999999822e+00 1.537500000000000102e-06
4.599999999999999645e+00 8.950000000000000071e-07
4.650000000000000355e+00 1.100000000000000056e-07
4.700000000000000178e+00 -5.549999999999999802e-07
4.750000000000000000e+00 -1.165000000000000069e-06
4.799999999999999822e+00 -1.722500000000000025e-06
4.849999999999999645e+00 -2.174999999999999928e-06
4.900000000000000355e+00 -2.440000000000000355e-06
4.950000000000000178e+00 -2.587500000000000214e-06
5.000000000000000000e+00 -2.465000000000000116e-06
