-5.00000000	0.00031448	-0.00000501
-4.95000000	0.00040627	-0.00000620
-4.90000000	0.00046778	-0.00000405
-4.85000000	0.00050044	-0.00000334
-4.80000000	0.00050879	-0.00000238
-4.75000000	0.00049401	0.00000072
-4.70000000	0.00045181	0.00000501
-4.65000000	0.00038242	0.00000405
-4.60000000	0.00029326	0.00000525
-4.55000000	0.00019431	0.00000620
-4.50000000	0.00007796	0.00000763
-4.45000000	-0.00003696	0.00000763
-4.40000000	-0.00014758	0.00000715
-4.35000000	-0.00025106	0.00000644
-4.30000000	-0.00033927	0.00000501
-4.25000000	-0.00041270	0.00000334
-4.20000000	-0.00046516	0.00000119
-4.15000000	-0.00049615	-0.00000072
-4.10000000	-0.00050235	-0.00000286
-4.05000000	-0.00048304	-0.00000453
-4.00000000	-0.00043988	-0.00000668
-3.95000000	-0.00037670	-0.00000834
-3.90000000	-0.00029874	-0.00000787
-3.85000000	-0.00020266	-0.00000834
-3.80000000	-0.00010753	-0.00000787
-3.75000000	-0.00000596	-0.00000668
-3.70000000	0.00008678	-0.00000429
-3.65000000	0.00017476	-0.00000286
-3.60000000	0.00025559	-0.00000048
-3.55000000	0.00031495	0.00000143
-3.50000000	0.00035930	0.00000286
-3.45000000	0.00038576	0.00000763
-3.40000000	0.00039244	0.00000882
-3.35000000	0.00038028	0.00001025
-3.30000000	0.00034762	0.00000978
-3.25000000	0.00029564	0.00000882
-3.20000000	0.00023079	0.00000811
-3.15000000	0.00015712	0.00000763
-3.10000000	0.00008154	0.00000644
-3.05000000	0.00000930	0.00000429
-3.00000000	-0.00005746	0.00000095
-2.95000000	-0.00011706	-0.00000167
-2.90000000	-0.00016666	-0.00000525
-2.85000000	-0.00020266	-0.00000715
-2.80000000	-0.00023031	-0.00000930
-2.75000000	-0.00024581	-0.00000978
-2.70000000	-0.00024367	-0.00001240
-2.65000000	-0.00023222	-0.00001168
-2.60000000	-0.00020814	-0.00001097
-2.55000000	-0.00016809	-0.00001168
-2.50000000	-0.00013781	-0.00000858
-2.45000000	-0.00010061	-0.00000596
-2.40000000	-0.00006342	-0.00000167
-2.35000000	-0.00002337	0.00000143
-2.30000000	0.00001097	0.00000215
-2.25000000	0.00004077	0.00000596
-2.20000000	0.00006342	0.00001025
-2.15000000	0.00008059	0.00001049
-2.10000000	0.00009537	0.00001287
-2.05000000	0.00009966	0.00001264
-2.00000000	0.00008631	0.00001597
-1.95000000	0.00008512	0.00001216
-1.90000000	0.00007153	0.00000930
-1.85000000	0.00006127	0.00000644
-1.80000000	0.00004077	0.00000572
-1.75000000	0.00002027	0.00000310
-1.70000000	0.00000334	-0.00000286
-1.65000000	-0.00001240	-0.00000501
-1.60000000	-0.00002813	-0.00000739
-1.55000000	-0.00003672	-0.00001049
-1.50000000	-0.00004435	-0.00001097
-1.45000000	-0.00004220	-0.00001121
-1.40000000	-0.00003839	-0.00001168
-1.35000000	-0.00002217	-0.00001287
-1.30000000	-0.00002337	-0.00000906
-1.25000000	-0.00000834	-0.00000882
-1.20000000	0.00000668	-0.00000715
-1.15000000	0.00001860	-0.00000310
-1.10000000	0.00002885	0.00000143
-1.05000000	0.00003672	0.00000191
-1.00000000	0.00003982	0.00000763
-0.95000000	0.00003815	0.00000811
-0.90000000	0.00003910	0.00000954
-0.85000000	0.00003862	0.00001240
-0.80000000	0.00003266	0.00001287
-0.75000000	0.00003195	0.00000978
-0.70000000	0.00002098	0.00001025
-0.65000000	0.00000715	0.00000787
-0.60000000	-0.00000429	0.00000715
-0.55000000	-0.00001693	0.00000381
-0.50000000	-0.00002909	-0.00000024
-0.45000000	-0.00003719	-0.00000286
-0.40000000	-0.00004745	-0.00000572
-0.35000000	-0.00005221	-0.00000644
-0.30000000	-0.00005412	-0.00000930
-0.25000000	-0.00005317	-0.00001168
-0.20000000	-0.00005436	-0.00001216
-0.15000000	-0.00005794	-0.00001168
-0.10000000	-0.00004840	-0.00001001
-0.05000000	-0.00004220	-0.00000834
0.00000000	-0.00003195	-0.00000548
0.05000000	-0.00002599	-0.00000429
0.10000000	-0.00001955	-0.00000143
0.15000000	-0.00001884	0.00000191
0.20000000	-0.00002003	0.00000525
0.25000000	-0.00002551	0.00000548
0.30000000	-0.00002861	0.00000811
0.35000000	-0.00003052	0.00000906
0.40000000	-0.00003052	0.00000763
0.45000000	-0.00002670	0.00000954
0.50000000	-0.00001979	0.00000882
0.55000000	-0.00000787	0.00000477
0.60000000	0.00000763	0.00000429
0.65000000	0.00002480	0.00000358
0.70000000	0.00005198	0.00000048
0.75000000	0.00007939	-0.00000215
0.80000000	0.00010991	-0.00000525
0.85000000	0.00013280	-0.00000477
0.90000000	0.00015307	-0.00000787
0.95000000	0.00016117	-0.00000739
1.00000000	0.00015712	-0.00000882
1.05000000	0.00014734	-0.00000834
1.10000000	0.00012159	-0.00000882
1.15000000	0.00009084	-0.00000548
1.20000000	0.00005555	-0.00000334
1.25000000	0.00001287	0.00000143
1.30000000	-0.00003052	0.00000143
1.35000000	-0.00007987	0.00000262
1.40000000	-0.00012922	0.00000691
1.45000000	-0.00017858	0.00000787
1.50000000	-0.00021386	0.00000882
1.55000000	-0.00024653	0.00000906
1.60000000	-0.00026035	0.00001025
1.65000000	-0.00026560	0.00000930
1.70000000	-0.00024152	0.00000715
1.75000000	-0.00020933	0.00000381
1.80000000	-0.00016236	0.00000334
1.85000000	-0.00011516	0.00000143
1.90000000	-0.00005317	-0.00000334
1.95000000	0.00000834	-0.00000620
2.00000000	0.00006747	-0.00000811
2.05000000	0.00011969	-0.00001073
2.10000000	0.00017643	-0.00001168
2.15000000	0.00021339	-0.00001240
2.20000000	0.00023747	-0.00001121
2.25000000	0.00025130	-0.00000954
2.30000000	0.00024247	-0.00000787
2.35000000	0.00022125	-0.00000572
2.40000000	0.00018287	-0.00000119
2.45000000	0.00013781	0.00000167
2.50000000	0.00007677	0.00000358
2.55000000	0.00001574	0.00000715
2.60000000	-0.00004697	0.00001049
2.65000000	-0.00010967	0.00001025
2.70000000	-0.00015688	0.00001216
2.75000000	-0.00019884	0.00001168
2.80000000	-0.00021672	0.00001144
2.85000000	-0.00022578	0.00001097
2.90000000	-0.00021815	0.00000882
2.95000000	-0.00019646	0.00000715
3.00000000	-0.00016093	0.00000215
3.05000000	-0.00011849	-0.00000143
3.10000000	-0.00006771	-0.00000525
3.15000000	-0.00001192	-0.00000715
3.20000000	0.00004601	-0.00000954
3.25000000	0.00009847	-0.00001168
3.30000000	0.00015450	-0.00001240
3.35000000	0.00019717	-0.00001574
3.40000000	0.00022626	-0.00001454
3.45000000	0.00023627	-0.00001168
3.50000000	0.00023580	-0.00000930
3.55000000	0.00021291	-0.00000739
3.60000000	0.00018024	-0.00000381
3.65000000	0.00013471	0.00000048
3.70000000	0.00008559	0.00000477
3.75000000	0.00002956	0.00000715
3.80000000	-0.00002313	0.00000858
3.85000000	-0.00008321	0.00001240
3.90000000	-0.00013280	0.00001311
3.95000000	-0.00018334	0.00001335
4.00000000	-0.00021649	0.00001264
4.05000000	-0.00024867	0.00001073
4.10000000	-0.00025749	0.00000763
4.15000000	-0.00026274	0.00000548
4.20000000	-0.00024915	-0.00000024
4.25000000	-0.00022793	-0.00000143
4.30000000	-0.00019002	-0.00000334
4.35000000	-0.00014615	-0.00000691
4.40000000	-0.00009418	-0.00000834
4.45000000	-0.00003004	-0.00001073
4.50000000	0.00002480	-0.00001216
4.55000000	0.00008297	-0.00001168
4.60000000	0.00013375	-0.00001097
4.65000000	0.00017834	-0.00000715
4.70000000	0.00022173	-0.00000787
4.75000000	0.00024486	-0.00000286
4.80000000	0.00026393	-0.00000072
4.85000000	0.00027108	0.00000238
4.90000000	0.00026179	0.00000334
4.95000000	0.00023794	0.00000811
5.00000000	0.00021362	0.00000930
