-5.000000000000000000e+00 4.668951916651102538e-06
-4.950000000000000178e+00 5.187335732338904549e-06
-4.900000000000000355e+00 5.357935423276393885e-06
-4.849999999999999645e+00 5.441248753732914553e-06
-4.799999999999999822e+00 5.409287198883045790e-06
-4.750000000000000000e+00 5.235234474214120385e-06
-4.700000000000000178e+00 4.928796201913809868e-06
-4.650000000000000355e+00 4.490922845028624876e-06
-4.599999999999999645e+00 3.872911049843514759e-06
-4.549999999999999822e+00 3.101548645435050559e-06
-4.500000000000000000e+00 2.216022563062028481e-06
-4.450000000000000178e+00 1.202001663892359256e-06
-4.400000000000000355e+00 1.920937271229854667e-07
-4.349999999999999645e+00 -8.579277358845558676e-07
-4.299999999999999822e+00 -1.933222180712812069e-06
-4.250000000000000000e+00 -2.857050927092480438e-06
-4.200000000000000178e+00 -3.575052447167733550e-06
-4.150000000000000355e+00 -4.103377145717901888e-06
-4.099999999999999645e+00 -4.583827658191350050e-06
-4.049999999999999822e+00 -4.835378371958082253e-06
-4.000000000000000000e+00 -4.914568139724995054e-06
-3.950000000000000178e+00 -4.935935980135885375e-06
-3.899999999999999911e+00 -4.821393989293967252e-06
-3.850000000000000089e+00 -4.690255856560492469e-06
-3.799999999999999822e+00 -4.416967738166082712e-06
-3.750000000000000000e+00 -4.064626428098895922e-06
-3.700000000000000178e+00 -3.591655328675067056e-06
-3.649999999999999911e+00 -3.155539256608924150e-06
-3.600000000000000089e+00 -2.560878755427519157e-06
-3.549999999999999822e+00 -1.828626807197138125e-06
-3.500000000000000000e+00 -1.036455498321080841e-06
-3.450000000000000178e+00 -9.372299611087985230e-08
-3.399999999999999911e+00 9.390804012436845904e-07
-3.350000000000000089e+00 1.898341381311591205e-06
-3.299999999999999822e+00 2.756087807019217580e-06
-3.250000000000000000e+00 3.594805697113544868e-06
-3.200000000000000178e+00 4.350064367339866983e-06
-3.149999999999999911e+00 4.923005586021611898e-06
-3.100000000000000089e+00 5.312409999237633940e-06
-3.049999999999999822e+00 5.592289334431831237e-06
-3.000000000000000000e+00 5.747764782939538886e-06
-2.950000000000000178e+00 5.787319932403944443e-06
-2.899999999999999911e+00 5.717292366146759395e-06
-2.850000000000000089e+00 5.539191276711790963e-06
-2.799999999999999822e+00 5.208480776579672840e-06
-2.750000000000000000e+00 4.733421595421223508e-06
-2.700000000000000178e+00 4.181376328435411356e-06
-2.649999999999999911e+00 3.406257770633338625e-06
-2.600000000000000089e+00 2.520578505026177883e-06
-2.549999999999999822e+00 1.562677189953190562e-06
-2.500000000000000000e+00 5.085666131393210407e-07
-2.450000000000000178e+00 -5.656854249492380625e-07
-2.399999999999999911e+00 -1.464289588845048170e-06
-2.350000000000000089e+00 -2.470318198127520846e-06
-2.299999999999999822e+00 -3.334035992607157751e-06
-2.250000000000000000e+00 -4.029600972801153471e-06
-2.200000000000000178e+00 -4.636961936440711898e-06
-2.149999999999999911e+00 -5.016622369682614219e-06
-2.100000000000000089e+00 -5.305425524875455036e-06
-2.049999999999999822e+00 -5.363301968004411673e-06
-2.000000000000000000e+00 -5.323256522092468012e-06
-1.949999999999999956e+00 -5.195618538730494743e-06
-1.899999999999999911e+00 -4.877042136377334140e-06
-1.850000000000000089e+00 -4.498015562445288060e-06
-1.800000000000000044e+00 -4.027890763166250187e-06
-1.750000000000000000e+00 -3.532299534297735729e-06
-1.699999999999999956e+00 -2.875972878870730972e-06
-1.649999999999999911e+00 -2.229232154801289504e-06
-1.600000000000000089e+00 -1.446989979232751993e-06
-1.550000000000000044e+00 -5.067859508707794364e-07
-1.500000000000000000e+00 4.028399185780873270e-07
-1.449999999999999956e+00 1.454067398713003199e-06
-1.399999999999999911e+00 2.454159734002658401e-06
-1.350000000000000089e+00 3.395914015401450503e-06
-1.300000000000000044e+00 4.232588333396008085e-06
-1.250000000000000000e+00 4.844728681773624551e-06
-1.199999999999999956e+00 5.357160815207995697e-06
-1.149999999999999911e+00 5.719038030997871620e-06
-1.100000000000000089e+00 5.840769812276460776e-06
-1.050000000000000044e+00 5.833105519361020169e-06
-1.000000000000000000e+00 5.648361532338382675e-06
-9.499999999999999556e-01 5.447557250731744862e-06
-9.000000000000000222e-01 5.105274135636596021e-06
-8.499999999999999778e-01 4.687011841248109762e-06
-8.000000000000000444e-01 4.192271937744497733e-06
-7.500000000000000000e-01 3.597046010270093678e-06
-6.999999999999999556e-01 2.910004810992586628e-06
-6.500000000000000222e-01 2.126135461347653719e-06
-5.999999999999999778e-01 1.300124609412497913e-06
-5.500000000000000444e-01 3.559999999999999585e-07
-5.000000000000000000e-01 -6.280127387243032756e-07
-4.500000000000000111e-01 -1.618963866181083026e-06
-4.000000000000000222e-01 -2.549673704613984778e-06
-3.499999999999999778e-01 -3.390934974310182653e-06
-2.999999999999999889e-01 -4.142842019676830593e-06
-2.500000000000000000e-01 -4.736289264814808312e-06
-2.000000000000000111e-01 -5.091084363865914558e-06
-1.499999999999999944e-01 -5.321002161247446347e-06
-1.000000000000000056e-01 -5.393262834314678839e-06
-5.000000000000000278e-02 -5.224374412310052432e-06
0.000000000000000000e+00 -5.099431340845761141e-06
5.000000000000000278e-02 -4.780090794116781748e-06
1.000000000000000056e-01 -4.384690639030307850e-06
1.499999999999999944e-01 -3.810210492873064290e-06
2.000000000000000111e-01 -3.144623983881061860e-06
2.500000000000000000e-01 -2.492948455143025748e-06
2.999999999999999889e-01 -1.594656075773080158e-06
3.499999999999999778e-01 -8.159068574292043916e-07
4.000000000000000222e-01 1.164989270336856034e-07
4.500000000000000111e-01 1.052273728646686424e-06
5.000000000000000000e-01 2.010526299255993539e-06
5.500000000000000444e-01 2.948442978929726504e-06
5.999999999999999778e-01 3.827524003843737274e-06
6.500000000000000222e-01 4.626499756835614147e-06
6.999999999999999556e-01 5.240129769385487144e-06
7.500000000000000000e-01 5.637283033518894053e-06
8.000000000000000444e-01 5.978899564301108516e-06
8.499999999999999778e-01 5.986732664818097147e-06
9.000000000000000222e-01 5.875337266914980841e-06
9.499999999999999556e-01 5.575733135651311013e-06
1.000000000000000000e+00 5.167066866221106012e-06
1.050000000000000044e+00 4.675389609433635186e-06
1.100000000000000089e+00 4.075464145345902045e-06
1.149999999999999911e+00 3.491490226250103695e-06
1.199999999999999956e+00 2.802446074414278418e-06
1.250000000000000000e+00 2.054117815511077540e-06
1.300000000000000044e+00 1.278306692464683791e-06
1.350000000000000089e+00 4.479999999999999353e-07
1.399999999999999911e+00 -4.604693257970610538e-07
1.449999999999999956e+00 -1.348148359788343346e-06
1.500000000000000000e+00 -2.193138390526233558e-06
1.550000000000000044e+00 -3.032995219251095435e-06
1.600000000000000089e+00 -3.754104420497650622e-06
1.649999999999999911e+00 -4.346519067023633533e-06
1.699999999999999956e+00 -4.837879287456436218e-06
1.750000000000000000e+00 -5.098141229899383713e-06
1.800000000000000044e+00 -5.234666369502453505e-06
1.850000000000000089e+00 -5.171694113150931213e-06
1.899999999999999911e+00 -4.939862751129833214e-06
1.949999999999999956e+00 -4.601141162798637620e-06
2.000000000000000000e+00 -4.180727687855309104e-06
2.049999999999999822e+00 -3.690342531527391796e-06
2.100000000000000089e+00 -3.118525292506059127e-06
2.149999999999999911e+00 -2.485285496678399761e-06
2.200000000000000178e+00 -1.816546173374076416e-06
2.250000000000000000e+00 -1.072158570361679191e-06
2.299999999999999822e+00 -2.707323401442834411e-07
2.350000000000000089e+00 5.632832324861091611e-07
2.399999999999999911e+00 1.434139463232219867e-06
2.450000000000000178e+00 2.272148762735398541e-06
2.500000000000000000e+00 3.075317219410055753e-06
2.549999999999999822e+00 3.879993814428059027e-06
2.600000000000000089e+00 4.559398205903932462e-06
2.649999999999999911e+00 5.113384006702411216e-06
2.700000000000000178e+00 5.458647817912417805e-06
2.750000000000000000e+00 5.749180115459942194e-06
2.799999999999999822e+00 5.830903875043731592e-06
2.850000000000000089e+00 5.733338992245269199e-06
2.899999999999999911e+00 5.356356970927161895e-06
2.950000000000000178e+00 4.902499770525237380e-06
3.000000000000000000e+00 4.350518130062211620e-06
3.049999999999999822e+00 3.740850170749959078e-06
3.100000000000000089e+00 2.996771596234854422e-06
3.149999999999999911e+00 2.279404308147196644e-06
3.200000000000000178e+00 1.452166657102414022e-06
3.250000000000000000e+00 6.726693095422147828e-07
3.299999999999999822e+00 -1.979090700296476798e-07
3.350000000000000089e+00 -1.020686043796034267e-06
3.399999999999999911e+00 -1.890398899703446109e-06
3.450000000000000178e+00 -2.667089049881911891e-06
3.500000000000000000e+00 -3.391087731097501633e-06
3.549999999999999822e+00 -4.021777716383638405e-06
3.600000000000000089e+00 -4.605803730077954765e-06
3.649999999999999911e+00 -4.964453645669379594e-06
3.700000000000000178e+00 -5.198307416842524683e-06
3.750000000000000000e+00 -5.240940755246141643e-06
3.799999999999999822e+00 -5.100301559711935792e-06
3.850000000000000089e+00 -4.784436434941946497e-06
3.899999999999999911e+00 -4.390310239607219818e-06
3.950000000000000178e+00 -3.888342577500083461e-06
4.000000000000000000e+00 -3.205171446272414059e-06
4.049999999999999822e+00 -2.573489459857956702e-06
4.099999999999999645e+00 -1.842313762636538562e-06
4.150000000000000355e+00 -1.056609672490272104e-06
4.200000000000000178e+00 -2.513722339479840353e-07
4.250000000000000000e+00 5.659999999999999596e-07
4.299999999999999822e+00 1.380052172926806368e-06
4.349999999999999645e+00 2.199245325105864757e-06
4.400000000000000355e+00 2.973681892872874616e-06
4.450000000000000178e+00 3.756462697804943508e-06
4.500000000000000000e+00 4.432745875865207313e-06
4.549999999999999822e+00 5.039781741305867148e-06
4.599999999999999645e+00 5.535686768595202920e-06
4.650000000000000355e+00 5.828597773049706277e-06
4.700000000000000178e+00 5.923939229938132235e-06
4.750000000000000000e+00 5.853696609835532193e-06
4.799999999999999822e+00 5.653975946181589657e-06
4.849999999999999645e+00 5.194914821245868565e-06
4.900000000000000355e+00 4.680804204407614002e-06
4.950000000000000178e+00 4.008240511745771116e-06
5.000000000000000000e+00 3.277165238433973566e-06
